 Permeation events over simulation time.
 t(ns) Number of events
   0.00000000               0
   1.00000000               0
   2.00000000               0
   3.00000000               1
   4.00000000               3
   5.00000000               3
   6.00000000               3
   7.00000000               3
   8.00000000               3
   9.00000000               3
   10.0000000               3
   11.0000000               3
   12.0000000               4
   13.0000000               5
   14.0000000               5
   15.0000000               6
   16.0000000               6
   17.0000000               6
   18.0000000               6
   19.0000000               6
   20.0000000               6
   21.0000000               7
   22.0000000               9
   23.0000000              10
   24.0000000              10
   25.0000000              10
   26.0000000              10
   27.0000000              12
   28.0000000              14
   29.0000000              14
   30.0000000              15
   31.0000000              16
   32.0000000              16
   33.0000000              17
   34.0000000              18
   35.0000000              18
   36.0000000              18
   37.0000000              18
   38.0000000              18
   39.0000000              18
   40.0000000              18
   41.0000000              18
   42.0000000              18
   43.0000000              18
   44.0000000              19
   45.0000000              20
   46.0000000              20
   47.0000000              20
   48.0000000              21
   49.0000000              24
   50.0000000              26
   51.0000000              27
   52.0000000              29
   53.0000000              29
   54.0000000              29
   55.0000000              30
   56.0000000              30
   57.0000000              30
   58.0000000              30
   59.0000000              30
   60.0000000              30
   61.0000000              30
   62.0000000              30
   63.0000000              30
   64.0000000              30
   65.0000000              30
   66.0000000              30
   67.0000000              31
   68.0000000              31
   69.0000000              31
   70.0000000              31
   71.0000000              31
   72.0000000              32
   73.0000000              33
   74.0000000              33
   75.0000000              33
   76.0000000              33
   77.0000000              33
   78.0000000              33
   79.0000000              33
   80.0000000              33
   81.0000000              33
   82.0000000              33
   83.0000000              33
   84.0000000              33
   85.0000000              33
   86.0000000              33
   87.0000000              33
   88.0000000              33
   89.0000000              33
   90.0000000              33
   91.0000000              34
   92.0000000              35
   93.0000000              35
   94.0000000              35
   95.0000000              35
   96.0000000              35
   97.0000000              36
   98.0000000              37
   99.0000000              37
   100.000000              38
   101.000000              39
   102.000000              39
   103.000000              40
   104.000000              40
   105.000000              40
   106.000000              40
   107.000000              40
   108.000000              40
   109.000000              41
   110.000000              41
   111.000000              41
   112.000000              41
   113.000000              43
   114.000000              45
   115.000000              45
   116.000000              45
   117.000000              45
   118.000000              45
   119.000000              45
   120.000000              45
   121.000000              45
   122.000000              46
   123.000000              47
   124.000000              48
   125.000000              49
   126.000000              50
   127.000000              50
   128.000000              50
   129.000000              50
   130.000000              50
   131.000000              50
   132.000000              50
   133.000000              50
   134.000000              50
   135.000000              50
   136.000000              50
   137.000000              51
   138.000000              52
   139.000000              54
   140.000000              56
   141.000000              57
   142.000000              58
   143.000000              58
   144.000000              58
   145.000000              58
   146.000000              58
   147.000000              59
   148.000000              62
   149.000000              64
   150.000000              65
   151.000000              66
   152.000000              66
   153.000000              66
   154.000000              66
   155.000000              66
   156.000000              66
   157.000000              66
   158.000000              66
   159.000000              66
   160.000000              67
   161.000000              68
   162.000000              68
   163.000000              68
   164.000000              68
   165.000000              68
   166.000000              68
   167.000000              68
   168.000000              69
   169.000000              72
   170.000000              72
   171.000000              73
   172.000000              75
   173.000000              75
   174.000000              76
   175.000000              77
   176.000000              77
   177.000000              77
   178.000000              77
   179.000000              77
   180.000000              77
   181.000000              77
   182.000000              77
   183.000000              77
   184.000000              77
   185.000000              77
   186.000000              77
   187.000000              78
   188.000000              80
   189.000000              82
   190.000000              84
   191.000000              85
   192.000000              85
   193.000000              85
   194.000000              85
   195.000000              86
   196.000000              88
   197.000000              88
   198.000000              88
   199.000000              88
   200.000000              90
   201.000000              92
   202.000000              92
   203.000000              92
   204.000000              92
   205.000000              92
   206.000000              92
   207.000000              92
   208.000000              92
   209.000000              92
   210.000000              92
   211.000000              92
   212.000000              93
   213.000000              93
   214.000000              94
   215.000000              95
   216.000000              95
   217.000000              95
   218.000000              95
   219.000000              96
   220.000000              97
   221.000000              97
   222.000000              97
   223.000000              97
   224.000000              97
   225.000000              98
   226.000000              99
   227.000000             100
   228.000000             100
   229.000000             100
   230.000000             100
   231.000000             100
   232.000000             100
   233.000000             101
   234.000000             102
   235.000000             102
   236.000000             102
   237.000000             102
   238.000000             102
   239.000000             103
   240.000000             105
   241.000000             105
   242.000000             106
   243.000000             107
   244.000000             107
   245.000000             107
   246.000000             108
   247.000000             109
   248.000000             110
   249.000000             113
   250.000000             114
   251.000000             114
   252.000000             114
   253.000000             115
   254.000000             117
   255.000000             117
   256.000000             117
   257.000000             117
   258.000000             117
   259.000000             117
   260.000000             118
   261.000000             119
   262.000000             120
   263.000000             121
   264.000000             121
   265.000000             121
   266.000000             122
   267.000000             123
   268.000000             123
   269.000000             123
   270.000000             123
   271.000000             123
   272.000000             124
   273.000000             127
   274.000000             129
   275.000000             129
   276.000000             130
   277.000000             132
   278.000000             134
   279.000000             135
   280.000000             136
   281.000000             137
   282.000000             138
   283.000000             139
   284.000000             140
   285.000000             142
   286.000000             143
   287.000000             145
   288.000000             146
   289.000000             146
   290.000000             146
   291.000000             146
   292.000000             146
   293.000000             146
   294.000000             146
   295.000000             146
   296.000000             146
   297.000000             146
   298.000000             146
   299.000000             146
   300.000000             146
   301.000000             146
   302.000000             146
   303.000000             146
   304.000000             146
   305.000000             146
   306.000000             146
   307.000000             146
   308.000000             146
   309.000000             147
   310.000000             147
   311.000000             147
   312.000000             147
   313.000000             147
   314.000000             148
   315.000000             149
   316.000000             149
   317.000000             149
   318.000000             149
   319.000000             149
   320.000000             149
   321.000000             150
   322.000000             151
   323.000000             151
   324.000000             152
   325.000000             154
   326.000000             155
   327.000000             155
   328.000000             156
   329.000000             159
   330.000000             163
   331.000000             165
   332.000000             167
   333.000000             169
   334.000000             169
   335.000000             169
   336.000000             170
   337.000000             170
   338.000000             170
   339.000000             170
   340.000000             170
   341.000000             170
   342.000000             170
   343.000000             170
   344.000000             170
   345.000000             170
   346.000000             170
   347.000000             171
   348.000000             172
   349.000000             173
   350.000000             174
   351.000000             174
   352.000000             174
   353.000000             174
   354.000000             174
   355.000000             174
   356.000000             174
   357.000000             174
   358.000000             176
   359.000000             178
   360.000000             179
   361.000000             180
   362.000000             180
   363.000000             180
   364.000000             180
   365.000000             180
   366.000000             180
   367.000000             180
   368.000000             180
   369.000000             180
   370.000000             180
   371.000000             180
   372.000000             181
   373.000000             181
   374.000000             182
   375.000000             183
   376.000000             183
   377.000000             183
   378.000000             183
   379.000000             184
   380.000000             186
   381.000000             187
   382.000000             187
   383.000000             189
   384.000000             191
   385.000000             193
   386.000000             194
   387.000000             194
   388.000000             194
   389.000000             194
   390.000000             194
   391.000000             194
   392.000000             195
   393.000000             195
   394.000000             195
   395.000000             197
   396.000000             199
   397.000000             200
   398.000000             201
   399.000000             201
   400.000000             201
   401.000000             201
   402.000000             201
   403.000000             201
   404.000000             201
   405.000000             201
   406.000000             201
   407.000000             201
   408.000000             201
   409.000000             201
   410.000000             201
   411.000000             202
   412.000000             204
   413.000000             205
   414.000000             205
   415.000000             206
   416.000000             207
   417.000000             207
   418.000000             208
   419.000000             209
   420.000000             210
   421.000000             210
   422.000000             211
   423.000000             212
   424.000000             213
   425.000000             214
   426.000000             214
   427.000000             214
   428.000000             216
   429.000000             218
   430.000000             218
   431.000000             218
   432.000000             218
   433.000000             218
   434.000000             218
   435.000000             218
   436.000000             219
   437.000000             220
   438.000000             221
   439.000000             221
   440.000000             222
   441.000000             225
   442.000000             226
   443.000000             226
   444.000000             226
   445.000000             226
   446.000000             226
   447.000000             228
   448.000000             230
   449.000000             231
   450.000000             231
   451.000000             233
   452.000000             234
   453.000000             235
   454.000000             237
   455.000000             239
   456.000000             240
   457.000000             241
   458.000000             242
   459.000000             243
   460.000000             244
   461.000000             244
   462.000000             244
   463.000000             244
   464.000000             244
   465.000000             244
   466.000000             244
   467.000000             244
   468.000000             245
   469.000000             246
   470.000000             246
   471.000000             246
   472.000000             247
   473.000000             248
   474.000000             249
   475.000000             249
   476.000000             249
   477.000000             249
   478.000000             249
   479.000000             249
   480.000000             249
   481.000000             249
   482.000000             249
   483.000000             250
   484.000000             251
   485.000000             251
   486.000000             251
   487.000000             251
   488.000000             251
   489.000000             252
   490.000000             253
   491.000000             253
   492.000000             254
   493.000000             255
   494.000000             255
   495.000000             256
   496.000000             257
   497.000000             258
   498.000000             258
   499.000000             259
   500.000000             260
   501.000000             260
   502.000000             260
   503.000000             260
   504.000000             261
   505.000000             263
   506.000000             265
   507.000000             265
   508.000000             265
   509.000000             265
   510.000000             266
   511.000000             266
   512.000000             267
   513.000000             268
   514.000000             269
   515.000000             271
   516.000000             272
   517.000000             272
   518.000000             272
   519.000000             272
   520.000000             272
   521.000000             272
   522.000000             272
   523.000000             273
   524.000000             273
   525.000000             273
   526.000000             273
   527.000000             273
   528.000000             273
   529.000000             274
   530.000000             274
   531.000000             274
   532.000000             274
   533.000000             274
   534.000000             274
   535.000000             274
   536.000000             275
   537.000000             276
   538.000000             276
   539.000000             277
   540.000000             278
   541.000000             278
   542.000000             279
   543.000000             279
   544.000000             279
   545.000000             279
   546.000000             279
   547.000000             279
   548.000000             279
   549.000000             281
   550.000000             284
   551.000000             285
   552.000000             285
   553.000000             285
   554.000000             285
   555.000000             285
   556.000000             285
   557.000000             285
   558.000000             286
   559.000000             287
   560.000000             287
   561.000000             287
   562.000000             287
   563.000000             287
   564.000000             287
   565.000000             287
   566.000000             287
   567.000000             287
   568.000000             287
   569.000000             288
   570.000000             289
   571.000000             289
   572.000000             290
   573.000000             291
   574.000000             291
   575.000000             291
   576.000000             291
   577.000000             291
   578.000000             291
   579.000000             291
   580.000000             291
   581.000000             291
   582.000000             291
   583.000000             291
   584.000000             291
   585.000000             291
   586.000000             292
   587.000000             293
   588.000000             293
   589.000000             294
   590.000000             294
   591.000000             294
   592.000000             295
   593.000000             296
   594.000000             296
   595.000000             297
   596.000000             299
   597.000000             300
   598.000000             300
   599.000000             301
   600.000000             302
   601.000000             302
   602.000000             302
   603.000000             302
   604.000000             303
   605.000000             304
   606.000000             304
   607.000000             304
   608.000000             304
   609.000000             304
   610.000000             305
   611.000000             306
   612.000000             308
   613.000000             310
   614.000000             310
   615.000000             310
   616.000000             310
   617.000000             311
   618.000000             312
   619.000000             312
   620.000000             312
   621.000000             313
   622.000000             316
   623.000000             320
   624.000000             321
   625.000000             322
   626.000000             322
   627.000000             322
   628.000000             322
   629.000000             322
   630.000000             322
   631.000000             322
   632.000000             322
   633.000000             322
   634.000000             322
   635.000000             322
   636.000000             322
   637.000000             322
   638.000000             322
   639.000000             322
   640.000000             322
   641.000000             322
   642.000000             322
   643.000000             323
   644.000000             323
   645.000000             323
   646.000000             323
   647.000000             323
   648.000000             323
   649.000000             323
   650.000000             323
   651.000000             323
   652.000000             323
   653.000000             323
   654.000000             325
   655.000000             327
   656.000000             327
   657.000000             327
   658.000000             327
   659.000000             327
   660.000000             327
   661.000000             327
   662.000000             327
   663.000000             327
   664.000000             327
   665.000000             327
   666.000000             327
   667.000000             327
   668.000000             327
   669.000000             327
   670.000000             327
   671.000000             327
   672.000000             327
   673.000000             327
   674.000000             327
   675.000000             327
   676.000000             327
   677.000000             327
   678.000000             328
   679.000000             329
   680.000000             330
   681.000000             331
   682.000000             331
   683.000000             331
   684.000000             331
   685.000000             331
   686.000000             331
   687.000000             331
   688.000000             331
   689.000000             331
   690.000000             331
   691.000000             333
   692.000000             334
   693.000000             334
   694.000000             334
   695.000000             335
   696.000000             336
   697.000000             337
   698.000000             338
   699.000000             338
   700.000000             338
   701.000000             338
   702.000000             338
   703.000000             338
   704.000000             338
   705.000000             338
   706.000000             338
   707.000000             339
   708.000000             341
   709.000000             343
   710.000000             343
   711.000000             344
   712.000000             345
   713.000000             345
   714.000000             345
   715.000000             345
   716.000000             345
   717.000000             345
   718.000000             345
   719.000000             345
   720.000000             345
   721.000000             345
   722.000000             345
   723.000000             345
   724.000000             346
   725.000000             347
   726.000000             347
   727.000000             347
   728.000000             347
   729.000000             347
   730.000000             347
   731.000000             347
   732.000000             347
   733.000000             347
   734.000000             347
   735.000000             347
   736.000000             347
   737.000000             347
   738.000000             348
   739.000000             349
   740.000000             349
   741.000000             349
   742.000000             349
   743.000000             349
   744.000000             349
   745.000000             349
   746.000000             349
   747.000000             349
   748.000000             349
   749.000000             349
   750.000000             349
   751.000000             350
   752.000000             352
   753.000000             353
   754.000000             353
   755.000000             353
   756.000000             353
   757.000000             353
   758.000000             353
   759.000000             353
   760.000000             353
   761.000000             355
   762.000000             357
   763.000000             357
   764.000000             357
   765.000000             357
   766.000000             358
   767.000000             359
   768.000000             360
   769.000000             362
   770.000000             364
   771.000000             365
   772.000000             367
   773.000000             369
   774.000000             370
   775.000000             370
   776.000000             371
   777.000000             372
   778.000000             372
   779.000000             372
   780.000000             372
   781.000000             373
   782.000000             374
   783.000000             374
   784.000000             374
   785.000000             374
   786.000000             374
   787.000000             375
   788.000000             375
   789.000000             376
   790.000000             379
   791.000000             382
   792.000000             382
   793.000000             382
   794.000000             382
   795.000000             382
   796.000000             382
   797.000000             382
   798.000000             382
   799.000000             382
   800.000000             382
   801.000000             383
   802.000000             384
   803.000000             384
   804.000000             384
   805.000000             384
   806.000000             385
   807.000000             386
   808.000000             386
   809.000000             386
   810.000000             386
   811.000000             386
   812.000000             387
   813.000000             389
   814.000000             390
   815.000000             390
   816.000000             391
   817.000000             392
   818.000000             392
   819.000000             392
   820.000000             393
   821.000000             393
   822.000000             394
   823.000000             395
   824.000000             395
   825.000000             396
   826.000000             397
   827.000000             397
   828.000000             398
   829.000000             399
   830.000000             399
   831.000000             400
   832.000000             402
   833.000000             402
   834.000000             402
   835.000000             402
   836.000000             402
   837.000000             404
   838.000000             406
   839.000000             406
   840.000000             406
   841.000000             406
   842.000000             406
   843.000000             406
   844.000000             406
   845.000000             407
   846.000000             409
   847.000000             410
   848.000000             411
   849.000000             413
   850.000000             414
   851.000000             414
   852.000000             414
   853.000000             414
   854.000000             414
   855.000000             414
   856.000000             414
   857.000000             416
   858.000000             417
   859.000000             418
   860.000000             418
   861.000000             418
   862.000000             418
   863.000000             418
   864.000000             419
   865.000000             419
   866.000000             419
   867.000000             419
   868.000000             419
   869.000000             419
   870.000000             420
   871.000000             421
   872.000000             421
   873.000000             422
   874.000000             425
   875.000000             427
   876.000000             427
   877.000000             427
   878.000000             427
   879.000000             428
   880.000000             429
   881.000000             430
   882.000000             430
   883.000000             431
   884.000000             433
   885.000000             434
   886.000000             435
   887.000000             435
   888.000000             435
   889.000000             435
   890.000000             435
   891.000000             435
   892.000000             435
   893.000000             436
   894.000000             437
   895.000000             437
   896.000000             437
   897.000000             437
   898.000000             437
   899.000000             437
   900.000000             437
   901.000000             437
   902.000000             437
   903.000000             437
   904.000000             437
   905.000000             437
   906.000000             437
   907.000000             438
   908.000000             439
   909.000000             439
   910.000000             439
   911.000000             439
   912.000000             439
   913.000000             440
   914.000000             443
   915.000000             444
   916.000000             444
   917.000000             444
   918.000000             446
   919.000000             447
   920.000000             447
   921.000000             448
   922.000000             448
   923.000000             448
   924.000000             449
   925.000000             452
   926.000000             453
   927.000000             454
   928.000000             455
   929.000000             455
   930.000000             455
   931.000000             455
   932.000000             456
   933.000000             458
   934.000000             459
   935.000000             460
   936.000000             460
   937.000000             460
   938.000000             461
   939.000000             463
   940.000000             464
   941.000000             465
   942.000000             465
   943.000000             466
   944.000000             467
   945.000000             467
   946.000000             467
   947.000000             467
   948.000000             468
   949.000000             468
   950.000000             468
   951.000000             469
   952.000000             470
   953.000000             470
   954.000000             471
   955.000000             472
   956.000000             472
   957.000000             472
   958.000000             473
   959.000000             473
   960.000000             473
   961.000000             473
   962.000000             473
   963.000000             473
   964.000000             473
   965.000000             473
   966.000000             473
   967.000000             473
   968.000000             473
   969.000000             473
   970.000000             474
   971.000000             475
   972.000000             476
   973.000000             477
   974.000000             477
   975.000000             477
   976.000000             477
   977.000000             477
   978.000000             477
   979.000000             477
   980.000000             478
   981.000000             479
   982.000000             479
   983.000000             479
   984.000000             479
   985.000000             479
   986.000000             480
   987.000000             481
   988.000000             481
   989.000000             481
   990.000000             481
   991.000000             481
   992.000000             481
   993.000000             481
   994.000000             481
   995.000000             481
   996.000000             482
   997.000000             482
   998.000000             482
   999.000000             482
   1000.00000             482
