 Permeation events over simulation time.
 t(ns) Number of events
   0.00000000               0
  0.100000001               0
  0.200000003               0
  0.300000012               0
  0.400000006               0
  0.500000000               0
  0.600000024               0
  0.699999988               0
  0.800000012               0
  0.899999976               0
   1.00000000               0
   1.10000002               0
   1.20000005               0
   1.29999995               0
   1.39999998               0
   1.50000000               0
   1.60000002               0
   1.70000005               0
   1.79999995               0
   1.89999998               0
   2.00000000               0
   2.09999990               0
   2.20000005               0
   2.29999995               0
   2.40000010               0
   2.50000000               0
   2.59999990               0
   2.70000005               0
   2.79999995               0
   2.90000010               0
   3.00000000               0
   3.09999990               0
   3.20000005               0
   3.29999995               0
   3.40000010               0
   3.50000000               0
   3.59999990               0
   3.70000005               0
   3.79999995               0
   3.90000010               0
   4.00000000               0
   4.09999990               0
   4.19999981               0
   4.30000019               0
   4.40000010               0
   4.50000000               0
   4.59999990               0
   4.69999981               0
   4.80000019               0
   4.90000010               0
   5.00000000               0
   5.09999990               0
   5.19999981               0
   5.30000019               0
   5.40000010               0
   5.50000000               0
   5.59999990               0
   5.69999981               0
   5.80000019               0
   5.90000010               0
   6.00000000               0
   6.09999990               0
   6.19999981               0
   6.30000019               0
   6.40000010               0
   6.50000000               0
   6.59999990               0
   6.69999981               0
   6.80000019               0
   6.90000010               0
   7.00000000               0
   7.09999990               0
   7.19999981               0
   7.30000019               0
   7.40000010               0
   7.50000000               0
   7.59999990               0
   7.69999981               0
   7.80000019               0
   7.90000010               0
   8.00000000               0
   8.10000038               0
   8.19999981               0
   8.30000019               0
   8.39999962               0
   8.50000000               0
   8.60000038               0
   8.69999981               0
   8.80000019               0
   8.89999962               0
   9.00000000               0
   9.10000038               0
   9.19999981               0
   9.30000019               0
   9.39999962               0
   9.50000000               0
   9.60000038               0
   9.69999981               0
   9.80000019               0
   9.89999962               0
   10.0000000               0
   10.1000004               0
   10.1999998               0
   10.3000002               0
   10.3999996               0
   10.5000000               0
   10.6000004               0
   10.6999998               0
   10.8000002               0
   10.8999996               0
   11.0000000               0
   11.1000004               0
   11.1999998               0
   11.3000002               0
   11.3999996               0
   11.5000000               0
   11.6000004               0
   11.6999998               0
   11.8000002               0
   11.8999996               0
   12.0000000               0
   12.1000004               0
   12.1999998               0
   12.3000002               0
   12.3999996               0
   12.5000000               0
   12.6000004               0
   12.6999998               0
   12.8000002               0
   12.8999996               0
   13.0000000               0
   13.1000004               0
   13.1999998               0
   13.3000002               0
   13.3999996               0
   13.5000000               0
   13.6000004               0
   13.6999998               1
   13.8000002               1
   13.8999996               1
   14.0000000               1
   14.1000004               1
   14.1999998               1
   14.3000002               1
   14.3999996               1
   14.5000000               1
   14.6000004               1
   14.6999998               1
   14.8000002               1
   14.8999996               1
   15.0000000               1
   15.1000004               1
   15.1999998               1
   15.3000002               1
   15.3999996               1
   15.5000000               1
   15.6000004               1
   15.6999998               1
   15.8000002               1
   15.8999996               1
   16.0000000               1
   16.1000004               1
   16.2000008               1
   16.2999992               1
   16.3999996               1
   16.5000000               1
   16.6000004               1
   16.7000008               1
   16.7999992               1
   16.8999996               1
   17.0000000               1
   17.1000004               1
   17.2000008               1
   17.2999992               1
   17.3999996               1
   17.5000000               2
   17.6000004               2
   17.7000008               2
   17.7999992               2
   17.8999996               2
   18.0000000               2
   18.1000004               2
   18.2000008               2
   18.2999992               2
   18.3999996               2
   18.5000000               2
   18.6000004               2
   18.7000008               2
   18.7999992               2
   18.8999996               2
   19.0000000               2
   19.1000004               2
   19.2000008               2
   19.2999992               2
   19.3999996               2
   19.5000000               2
   19.6000004               2
   19.7000008               2
   19.7999992               2
   19.8999996               2
   20.0000000               2
   20.1000004               2
   20.2000008               2
   20.2999992               2
   20.3999996               2
   20.5000000               2
   20.6000004               2
   20.7000008               2
   20.7999992               2
   20.8999996               2
   21.0000000               2
   21.1000004               2
   21.2000008               2
   21.2999992               2
   21.3999996               2
   21.5000000               2
   21.6000004               2
   21.7000008               2
   21.7999992               2
   21.8999996               2
   22.0000000               2
   22.1000004               2
   22.2000008               2
   22.2999992               2
   22.3999996               2
   22.5000000               2
   22.6000004               2
   22.7000008               2
   22.7999992               2
   22.8999996               2
   23.0000000               2
   23.1000004               2
   23.2000008               2
   23.2999992               2
   23.3999996               2
   23.5000000               2
   23.6000004               2
   23.7000008               2
   23.7999992               2
   23.8999996               2
   24.0000000               2
   24.1000004               2
   24.2000008               2
   24.2999992               2
   24.3999996               2
   24.5000000               2
   24.6000004               2
   24.7000008               2
   24.7999992               2
   24.8999996               2
   25.0000000               2
   25.1000004               2
   25.2000008               2
   25.2999992               2
   25.3999996               2
   25.5000000               2
   25.6000004               2
   25.7000008               2
   25.7999992               2
   25.8999996               2
   26.0000000               2
   26.1000004               2
   26.2000008               2
   26.2999992               2
   26.3999996               2
   26.5000000               2
   26.6000004               2
   26.7000008               2
   26.7999992               2
   26.8999996               2
   27.0000000               2
   27.1000004               2
   27.2000008               2
   27.2999992               2
   27.3999996               2
   27.5000000               2
   27.6000004               2
   27.7000008               2
   27.7999992               2
   27.8999996               2
   28.0000000               2
   28.1000004               2
   28.2000008               2
   28.2999992               2
   28.3999996               2
   28.5000000               2
   28.6000004               2
   28.7000008               2
   28.7999992               2
   28.8999996               2
   29.0000000               2
   29.1000004               2
   29.2000008               2
   29.2999992               2
   29.3999996               2
   29.5000000               2
   29.6000004               2
   29.7000008               2
   29.7999992               2
   29.8999996               2
   30.0000000               2
   30.1000004               2
   30.2000008               2
   30.2999992               2
   30.3999996               2
   30.5000000               2
   30.6000004               2
   30.7000008               2
   30.7999992               2
   30.8999996               2
   31.0000000               2
   31.1000004               2
   31.2000008               2
   31.2999992               2
   31.3999996               2
   31.5000000               2
   31.6000004               2
   31.7000008               2
   31.7999992               2
   31.8999996               2
   32.0000000               3
   32.0999985               3
   32.2000008               3
   32.2999992               3
   32.4000015               3
   32.5000000               3
   32.5999985               3
   32.7000008               3
   32.7999992               3
   32.9000015               3
   33.0000000               3
   33.0999985               3
   33.2000008               3
   33.2999992               3
   33.4000015               3
   33.5000000               3
   33.5999985               3
   33.7000008               3
   33.7999992               3
   33.9000015               3
   34.0000000               3
   34.0999985               3
   34.2000008               3
   34.2999992               3
   34.4000015               3
   34.5000000               3
   34.5999985               3
   34.7000008               3
   34.7999992               3
   34.9000015               3
   35.0000000               3
   35.0999985               3
   35.2000008               3
   35.2999992               3
   35.4000015               3
   35.5000000               3
   35.5999985               3
   35.7000008               3
   35.7999992               3
   35.9000015               3
   36.0000000               4
   36.0999985               4
   36.2000008               4
   36.2999992               4
   36.4000015               4
   36.5000000               4
   36.5999985               4
   36.7000008               4
   36.7999992               4
   36.9000015               4
   37.0000000               4
   37.0999985               4
   37.2000008               4
   37.2999992               4
   37.4000015               4
   37.5000000               4
   37.5999985               4
   37.7000008               4
   37.7999992               4
   37.9000015               4
   38.0000000               4
   38.0999985               4
   38.2000008               4
   38.2999992               4
   38.4000015               4
   38.5000000               4
   38.5999985               4
   38.7000008               4
   38.7999992               4
   38.9000015               4
   39.0000000               4
   39.0999985               4
   39.2000008               4
   39.2999992               4
   39.4000015               4
   39.5000000               4
   39.5999985               4
   39.7000008               4
   39.7999992               4
   39.9000015               4
   40.0000000               4
   40.0999985               4
   40.2000008               4
   40.2999992               4
   40.4000015               4
   40.5000000               4
   40.5999985               4
   40.7000008               4
   40.7999992               4
   40.9000015               4
   41.0000000               4
   41.0999985               4
   41.2000008               4
   41.2999992               4
   41.4000015               4
   41.5000000               4
   41.5999985               4
   41.7000008               4
   41.7999992               4
   41.9000015               4
   42.0000000               4
   42.0999985               4
   42.2000008               4
   42.2999992               4
   42.4000015               4
   42.5000000               4
   42.5999985               4
   42.7000008               4
   42.7999992               4
   42.9000015               4
   43.0000000               4
   43.0999985               4
   43.2000008               4
   43.2999992               4
   43.4000015               4
   43.5000000               4
   43.5999985               4
   43.7000008               4
   43.7999992               4
   43.9000015               4
   44.0000000               4
   44.0999985               4
   44.2000008               4
   44.2999992               4
   44.4000015               4
   44.5000000               4
   44.5999985               4
   44.7000008               4
   44.7999992               4
   44.9000015               4
   45.0000000               4
   45.0999985               4
   45.2000008               4
   45.2999992               4
   45.4000015               4
   45.5000000               4
   45.5999985               4
   45.7000008               4
   45.7999992               4
   45.9000015               4
   46.0000000               4
   46.0999985               4
   46.2000008               4
   46.2999992               4
   46.4000015               4
   46.5000000               4
   46.5999985               4
   46.7000008               4
   46.7999992               4
   46.9000015               4
   47.0000000               4
   47.0999985               4
   47.2000008               4
   47.2999992               4
   47.4000015               4
   47.5000000               4
   47.5999985               4
   47.7000008               4
   47.7999992               4
   47.9000015               4
   48.0000000               4
   48.0999985               4
   48.2000008               4
   48.2999992               4
   48.4000015               4
   48.5000000               4
   48.5999985               4
   48.7000008               4
   48.7999992               4
   48.9000015               4
   49.0000000               4
   49.0999985               4
   49.2000008               4
   49.2999992               4
   49.4000015               4
   49.5000000               4
   49.5999985               4
   49.7000008               4
   49.7999992               4
   49.9000015               4
