 Permeation events over simulation time.
 t(ns) Number of events
   0.00000000               0
  0.100000001               0
  0.200000003               0
  0.300000012               0
  0.400000006               0
  0.500000000               0
  0.600000024               0
  0.699999988               0
  0.800000012               0
  0.899999976               0
   1.00000000               0
   1.10000002               0
   1.20000005               0
   1.29999995               0
   1.39999998               0
   1.50000000               0
   1.60000002               0
   1.70000005               0
   1.79999995               0
   1.89999998               0
   2.00000000               0
   2.09999990               0
   2.20000005               0
   2.29999995               0
   2.40000010               0
   2.50000000               0
   2.59999990               0
   2.70000005               0
   2.79999995               0
   2.90000010               0
   3.00000000               0
   3.09999990               0
   3.20000005               0
   3.29999995               0
   3.40000010               0
   3.50000000               0
   3.59999990               0
   3.70000005               0
   3.79999995               0
   3.90000010               0
   4.00000000               0
   4.09999990               0
   4.19999981               0
   4.30000019               0
   4.40000010               0
   4.50000000               0
   4.59999990               0
   4.69999981               0
   4.80000019               0
   4.90000010               0
   5.00000000               0
   5.09999990               0
   5.19999981               0
   5.30000019               0
   5.40000010               0
   5.50000000               0
   5.59999990               0
   5.69999981               0
   5.80000019               0
   5.90000010               0
   6.00000000               0
   6.09999990               0
   6.19999981               0
   6.30000019               0
   6.40000010               0
   6.50000000               0
   6.59999990               0
   6.69999981               0
   6.80000019               0
   6.90000010               0
   7.00000000               0
   7.09999990               0
   7.19999981               0
   7.30000019               0
   7.40000010               0
   7.50000000               0
   7.59999990               0
   7.69999981               0
   7.80000019               0
   7.90000010               0
   8.00000000               0
   8.10000038               0
   8.19999981               0
   8.30000019               0
   8.39999962               0
   8.50000000               0
   8.60000038               0
   8.69999981               0
   8.80000019               0
   8.89999962               0
   9.00000000               0
   9.10000038               0
   9.19999981               0
   9.30000019               0
   9.39999962               0
   9.50000000               0
   9.60000038               0
   9.69999981               0
   9.80000019               0
   9.89999962               0
   10.0000000               0
   10.1000004               0
   10.1999998               0
   10.3000002               0
   10.3999996               0
   10.5000000               0
   10.6000004               0
   10.6999998               0
   10.8000002               0
   10.8999996               0
   11.0000000               0
   11.1000004               0
   11.1999998               0
   11.3000002               0
   11.3999996               0
   11.5000000               0
   11.6000004               0
   11.6999998               0
   11.8000002               0
   11.8999996               0
   12.0000000               0
   12.1000004               0
   12.1999998               0
   12.3000002               1
   12.3999996               1
   12.5000000               1
   12.6000004               1
   12.6999998               1
   12.8000002               1
   12.8999996               1
   13.0000000               1
   13.1000004               1
   13.1999998               1
   13.3000002               1
   13.3999996               1
   13.5000000               2
   13.6000004               2
   13.6999998               2
   13.8000002               2
   13.8999996               2
   14.0000000               2
   14.1000004               2
   14.1999998               2
   14.3000002               2
   14.3999996               2
   14.5000000               2
   14.6000004               2
   14.6999998               2
   14.8000002               2
   14.8999996               2
   15.0000000               2
   15.1000004               2
   15.1999998               2
   15.3000002               2
   15.3999996               3
   15.5000000               3
   15.6000004               3
   15.6999998               3
   15.8000002               3
   15.8999996               4
   16.0000000               4
   16.1000004               4
   16.2000008               4
   16.2999992               4
   16.3999996               4
   16.5000000               5
   16.6000004               5
   16.7000008               5
   16.7999992               5
   16.8999996               5
   17.0000000               5
   17.1000004               5
   17.2000008               5
   17.2999992               5
   17.3999996               5
   17.5000000               5
   17.6000004               5
   17.7000008               5
   17.7999992               5
   17.8999996               5
   18.0000000               5
   18.1000004               5
   18.2000008               5
   18.2999992               5
   18.3999996               5
   18.5000000               5
   18.6000004               5
   18.7000008               5
   18.7999992               5
   18.8999996               5
   19.0000000               5
   19.1000004               5
   19.2000008               5
   19.2999992               5
   19.3999996               5
   19.5000000               6
   19.6000004               6
   19.7000008               6
   19.7999992               6
   19.8999996               6
   20.0000000               6
   20.1000004               6
   20.2000008               6
   20.2999992               6
   20.3999996               6
   20.5000000               6
   20.6000004               7
   20.7000008               7
   20.7999992               7
   20.8999996               7
   21.0000000               8
   21.1000004               8
   21.2000008               8
   21.2999992               9
   21.3999996               9
   21.5000000               9
   21.6000004               9
   21.7000008               9
   21.7999992               9
   21.8999996               9
   22.0000000               9
   22.1000004               9
   22.2000008               9
   22.2999992               9
   22.3999996               9
   22.5000000               9
   22.6000004               9
   22.7000008               9
   22.7999992               9
   22.8999996               9
   23.0000000               9
   23.1000004               9
   23.2000008               9
   23.2999992              10
   23.3999996              10
   23.5000000              10
   23.6000004              10
   23.7000008              10
   23.7999992              11
   23.8999996              12
   24.0000000              13
   24.1000004              13
   24.2000008              13
   24.2999992              13
   24.3999996              13
   24.5000000              13
   24.6000004              13
   24.7000008              13
   24.7999992              13
   24.8999996              13
   25.0000000              13
   25.1000004              13
   25.2000008              13
   25.2999992              13
   25.3999996              13
   25.5000000              13
   25.6000004              13
   25.7000008              13
   25.7999992              13
   25.8999996              13
   26.0000000              13
   26.1000004              13
   26.2000008              13
   26.2999992              13
   26.3999996              13
   26.5000000              13
   26.6000004              13
   26.7000008              13
   26.7999992              13
   26.8999996              13
   27.0000000              13
   27.1000004              13
   27.2000008              13
   27.2999992              13
   27.3999996              13
   27.5000000              13
   27.6000004              13
   27.7000008              13
   27.7999992              13
   27.8999996              14
   28.0000000              14
   28.1000004              14
   28.2000008              14
   28.2999992              14
   28.3999996              14
   28.5000000              14
   28.6000004              14
   28.7000008              14
   28.7999992              14
   28.8999996              14
   29.0000000              14
   29.1000004              14
   29.2000008              14
   29.2999992              14
   29.3999996              14
   29.5000000              14
   29.6000004              14
   29.7000008              14
   29.7999992              14
   29.8999996              14
   30.0000000              14
   30.1000004              14
   30.2000008              14
   30.2999992              14
   30.3999996              14
   30.5000000              14
   30.6000004              14
   30.7000008              14
   30.7999992              14
   30.8999996              14
   31.0000000              14
   31.1000004              14
   31.2000008              14
   31.2999992              14
   31.3999996              14
   31.5000000              14
   31.6000004              14
   31.7000008              14
   31.7999992              14
   31.8999996              14
   32.0000000              14
   32.0999985              14
   32.2000008              14
   32.2999992              14
   32.4000015              15
   32.5000000              15
   32.5999985              15
   32.7000008              15
   32.7999992              15
   32.9000015              15
   33.0000000              15
   33.0999985              15
   33.2000008              16
   33.2999992              16
   33.4000015              16
   33.5000000              16
   33.5999985              16
   33.7000008              16
   33.7999992              16
   33.9000015              16
   34.0000000              16
   34.0999985              16
   34.2000008              16
   34.2999992              16
   34.4000015              16
   34.5000000              16
   34.5999985              16
   34.7000008              16
   34.7999992              16
   34.9000015              16
   35.0000000              16
   35.0999985              16
   35.2000008              16
   35.2999992              16
   35.4000015              16
   35.5000000              16
   35.5999985              16
   35.7000008              16
   35.7999992              16
   35.9000015              16
   36.0000000              16
   36.0999985              16
   36.2000008              16
   36.2999992              16
   36.4000015              16
   36.5000000              16
   36.5999985              16
   36.7000008              17
   36.7999992              17
   36.9000015              17
   37.0000000              17
   37.0999985              18
   37.2000008              18
   37.2999992              18
   37.4000015              18
   37.5000000              18
   37.5999985              18
   37.7000008              18
   37.7999992              18
   37.9000015              18
   38.0000000              18
   38.0999985              18
   38.2000008              18
   38.2999992              18
   38.4000015              18
   38.5000000              18
   38.5999985              18
   38.7000008              18
   38.7999992              18
   38.9000015              18
   39.0000000              18
   39.0999985              18
   39.2000008              18
   39.2999992              18
   39.4000015              19
   39.5000000              19
   39.5999985              19
   39.7000008              19
   39.7999992              19
   39.9000015              19
   40.0000000              19
   40.0999985              19
   40.2000008              19
   40.2999992              19
   40.4000015              19
   40.5000000              19
   40.5999985              19
   40.7000008              20
   40.7999992              20
   40.9000015              20
   41.0000000              20
   41.0999985              21
   41.2000008              21
   41.2999992              21
   41.4000015              21
   41.5000000              21
   41.5999985              21
   41.7000008              21
   41.7999992              21
   41.9000015              21
   42.0000000              21
   42.0999985              21
   42.2000008              21
   42.2999992              21
   42.4000015              21
   42.5000000              21
   42.5999985              21
   42.7000008              21
   42.7999992              21
   42.9000015              21
   43.0000000              21
   43.0999985              21
   43.2000008              21
   43.2999992              21
   43.4000015              21
   43.5000000              21
   43.5999985              21
   43.7000008              21
   43.7999992              21
   43.9000015              21
   44.0000000              21
   44.0999985              21
   44.2000008              21
   44.2999992              21
   44.4000015              21
   44.5000000              21
   44.5999985              21
   44.7000008              21
   44.7999992              21
   44.9000015              21
   45.0000000              21
   45.0999985              21
   45.2000008              21
   45.2999992              21
   45.4000015              21
   45.5000000              21
   45.5999985              21
   45.7000008              21
   45.7999992              21
   45.9000015              21
   46.0000000              21
   46.0999985              21
   46.2000008              21
   46.2999992              21
   46.4000015              21
   46.5000000              21
   46.5999985              22
   46.7000008              22
   46.7999992              22
   46.9000015              22
   47.0000000              22
   47.0999985              22
   47.2000008              22
   47.2999992              22
   47.4000015              22
   47.5000000              22
   47.5999985              22
   47.7000008              22
   47.7999992              22
   47.9000015              22
   48.0000000              22
   48.0999985              22
   48.2000008              22
   48.2999992              22
   48.4000015              22
   48.5000000              22
   48.5999985              22
   48.7000008              22
   48.7999992              22
   48.9000015              22
   49.0000000              22
   49.0999985              22
   49.2000008              22
   49.2999992              22
   49.4000015              22
   49.5000000              22
   49.5999985              22
   49.7000008              22
   49.7999992              22
   49.9000015              22
   50.0000000              22
   50.0999985              22
   50.2000008              22
   50.2999992              22
   50.4000015              22
   50.5000000              22
   50.5999985              22
   50.7000008              22
   50.7999992              22
   50.9000015              22
   51.0000000              22
   51.0999985              22
   51.2000008              22
   51.2999992              23
   51.4000015              23
   51.5000000              23
   51.5999985              23
   51.7000008              23
   51.7999992              23
   51.9000015              23
   52.0000000              23
   52.0999985              23
   52.2000008              23
   52.2999992              23
   52.4000015              23
   52.5000000              23
   52.5999985              23
   52.7000008              23
   52.7999992              23
   52.9000015              23
   53.0000000              23
   53.0999985              23
   53.2000008              23
   53.2999992              23
   53.4000015              24
   53.5000000              24
   53.5999985              25
   53.7000008              25
   53.7999992              25
   53.9000015              25
   54.0000000              25
   54.0999985              25
   54.2000008              25
   54.2999992              25
   54.4000015              25
   54.5000000              25
   54.5999985              25
   54.7000008              25
   54.7999992              25
   54.9000015              25
   55.0000000              25
   55.0999985              25
   55.2000008              26
   55.2999992              26
   55.4000015              26
   55.5000000              26
   55.5999985              26
   55.7000008              26
   55.7999992              26
   55.9000015              26
   56.0000000              26
   56.0999985              26
   56.2000008              26
   56.2999992              26
   56.4000015              27
   56.5000000              28
   56.5999985              28
   56.7000008              28
   56.7999992              28
   56.9000015              28
   57.0000000              28
   57.0999985              28
   57.2000008              28
   57.2999992              28
   57.4000015              28
   57.5000000              28
   57.5999985              28
   57.7000008              29
   57.7999992              29
   57.9000015              29
   58.0000000              29
   58.0999985              29
   58.2000008              29
   58.2999992              29
   58.4000015              29
   58.5000000              29
   58.5999985              29
   58.7000008              29
   58.7999992              29
   58.9000015              29
   59.0000000              29
   59.0999985              29
   59.2000008              29
   59.2999992              29
   59.4000015              29
   59.5000000              29
   59.5999985              29
   59.7000008              29
   59.7999992              29
   59.9000015              29
   60.0000000              29
   60.0999985              29
   60.2000008              29
   60.2999992              29
   60.4000015              29
   60.5000000              29
   60.5999985              29
   60.7000008              29
   60.7999992              30
   60.9000015              30
   61.0000000              30
   61.0999985              30
   61.2000008              30
   61.2999992              30
   61.4000015              30
   61.5000000              30
   61.5999985              31
   61.7000008              31
   61.7999992              31
   61.9000015              31
   62.0000000              31
   62.0999985              31
   62.2000008              31
   62.2999992              32
   62.4000015              32
   62.5000000              32
   62.5999985              32
   62.7000008              32
   62.7999992              32
   62.9000015              32
   63.0000000              32
   63.0999985              32
   63.2000008              32
   63.2999992              32
   63.4000015              32
   63.5000000              32
   63.5999985              32
   63.7000008              32
   63.7999992              32
   63.9000015              32
   64.0000000              32
   64.0999985              32
   64.1999969              32
   64.3000031              32
   64.4000015              32
   64.5000000              32
   64.5999985              33
   64.6999969              34
   64.8000031              34
   64.9000015              34
   65.0000000              34
   65.0999985              34
   65.1999969              34
   65.3000031              34
   65.4000015              34
   65.5000000              34
   65.5999985              34
   65.6999969              35
   65.8000031              35
   65.9000015              35
   66.0000000              35
   66.0999985              35
   66.1999969              35
   66.3000031              35
   66.4000015              35
   66.5000000              35
   66.5999985              35
   66.6999969              35
   66.8000031              35
   66.9000015              35
   67.0000000              35
   67.0999985              35
   67.1999969              36
   67.3000031              36
   67.4000015              36
   67.5000000              36
   67.5999985              36
   67.6999969              36
   67.8000031              36
   67.9000015              36
   68.0000000              36
   68.0999985              36
   68.1999969              36
   68.3000031              36
   68.4000015              37
   68.5000000              37
   68.5999985              37
   68.6999969              37
   68.8000031              37
   68.9000015              37
   69.0000000              37
   69.0999985              37
   69.1999969              37
   69.3000031              37
   69.4000015              37
   69.5000000              37
   69.5999985              37
   69.6999969              37
   69.8000031              37
   69.9000015              38
   70.0000000              38
   70.0999985              38
   70.1999969              38
   70.3000031              38
   70.4000015              38
   70.5000000              38
   70.5999985              38
   70.6999969              38
   70.8000031              38
   70.9000015              38
   71.0000000              38
   71.0999985              38
   71.1999969              38
   71.3000031              38
   71.4000015              38
   71.5000000              38
   71.5999985              38
   71.6999969              38
   71.8000031              38
   71.9000015              38
   72.0000000              38
   72.0999985              38
   72.1999969              38
   72.3000031              38
   72.4000015              38
   72.5000000              38
   72.5999985              38
   72.6999969              38
   72.8000031              38
   72.9000015              38
   73.0000000              38
   73.0999985              38
   73.1999969              38
   73.3000031              38
   73.4000015              38
   73.5000000              38
   73.5999985              38
   73.6999969              38
   73.8000031              38
   73.9000015              38
   74.0000000              38
   74.0999985              38
   74.1999969              38
   74.3000031              38
   74.4000015              38
   74.5000000              38
   74.5999985              38
   74.6999969              38
   74.8000031              38
   74.9000015              38
   75.0000000              38
   75.0999985              38
   75.1999969              38
   75.3000031              38
   75.4000015              38
   75.5000000              38
   75.5999985              38
   75.6999969              38
   75.8000031              38
   75.9000015              38
   76.0000000              39
   76.0999985              39
   76.1999969              39
   76.3000031              39
   76.4000015              39
   76.5000000              39
   76.5999985              39
   76.6999969              39
   76.8000031              39
   76.9000015              39
   77.0000000              39
   77.0999985              39
   77.1999969              39
   77.3000031              39
   77.4000015              39
   77.5000000              39
   77.5999985              39
   77.6999969              39
   77.8000031              39
   77.9000015              39
   78.0000000              39
   78.0999985              39
   78.1999969              39
   78.3000031              39
   78.4000015              39
   78.5000000              39
   78.5999985              39
   78.6999969              40
   78.8000031              40
   78.9000015              40
   79.0000000              40
   79.0999985              40
   79.1999969              40
   79.3000031              40
   79.4000015              41
   79.5000000              41
   79.5999985              41
   79.6999969              41
   79.8000031              41
   79.9000015              41
   80.0000000              41
   80.0999985              41
   80.1999969              41
   80.3000031              41
   80.4000015              41
   80.5000000              41
   80.5999985              41
   80.6999969              41
   80.8000031              41
   80.9000015              41
   81.0000000              41
   81.0999985              41
   81.1999969              41
   81.3000031              41
   81.4000015              41
   81.5000000              41
   81.5999985              41
   81.6999969              41
   81.8000031              41
   81.9000015              41
   82.0000000              41
   82.0999985              41
   82.1999969              41
   82.3000031              41
   82.4000015              41
   82.5000000              41
   82.5999985              41
   82.6999969              41
   82.8000031              41
   82.9000015              41
   83.0000000              41
   83.0999985              41
   83.1999969              41
   83.3000031              41
   83.4000015              41
   83.5000000              41
   83.5999985              41
   83.6999969              41
   83.8000031              41
   83.9000015              42
   84.0000000              42
   84.0999985              42
   84.1999969              42
   84.3000031              42
   84.4000015              42
   84.5000000              42
   84.5999985              42
   84.6999969              42
   84.8000031              42
   84.9000015              42
   85.0000000              42
   85.0999985              42
   85.1999969              42
   85.3000031              42
   85.4000015              42
   85.5000000              42
   85.5999985              42
   85.6999969              42
   85.8000031              42
   85.9000015              42
   86.0000000              42
   86.0999985              42
   86.1999969              42
   86.3000031              42
   86.4000015              42
   86.5000000              42
   86.5999985              42
   86.6999969              42
   86.8000031              42
   86.9000015              42
   87.0000000              42
   87.0999985              42
   87.1999969              42
   87.3000031              42
   87.4000015              43
   87.5000000              43
   87.5999985              43
   87.6999969              43
   87.8000031              43
   87.9000015              44
   88.0000000              44
   88.0999985              45
   88.1999969              45
   88.3000031              45
   88.4000015              45
   88.5000000              46
   88.5999985              46
   88.6999969              46
   88.8000031              46
   88.9000015              46
   89.0000000              46
   89.0999985              46
   89.1999969              46
   89.3000031              46
   89.4000015              46
   89.5000000              46
   89.5999985              46
   89.6999969              46
   89.8000031              46
   89.9000015              46
   90.0000000              46
   90.0999985              46
   90.1999969              46
   90.3000031              46
   90.4000015              46
   90.5000000              46
   90.5999985              46
   90.6999969              46
   90.8000031              46
   90.9000015              46
   91.0000000              46
   91.0999985              46
   91.1999969              46
   91.3000031              46
   91.4000015              46
   91.5000000              46
   91.5999985              46
   91.6999969              46
   91.8000031              46
   91.9000015              46
   92.0000000              46
   92.0999985              46
   92.1999969              46
   92.3000031              46
   92.4000015              46
   92.5000000              46
   92.5999985              46
   92.6999969              46
   92.8000031              46
   92.9000015              46
   93.0000000              46
   93.0999985              46
   93.1999969              46
   93.3000031              46
   93.4000015              46
   93.5000000              46
   93.5999985              46
   93.6999969              46
   93.8000031              46
   93.9000015              46
   94.0000000              47
   94.0999985              47
   94.1999969              47
   94.3000031              47
   94.4000015              47
   94.5000000              47
   94.5999985              47
   94.6999969              47
   94.8000031              47
   94.9000015              47
   95.0000000              47
   95.0999985              47
   95.1999969              47
   95.3000031              47
   95.4000015              47
   95.5000000              47
   95.5999985              47
   95.6999969              47
   95.8000031              47
   95.9000015              47
   96.0000000              47
   96.0999985              48
   96.1999969              48
   96.3000031              48
   96.4000015              48
   96.5000000              48
   96.5999985              48
   96.6999969              48
   96.8000031              48
   96.9000015              48
   97.0000000              48
   97.0999985              48
   97.1999969              48
   97.3000031              48
   97.4000015              48
   97.5000000              48
   97.5999985              48
   97.6999969              48
   97.8000031              48
   97.9000015              48
   98.0000000              48
   98.0999985              48
   98.1999969              48
   98.3000031              48
   98.4000015              48
   98.5000000              48
   98.5999985              48
   98.6999969              48
   98.8000031              48
   98.9000015              48
   99.0000000              48
   99.0999985              48
   99.1999969              48
   99.3000031              48
   99.4000015              48
   99.5000000              48
   99.5999985              48
   99.6999969              48
   99.8000031              48
   99.9000015              48
   100.000000              48
   100.099998              48
   100.199997              48
   100.300003              48
   100.400002              48
   100.500000              48
   100.599998              48
   100.699997              48
   100.800003              48
   100.900002              48
   101.000000              48
   101.099998              48
   101.199997              49
   101.300003              49
   101.400002              49
   101.500000              49
   101.599998              49
   101.699997              49
   101.800003              49
   101.900002              49
   102.000000              49
   102.099998              50
   102.199997              50
   102.300003              51
   102.400002              51
   102.500000              51
   102.599998              51
   102.699997              51
   102.800003              51
   102.900002              51
   103.000000              51
   103.099998              51
   103.199997              51
   103.300003              51
   103.400002              51
   103.500000              51
   103.599998              51
   103.699997              51
   103.800003              51
   103.900002              51
   104.000000              52
   104.099998              52
   104.199997              52
   104.300003              52
   104.400002              52
   104.500000              52
   104.599998              52
   104.699997              52
   104.800003              52
   104.900002              52
   105.000000              52
   105.099998              52
   105.199997              52
   105.300003              53
   105.400002              53
   105.500000              53
   105.599998              53
   105.699997              53
   105.800003              53
   105.900002              53
   106.000000              53
   106.099998              54
   106.199997              54
   106.300003              54
   106.400002              54
   106.500000              54
   106.599998              54
   106.699997              54
   106.800003              54
   106.900002              54
   107.000000              54
   107.099998              54
   107.199997              54
   107.300003              54
   107.400002              54
   107.500000              54
   107.599998              54
   107.699997              54
   107.800003              54
   107.900002              54
   108.000000              54
   108.099998              54
   108.199997              54
   108.300003              54
   108.400002              54
   108.500000              54
   108.599998              55
   108.699997              55
   108.800003              55
   108.900002              55
   109.000000              55
   109.099998              55
   109.199997              56
   109.300003              56
   109.400002              56
   109.500000              56
   109.599998              56
   109.699997              56
   109.800003              56
   109.900002              56
   110.000000              57
   110.099998              57
   110.199997              57
   110.300003              57
   110.400002              57
   110.500000              57
   110.599998              57
   110.699997              57
   110.800003              57
   110.900002              57
   111.000000              57
   111.099998              57
   111.199997              57
   111.300003              57
   111.400002              57
   111.500000              57
   111.599998              57
   111.699997              57
   111.800003              58
   111.900002              58
   112.000000              58
   112.099998              58
   112.199997              58
   112.300003              58
   112.400002              58
   112.500000              58
   112.599998              58
   112.699997              58
   112.800003              58
   112.900002              58
   113.000000              58
   113.099998              58
   113.199997              58
   113.300003              58
   113.400002              58
   113.500000              58
   113.599998              58
   113.699997              58
   113.800003              59
   113.900002              59
   114.000000              59
   114.099998              59
   114.199997              59
   114.300003              59
   114.400002              59
   114.500000              59
   114.599998              59
   114.699997              59
   114.800003              59
   114.900002              59
   115.000000              59
   115.099998              59
   115.199997              59
   115.300003              59
   115.400002              59
   115.500000              59
   115.599998              59
   115.699997              59
   115.800003              59
   115.900002              59
   116.000000              59
   116.099998              59
   116.199997              59
   116.300003              59
   116.400002              60
   116.500000              60
   116.599998              60
   116.699997              60
   116.800003              60
   116.900002              60
   117.000000              60
   117.099998              60
   117.199997              60
   117.300003              60
   117.400002              60
   117.500000              60
   117.599998              60
   117.699997              60
   117.800003              60
   117.900002              60
   118.000000              60
   118.099998              60
   118.199997              60
   118.300003              60
   118.400002              60
   118.500000              60
   118.599998              60
   118.699997              60
   118.800003              60
   118.900002              60
   119.000000              60
   119.099998              60
   119.199997              60
   119.300003              61
   119.400002              61
   119.500000              61
   119.599998              61
   119.699997              61
   119.800003              61
   119.900002              61
   120.000000              61
   120.099998              61
   120.199997              61
   120.300003              61
   120.400002              61
   120.500000              61
   120.599998              61
   120.699997              61
   120.800003              61
   120.900002              61
   121.000000              61
   121.099998              61
   121.199997              61
   121.300003              61
   121.400002              61
   121.500000              61
   121.599998              61
   121.699997              61
   121.800003              61
   121.900002              61
   122.000000              61
   122.099998              61
   122.199997              61
   122.300003              61
   122.400002              61
   122.500000              61
   122.599998              61
   122.699997              61
   122.800003              61
   122.900002              61
   123.000000              61
   123.099998              61
   123.199997              61
   123.300003              61
   123.400002              61
   123.500000              61
   123.599998              61
   123.699997              61
   123.800003              61
   123.900002              61
   124.000000              61
   124.099998              61
   124.199997              61
   124.300003              61
   124.400002              61
   124.500000              61
   124.599998              62
   124.699997              62
   124.800003              62
   124.900002              62
   125.000000              62
   125.099998              62
   125.199997              62
   125.300003              62
   125.400002              62
   125.500000              62
   125.599998              62
   125.699997              62
   125.800003              62
   125.900002              62
   126.000000              62
   126.099998              62
   126.199997              62
   126.300003              62
   126.400002              62
   126.500000              62
   126.599998              62
   126.699997              62
   126.800003              62
   126.900002              62
   127.000000              62
   127.099998              62
   127.199997              62
   127.300003              62
   127.400002              62
   127.500000              62
   127.599998              62
   127.699997              62
   127.800003              62
   127.900002              62
   128.000000              62
   128.100006              62
   128.199997              62
   128.300003              62
   128.399994              62
   128.500000              62
   128.600006              62
   128.699997              62
   128.800003              62
   128.899994              62
   129.000000              62
   129.100006              62
   129.199997              62
   129.300003              62
   129.399994              62
   129.500000              62
   129.600006              62
   129.699997              62
   129.800003              62
   129.899994              62
   130.000000              62
   130.100006              62
   130.199997              62
   130.300003              62
   130.399994              62
   130.500000              62
   130.600006              62
   130.699997              62
   130.800003              62
   130.899994              62
   131.000000              62
   131.100006              62
   131.199997              62
   131.300003              62
   131.399994              62
   131.500000              62
   131.600006              62
   131.699997              62
   131.800003              62
   131.899994              62
   132.000000              62
   132.100006              62
   132.199997              62
   132.300003              62
   132.399994              62
   132.500000              62
   132.600006              62
   132.699997              62
   132.800003              62
   132.899994              62
   133.000000              62
   133.100006              62
   133.199997              62
   133.300003              62
   133.399994              62
   133.500000              62
   133.600006              62
   133.699997              62
   133.800003              62
   133.899994              62
   134.000000              62
   134.100006              62
   134.199997              62
   134.300003              62
   134.399994              62
   134.500000              62
   134.600006              62
   134.699997              62
   134.800003              62
   134.899994              62
   135.000000              62
   135.100006              62
   135.199997              62
   135.300003              62
   135.399994              62
   135.500000              62
   135.600006              62
   135.699997              62
   135.800003              62
   135.899994              63
   136.000000              63
   136.100006              63
   136.199997              63
   136.300003              63
   136.399994              63
   136.500000              63
   136.600006              63
   136.699997              63
   136.800003              63
   136.899994              63
   137.000000              63
   137.100006              63
   137.199997              63
   137.300003              63
   137.399994              63
   137.500000              63
   137.600006              63
   137.699997              63
   137.800003              63
   137.899994              63
   138.000000              64
   138.100006              64
   138.199997              64
   138.300003              64
   138.399994              64
   138.500000              64
   138.600006              65
   138.699997              65
   138.800003              65
   138.899994              65
   139.000000              65
   139.100006              65
   139.199997              65
   139.300003              65
   139.399994              65
   139.500000              65
   139.600006              65
   139.699997              65
   139.800003              65
   139.899994              65
   140.000000              65
   140.100006              65
   140.199997              65
   140.300003              65
   140.399994              65
   140.500000              65
   140.600006              65
   140.699997              65
   140.800003              65
   140.899994              65
   141.000000              65
   141.100006              65
   141.199997              65
   141.300003              65
   141.399994              65
   141.500000              65
   141.600006              65
   141.699997              65
   141.800003              65
   141.899994              65
   142.000000              66
   142.100006              66
   142.199997              66
   142.300003              66
   142.399994              66
   142.500000              66
   142.600006              66
   142.699997              66
   142.800003              66
   142.899994              66
   143.000000              66
   143.100006              66
   143.199997              66
   143.300003              66
   143.399994              66
   143.500000              66
   143.600006              67
   143.699997              67
   143.800003              67
   143.899994              67
   144.000000              67
   144.100006              67
   144.199997              67
   144.300003              67
   144.399994              67
   144.500000              67
   144.600006              67
   144.699997              67
   144.800003              68
   144.899994              68
   145.000000              68
   145.100006              68
   145.199997              68
   145.300003              68
   145.399994              68
   145.500000              68
   145.600006              68
   145.699997              68
   145.800003              69
   145.899994              70
   146.000000              70
   146.100006              70
   146.199997              70
   146.300003              70
   146.399994              70
   146.500000              70
   146.600006              70
   146.699997              70
   146.800003              70
   146.899994              70
   147.000000              70
   147.100006              70
   147.199997              70
   147.300003              70
   147.399994              70
   147.500000              70
   147.600006              70
   147.699997              70
   147.800003              70
   147.899994              70
   148.000000              70
   148.100006              71
   148.199997              71
   148.300003              71
   148.399994              71
   148.500000              71
   148.600006              71
   148.699997              71
   148.800003              71
   148.899994              71
   149.000000              71
   149.100006              71
   149.199997              71
   149.300003              71
   149.399994              71
   149.500000              71
   149.600006              72
   149.699997              72
   149.800003              72
   149.899994              72
   150.000000              72
   150.100006              72
   150.199997              72
   150.300003              72
   150.399994              72
   150.500000              72
   150.600006              72
   150.699997              72
   150.800003              72
   150.899994              72
   151.000000              72
   151.100006              72
   151.199997              72
   151.300003              72
   151.399994              72
   151.500000              72
   151.600006              72
   151.699997              72
   151.800003              72
   151.899994              72
   152.000000              72
   152.100006              72
   152.199997              72
   152.300003              72
   152.399994              72
   152.500000              72
   152.600006              73
   152.699997              73
   152.800003              74
   152.899994              74
   153.000000              74
   153.100006              74
   153.199997              74
   153.300003              74
   153.399994              74
   153.500000              74
   153.600006              74
   153.699997              74
   153.800003              74
   153.899994              74
   154.000000              74
   154.100006              74
   154.199997              74
   154.300003              74
   154.399994              74
   154.500000              74
   154.600006              74
   154.699997              74
   154.800003              74
   154.899994              75
   155.000000              75
   155.100006              75
   155.199997              75
   155.300003              75
   155.399994              75
   155.500000              75
   155.600006              75
   155.699997              75
   155.800003              75
   155.899994              75
   156.000000              75
   156.100006              75
   156.199997              75
   156.300003              75
   156.399994              75
   156.500000              75
   156.600006              75
   156.699997              76
   156.800003              76
   156.899994              76
   157.000000              76
   157.100006              76
   157.199997              76
   157.300003              76
   157.399994              76
   157.500000              76
   157.600006              76
   157.699997              76
   157.800003              76
   157.899994              76
   158.000000              76
   158.100006              76
   158.199997              76
   158.300003              76
   158.399994              76
   158.500000              76
   158.600006              76
   158.699997              76
   158.800003              76
   158.899994              77
   159.000000              77
   159.100006              77
   159.199997              77
   159.300003              77
   159.399994              77
   159.500000              77
   159.600006              77
   159.699997              77
   159.800003              77
   159.899994              77
   160.000000              77
   160.100006              77
   160.199997              77
   160.300003              77
   160.399994              77
   160.500000              77
   160.600006              77
   160.699997              77
   160.800003              77
   160.899994              77
   161.000000              77
   161.100006              77
   161.199997              77
   161.300003              77
   161.399994              77
   161.500000              77
   161.600006              77
   161.699997              77
   161.800003              77
   161.899994              77
   162.000000              77
   162.100006              77
   162.199997              77
   162.300003              77
   162.399994              77
   162.500000              77
   162.600006              77
   162.699997              77
   162.800003              77
   162.899994              77
   163.000000              77
   163.100006              77
   163.199997              77
   163.300003              77
   163.399994              77
   163.500000              77
   163.600006              77
   163.699997              77
   163.800003              77
   163.899994              77
   164.000000              77
   164.100006              77
   164.199997              77
   164.300003              77
   164.399994              77
   164.500000              77
   164.600006              77
   164.699997              77
   164.800003              77
   164.899994              77
   165.000000              77
   165.100006              77
   165.199997              77
   165.300003              77
   165.399994              78
   165.500000              78
   165.600006              78
   165.699997              78
   165.800003              78
   165.899994              78
   166.000000              78
   166.100006              78
   166.199997              78
   166.300003              78
   166.399994              78
   166.500000              79
   166.600006              80
   166.699997              80
   166.800003              80
   166.899994              80
   167.000000              80
   167.100006              80
   167.199997              80
   167.300003              80
   167.399994              80
   167.500000              80
   167.600006              80
   167.699997              80
   167.800003              80
   167.899994              80
   168.000000              80
   168.100006              80
   168.199997              80
   168.300003              80
   168.399994              80
   168.500000              80
   168.600006              80
   168.699997              80
   168.800003              80
   168.899994              80
   169.000000              81
   169.100006              81
   169.199997              81
   169.300003              81
   169.399994              81
   169.500000              81
   169.600006              81
   169.699997              81
   169.800003              81
   169.899994              81
   170.000000              81
   170.100006              81
   170.199997              81
   170.300003              81
   170.399994              81
   170.500000              81
   170.600006              81
   170.699997              81
   170.800003              81
   170.899994              81
   171.000000              81
   171.100006              81
   171.199997              81
   171.300003              81
   171.399994              81
   171.500000              81
   171.600006              81
   171.699997              81
   171.800003              81
   171.899994              81
   172.000000              81
   172.100006              81
   172.199997              81
   172.300003              81
   172.399994              81
   172.500000              81
   172.600006              81
   172.699997              81
   172.800003              81
   172.899994              81
   173.000000              81
   173.100006              81
   173.199997              81
   173.300003              81
   173.399994              81
   173.500000              81
   173.600006              81
   173.699997              81
   173.800003              81
   173.899994              81
   174.000000              81
   174.100006              81
   174.199997              81
   174.300003              81
   174.399994              81
   174.500000              81
   174.600006              81
   174.699997              81
   174.800003              81
   174.899994              81
   175.000000              81
   175.100006              81
   175.199997              81
   175.300003              81
   175.399994              81
   175.500000              81
   175.600006              81
   175.699997              81
   175.800003              81
   175.899994              81
   176.000000              81
   176.100006              81
   176.199997              81
   176.300003              81
   176.399994              81
   176.500000              81
   176.600006              81
   176.699997              81
   176.800003              82
   176.899994              82
   177.000000              82
   177.100006              82
   177.199997              82
   177.300003              82
   177.399994              82
   177.500000              82
   177.600006              82
   177.699997              82
   177.800003              82
   177.899994              82
   178.000000              82
   178.100006              82
   178.199997              82
   178.300003              82
   178.399994              82
   178.500000              82
   178.600006              82
   178.699997              82
   178.800003              82
   178.899994              82
   179.000000              82
   179.100006              82
   179.199997              82
   179.300003              82
   179.399994              82
   179.500000              82
   179.600006              82
   179.699997              82
   179.800003              82
   179.899994              82
   180.000000              82
   180.100006              82
   180.199997              82
   180.300003              82
   180.399994              82
   180.500000              82
   180.600006              82
   180.699997              82
   180.800003              82
   180.899994              82
   181.000000              82
   181.100006              82
   181.199997              82
   181.300003              82
   181.399994              82
   181.500000              82
   181.600006              82
   181.699997              82
   181.800003              82
   181.899994              82
   182.000000              82
   182.100006              83
   182.199997              83
   182.300003              83
   182.399994              83
   182.500000              83
   182.600006              83
   182.699997              83
   182.800003              83
   182.899994              83
   183.000000              83
   183.100006              83
   183.199997              83
   183.300003              83
   183.399994              83
   183.500000              83
   183.600006              83
   183.699997              83
   183.800003              83
   183.899994              83
   184.000000              83
   184.100006              83
   184.199997              83
   184.300003              83
   184.399994              83
   184.500000              83
   184.600006              83
   184.699997              83
   184.800003              83
   184.899994              83
   185.000000              83
   185.100006              83
   185.199997              83
   185.300003              83
   185.399994              83
   185.500000              83
   185.600006              83
   185.699997              83
   185.800003              83
   185.899994              83
   186.000000              83
   186.100006              83
   186.199997              83
   186.300003              83
   186.399994              83
   186.500000              83
   186.600006              83
   186.699997              84
   186.800003              84
   186.899994              84
   187.000000              84
   187.100006              84
   187.199997              84
   187.300003              84
   187.399994              84
   187.500000              84
   187.600006              85
   187.699997              85
   187.800003              85
   187.899994              85
   188.000000              85
   188.100006              85
   188.199997              85
   188.300003              85
   188.399994              85
   188.500000              85
   188.600006              85
   188.699997              85
   188.800003              85
   188.899994              85
   189.000000              85
   189.100006              85
   189.199997              85
   189.300003              85
   189.399994              85
   189.500000              85
   189.600006              85
   189.699997              85
   189.800003              85
   189.899994              85
   190.000000              85
   190.100006              85
   190.199997              86
   190.300003              86
   190.399994              86
   190.500000              86
   190.600006              86
   190.699997              86
   190.800003              86
   190.899994              86
   191.000000              86
   191.100006              86
   191.199997              86
   191.300003              86
   191.399994              86
   191.500000              86
   191.600006              86
   191.699997              86
   191.800003              86
   191.899994              87
   192.000000              87
   192.100006              87
   192.199997              87
   192.300003              87
   192.399994              87
   192.500000              87
   192.600006              87
   192.699997              87
   192.800003              87
   192.899994              87
   193.000000              87
   193.100006              88
   193.199997              88
   193.300003              88
   193.399994              88
   193.500000              88
   193.600006              88
   193.699997              89
   193.800003              89
   193.899994              89
   194.000000              89
   194.100006              89
   194.199997              89
   194.300003              89
   194.399994              89
   194.500000              89
   194.600006              89
   194.699997              89
   194.800003              89
   194.899994              89
   195.000000              89
   195.100006              89
   195.199997              89
   195.300003              89
   195.399994              89
   195.500000              89
   195.600006              89
   195.699997              89
   195.800003              89
   195.899994              89
   196.000000              89
   196.100006              89
   196.199997              89
   196.300003              89
   196.399994              89
   196.500000              89
   196.600006              89
   196.699997              90
   196.800003              90
   196.899994              90
   197.000000              90
   197.100006              90
   197.199997              90
   197.300003              90
   197.399994              90
   197.500000              90
   197.600006              90
   197.699997              90
   197.800003              90
   197.899994              90
   198.000000              90
   198.100006              90
   198.199997              90
   198.300003              90
   198.399994              90
   198.500000              90
   198.600006              91
   198.699997              91
   198.800003              91
   198.899994              91
   199.000000              91
   199.100006              91
   199.199997              91
   199.300003              91
   199.399994              91
   199.500000              91
   199.600006              91
   199.699997              91
   199.800003              91
   199.899994              91
   200.000000              91
