# time n - 500 (ps)    time n (ps)     molecule
1500.0 2000.0   CHOL 286 15 20
3500.0 4000.0   CHOL 286 35 40
7500.0 8000.0   CHOL 286 75 80
9000.0 9500.0   CHOL 286 90 95
10500.0 11000.0   CHOL 286 105 110
12000.0 12500.0   CHOL 286 120 125
13500.0 14000.0   CHOL 286 135 140
14500.0 15000.0   CHOL 286 145 150
16500.0 17000.0   CHOL 286 165 170
19000.0 19500.0   CHOL 286 190 195
22500.0 23000.0   CHOL 286 225 230
23500.0 24000.0   CHOL 286 235 240
26000.0 26500.0   CHOL 286 260 265
29000.0 29500.0   CHOL 286 290 295
31000.0 31500.0   CHOL 286 310 315
33000.0 33500.0   CHOL 286 330 335
34500.0 35000.0   CHOL 286 345 350
35500.0 36000.0   CHOL 286 355 360
36500.0 37000.0   CHOL 286 365 370
39000.0 39500.0   CHOL 286 390 395
40000.0 40500.0   CHOL 286 400 405
42500.0 43000.0   CHOL 286 425 430
45500.0 46000.0   CHOL 286 455 460
47500.0 48000.0   CHOL 286 475 480
51000.0 51500.0   CHOL 286 510 515
53500.0 54000.0   CHOL 286 535 540
54500.0 55000.0   CHOL 286 545 550
55500.0 56000.0   CHOL 286 555 560
56500.0 57000.0   CHOL 286 565 570
57500.0 58000.0   CHOL 286 575 580
58500.0 59000.0   CHOL 286 585 590
60500.0 61000.0   CHOL 286 605 610
62000.0 62500.0   CHOL 286 620 625
65500.0 66000.0   CHOL 286 655 660
67000.0 67500.0   CHOL 270 670 675
69000.0 69500.0   CHOL 286 690 695
70500.0 71000.0   CHOL 286 705 710
71000.0 71500.0   CHOL 271 710 715
72000.0 72500.0   CHOL 286 720 725
72500.0 73000.0   CHOL 271 725 730
73500.0 74000.0   CHOL 271 735 740
74000.0 74500.0   CHOL 286 740 745
76000.0 76500.0   CHOL 286 760 765
77000.0 77500.0   CHOL 286 770 775
79000.0 79500.0   CHOL 286 790 795
82000.0 82500.0   CHOL 286 820 825
84500.0 85000.0   CHOL 286 845 850
85500.0 86000.0   CHOL 286 855 860
87500.0 88000.0   CHOL 286 875 880
88500.0 89000.0   CHOL 286 885 890
90000.0 90500.0   CHOL 286 900 905
91500.0 92000.0   CHOL 286 915 920
94000.0 94500.0   CHOL 286 940 945
95500.0 96000.0   CHOL 286 955 960
99000.0 99500.0   CHOL 286 990 995
101000.0 101500.0   CHOL 286 1010 1015
102000.0 102500.0   CHOL 286 1020 1025
103500.0 104000.0   CHOL 286 1035 1040
105500.0 106000.0   CHOL 286 1055 1060
106500.0 107000.0   CHOL 286 1065 1070
108000.0 108500.0   CHOL 286 1080 1085
109500.0 110000.0   CHOL 286 1095 1100
111000.0 111500.0   CHOL 286 1110 1115
112000.0 112500.0   CHOL 286 1120 1125
113000.0 113500.0   CHOL 286 1130 1135
115500.0 116000.0   CHOL 286 1155 1160
118500.0 119000.0   CHOL 286 1185 1190
120500.0 121000.0   CHOL 286 1205 1210
121500.0 122000.0   CHOL 286 1215 1220
123500.0 124000.0   CHOL 277 1235 1240
124000.0 124500.0   CHOL 286 1240 1245
125500.0 126000.0   CHOL 286 1255 1260
126000.0 126500.0   CHOL 277 1260 1265
127500.0 128000.0   CHOL 286 1275 1280
129000.0 129500.0   CHOL 286 1290 1295
130500.0 131000.0   CHOL 286 1305 1310
134500.0 135000.0   CHOL 286 1345 1350
136500.0 137000.0   CHOL 286 1365 1370
138000.0 138500.0   CHOL 286 1380 1385
140000.0 140500.0   CHOL 286 1400 1405
141500.0 142000.0   CHOL 286 1415 1420
142500.0 143000.0   CHOL 286 1425 1430
144500.0 145000.0   CHOL 286 1445 1450
147000.0 147500.0   CHOL 286 1470 1475
148000.0 148500.0   CHOL 286 1480 1485
149000.0 149500.0   CHOL 286 1490 1495
150000.0 150500.0   CHOL 286 1500 1505
155500.0 156000.0   CHOL 286 1555 1560
157500.0 158000.0   CHOL 286 1575 1580
159500.0 160000.0   CHOL 286 1595 1600
160500.0 161000.0   CHOL 286 1605 1610
163000.0 163500.0   CHOL 286 1630 1635
165000.0 165500.0   CHOL 286 1650 1655
166500.0 167000.0   CHOL 286 1665 1670
172500.0 173000.0   CHOL 286 1725 1730
173500.0 174000.0   CHOL 286 1735 1740
175000.0 175500.0   CHOL 286 1750 1755
176000.0 176500.0   CHOL 286 1760 1765
180500.0 181000.0   CHOL 286 1805 1810
181500.0 182000.0   CHOL 286 1815 1820
183000.0 183500.0   CHOL 286 1830 1835
186500.0 187000.0   CHOL 286 1865 1870
187500.0 188000.0   CHOL 286 1875 1880
192000.0 192500.0   CHOL 286 1920 1925
194500.0 195000.0   CHOL 286 1945 1950
195000.0 195500.0   CHOL 282 1950 1955
195500.0 196000.0   CHOL 286 1955 1960
196500.0 197000.0   CHOL 286 1965 1970
199500.0 200000.0   CHOL 286 1995 2000
202000.0 202500.0   CHOL 286 2020 2025
203000.0 203500.0   CHOL 286 2030 2035
204000.0 204500.0   CHOL 286 2040 2045
205000.0 205500.0   CHOL 286 2050 2055
206000.0 206500.0   CHOL 286 2060 2065
208500.0 209000.0   CHOL 286 2085 2090
211500.0 212000.0   CHOL 286 2115 2120
215000.0 215500.0   CHOL 286 2150 2155
216000.0 216500.0   CHOL 286 2160 2165
219000.0 219500.0   CHOL 286 2190 2195
220000.0 220500.0   CHOL 286 2200 2205
222500.0 223000.0   CHOL 286 2225 2230
226000.0 226500.0   CHOL 286 2260 2265
228000.0 228500.0   CHOL 286 2280 2285
230500.0 231000.0   CHOL 286 2305 2310
233000.0 233500.0   CHOL 286 2330 2335
238000.0 238500.0   CHOL 286 2380 2385
239500.0 240000.0   CHOL 286 2395 2400
243000.0 243500.0   CHOL 286 2430 2435
244500.0 245000.0   CHOL 286 2445 2450
245500.0 246000.0   CHOL 286 2455 2460
247000.0 247500.0   CHOL 286 2470 2475
248000.0 248500.0   CHOL 286 2480 2485
254500.0 255000.0   CHOL 286 2545 2550
256500.0 257000.0   CHOL 286 2565 2570
259000.0 259500.0   CHOL 286 2590 2595
261000.0 261500.0   CHOL 286 2610 2615
263500.0 264000.0   CHOL 286 2635 2640
264500.0 265000.0   CHOL 286 2645 2650
266500.0 267000.0   CHOL 286 2665 2670
267500.0 268000.0   CHOL 287 2675 2680
268500.0 269000.0   CHOL 287 2685 2690
269500.0 270000.0   CHOL 286 2695 2700
270500.0 271000.0   CHOL 286 2705 2710
271000.0 271500.0   CHOL 287 2710 2715
272000.0 272500.0   CHOL 286 2720 2725
274500.0 275000.0   CHOL 286 2745 2750
276500.0 277000.0   CHOL 286 2765 2770
278500.0 279000.0   CHOL 286 2785 2790
279500.0 280000.0   CHOL 286 2795 2800
282000.0 282500.0   CHOL 286 2820 2825
284500.0 285000.0   CHOL 286 2845 2850
286000.0 286500.0   CHOL 286 2860 2865
287500.0 288000.0   CHOL 286 2875 2880
293500.0 294000.0   CHOL 286 2935 2940
294500.0 295000.0   CHOL 286 2945 2950
296500.0 297000.0   CHOL 286 2965 2970
298500.0 299000.0   CHOL 286 2985 2990
300000.0 300500.0   CHOL 286 3000 3005
305000.0 305500.0   CHOL 286 3050 3055
308500.0 309000.0   CHOL 286 3085 3090
309500.0 310000.0   CHOL 286 3095 3100
311500.0 312000.0   CHOL 286 3115 3120
312500.0 313000.0   CHOL 286 3125 3130
313500.0 314000.0   CHOL 286 3135 3140
315500.0 316000.0   CHOL 286 3155 3160
318000.0 318500.0   CHOL 286 3180 3185
319500.0 320000.0   CHOL 286 3195 3200
320500.0 321000.0   CHOL 286 3205 3210
323000.0 323500.0   CHOL 286 3230 3235
325500.0 326000.0   CHOL 286 3255 3260
327000.0 327500.0   CHOL 286 3270 3275
328500.0 329000.0   CHOL 286 3285 3290
330000.0 330500.0   CHOL 286 3300 3305
333000.0 333500.0   CHOL 286 3330 3335
336500.0 337000.0   CHOL 286 3365 3370
339000.0 339500.0   CHOL 286 3390 3395
340000.0 340500.0   CHOL 286 3400 3405
341500.0 342000.0   CHOL 286 3415 3420
344000.0 344500.0   CHOL 286 3440 3445
346500.0 347000.0   CHOL 286 3465 3470
347500.0 348000.0   CHOL 286 3475 3480
349500.0 350000.0   CHOL 286 3495 3500
350500.0 351000.0   CHOL 286 3505 3510
352500.0 353000.0   CHOL 286 3525 3530
354500.0 355000.0   CHOL 286 3545 3550
357500.0 358000.0   CHOL 286 3575 3580
359000.0 359500.0   CHOL 286 3590 3595
361500.0 362000.0   CHOL 286 3615 3620
363500.0 364000.0   CHOL 286 3635 3640
365500.0 366000.0   CHOL 286 3655 3660
366000.0 366500.0   CHOL 274 3660 3665
367500.0 368000.0   CHOL 286 3675 3680
370000.0 370500.0   CHOL 286 3700 3705
372000.0 372500.0   CHOL 286 3720 3725
373000.0 373500.0   CHOL 286 3730 3735
375000.0 375500.0   CHOL 286 3750 3755
376500.0 377000.0   CHOL 286 3765 3770
379000.0 379500.0   CHOL 286 3790 3795
381500.0 382000.0   CHOL 286 3815 3820
382500.0 383000.0   CHOL 286 3825 3830
385500.0 386000.0   CHOL 286 3855 3860
387500.0 388000.0   CHOL 286 3875 3880
390000.0 390500.0   CHOL 286 3900 3905
392000.0 392500.0   CHOL 286 3920 3925
393000.0 393500.0   CHOL 286 3930 3935
397000.0 397500.0   CHOL 286 3970 3975
398500.0 399000.0   CHOL 274 3985 3990
399000.0 399500.0   CHOL 286 3990 3995
399500.0 400000.0   CHOL 274 3995 4000
400000.0 400500.0   CHOL 286 4000 4005
401500.0 402000.0   CHOL 274 4015 4020
401500.0 402000.0   CHOL 286 4015 4020
405000.0 405500.0   CHOL 286 4050 4055
406000.0 406500.0   CHOL 286 4060 4065
408000.0 408500.0   CHOL 286 4080 4085
410000.0 410500.0   CHOL 286 4100 4105
411500.0 412000.0   CHOL 286 4115 4120
413500.0 414000.0   CHOL 286 4135 4140
416500.0 417000.0   CHOL 286 4165 4170
420000.0 420500.0   CHOL 286 4200 4205
421500.0 422000.0   CHOL 286 4215 4220
423000.0 423500.0   CHOL 286 4230 4235
424500.0 425000.0   CHOL 286 4245 4250
426500.0 427000.0   CHOL 286 4265 4270
427500.0 428000.0   CHOL 286 4275 4280
429000.0 429500.0   CHOL 286 4290 4295
432500.0 433000.0   CHOL 286 4325 4330
433500.0 434000.0   CHOL 286 4335 4340
437500.0 438000.0   CHOL 286 4375 4380
440000.0 440500.0   CHOL 286 4400 4405
441500.0 442000.0   CHOL 286 4415 4420
443000.0 443500.0   CHOL 286 4430 4435
444500.0 445000.0   CHOL 286 4445 4450
448000.0 448500.0   CHOL 286 4480 4485
449500.0 450000.0   CHOL 286 4495 4500
451000.0 451500.0   CHOL 286 4510 4515
452000.0 452500.0   CHOL 286 4520 4525
453000.0 453500.0   CHOL 286 4530 4535
455500.0 456000.0   CHOL 286 4555 4560
461500.0 462000.0   CHOL 286 4615 4620
463000.0 463500.0   CHOL 286 4630 4635
465000.0 465500.0   CHOL 286 4650 4655
466000.0 466500.0   CHOL 286 4660 4665
467000.0 467500.0   CHOL 286 4670 4675
470500.0 471000.0   CHOL 286 4705 4710
472500.0 473000.0   CHOL 286 4725 4730
474000.0 474500.0   CHOL 286 4740 4745
475500.0 476000.0   CHOL 286 4755 4760
477500.0 478000.0   CHOL 286 4775 4780
480500.0 481000.0   CHOL 286 4805 4810
481500.0 482000.0   CHOL 286 4815 4820
483000.0 483500.0   CHOL 286 4830 4835
485500.0 486000.0   CHOL 286 4855 4860
487500.0 488000.0   CHOL 286 4875 4880
490500.0 491000.0   CHOL 286 4905 4910
491500.0 492000.0   CHOL 286 4915 4920
496000.0 496500.0   CHOL 286 4960 4965
497500.0 498000.0   CHOL 286 4975 4980
499000.0 499500.0   CHOL 286 4990 4995
501500.0 502000.0   CHOL 286 5015 5020
503500.0 504000.0   CHOL 286 5035 5040
505000.0 505500.0   CHOL 286 5050 5055
509500.0 510000.0   CHOL 286 5095 5100
511000.0 511500.0   CHOL 286 5110 5115
512500.0 513000.0   CHOL 286 5125 5130
514000.0 514500.0   CHOL 286 5140 5145
515000.0 515500.0   CHOL 286 5150 5155
516500.0 517000.0   CHOL 286 5165 5170
517500.0 518000.0   CHOL 286 5175 5180
518500.0 519000.0   CHOL 286 5185 5190
520000.0 520500.0   CHOL 286 5200 5205
521500.0 522000.0   CHOL 286 5215 5220
523000.0 523500.0   CHOL 286 5230 5235
524000.0 524500.0   CHOL 286 5240 5245
526000.0 526500.0   CHOL 286 5260 5265
528000.0 528500.0   CHOL 286 5280 5285
530500.0 531000.0   CHOL 286 5305 5310
532000.0 532500.0   CHOL 286 5320 5325
533500.0 534000.0   CHOL 286 5335 5340
536000.0 536500.0   CHOL 286 5360 5365
545000.0 545500.0   CHOL 286 5450 5455
547000.0 547500.0   CHOL 286 5470 5475
551000.0 551500.0   CHOL 286 5510 5515
552000.0 552500.0   CHOL 286 5520 5525
554500.0 555000.0   CHOL 265 5545 5550
555000.0 555500.0   CHOL 286 5550 5555
556500.0 557000.0   CHOL 286 5565 5570
557500.0 558000.0   CHOL 265 5575 5580
559000.0 559500.0   CHOL 286 5590 5595
560000.0 560500.0   CHOL 286 5600 5605
561500.0 562000.0   CHOL 286 5615 5620
562500.0 563000.0   CHOL 286 5625 5630
567000.0 567500.0   CHOL 286 5670 5675
568000.0 568500.0   CHOL 286 5680 5685
569000.0 569500.0   CHOL 286 5690 5695
571500.0 572000.0   CHOL 286 5715 5720
574000.0 574500.0   CHOL 286 5740 5745
576000.0 576500.0   CHOL 286 5760 5765
578000.0 578500.0   CHOL 286 5780 5785
580500.0 581000.0   CHOL 286 5805 5810
585000.0 585500.0   CHOL 286 5850 5855
586500.0 587000.0   CHOL 286 5865 5870
587500.0 588000.0   CHOL 286 5875 5880
589000.0 589500.0   CHOL 286 5890 5895
589500.0 590000.0   CHOL 285 5895 5900
592000.0 592500.0   CHOL 286 5920 5925
593500.0 594000.0   CHOL 286 5935 5940
595000.0 595500.0   CHOL 286 5950 5955
596500.0 597000.0   CHOL 286 5965 5970
599000.0 599500.0   CHOL 286 5990 5995
601000.0 601500.0   CHOL 286 6010 6015
602000.0 602500.0   CHOL 286 6020 6025
607500.0 608000.0   CHOL 286 6075 6080
611000.0 611500.0   CHOL 286 6110 6115
613500.0 614000.0   CHOL 286 6135 6140
614500.0 615000.0   CHOL 286 6145 6150
616500.0 617000.0   CHOL 286 6165 6170
619000.0 619500.0   CHOL 286 6190 6195
620000.0 620500.0   CHOL 261 6200 6205
620500.0 621000.0   CHOL 286 6205 6210
621500.0 622000.0   CHOL 286 6215 6220
625000.0 625500.0   CHOL 286 6250 6255
627000.0 627500.0   CHOL 286 6270 6275
630000.0 630500.0   CHOL 286 6300 6305
631500.0 632000.0   CHOL 286 6315 6320
633000.0 633500.0   CHOL 286 6330 6335
635500.0 636000.0   CHOL 286 6355 6360
638000.0 638500.0   CHOL 286 6380 6385
639000.0 639500.0   CHOL 286 6390 6395
641500.0 642000.0   CHOL 286 6415 6420
642500.0 643000.0   CHOL 286 6425 6430
643500.0 644000.0   CHOL 286 6435 6440
646500.0 647000.0   CHOL 286 6465 6470
648000.0 648500.0   CHOL 286 6480 6485
649000.0 649500.0   CHOL 286 6490 6495
651500.0 652000.0   CHOL 286 6515 6520
654000.0 654500.0   CHOL 286 6540 6545
656000.0 656500.0   CHOL 286 6560 6565
658000.0 658500.0   CHOL 286 6580 6585
659000.0 659500.0   CHOL 286 6590 6595
664000.0 664500.0   CHOL 286 6640 6645
665000.0 665500.0   CHOL 271 6650 6655
668000.0 668500.0   CHOL 286 6680 6685
671000.0 671500.0   CHOL 286 6710 6715
671500.0 672000.0   CHOL 271 6715 6720
672500.0 673000.0   CHOL 286 6725 6730
674500.0 675000.0   CHOL 286 6745 6750
675500.0 676000.0   CHOL 286 6755 6760
676500.0 677000.0   CHOL 286 6765 6770
678000.0 678500.0   CHOL 286 6780 6785
679500.0 680000.0   CHOL 286 6795 6800
681000.0 681500.0   CHOL 286 6810 6815
683500.0 684000.0   CHOL 286 6835 6840
687000.0 687500.0   CHOL 286 6870 6875
693000.0 693500.0   CHOL 286 6930 6935
695500.0 696000.0   CHOL 286 6955 6960
699500.0 700000.0   CHOL 286 6995 7000
701500.0 702000.0   CHOL 286 7015 7020
704500.0 705000.0   CHOL 286 7045 7050
706000.0 706500.0   CHOL 286 7060 7065
707000.0 707500.0   CHOL 286 7070 7075
708500.0 709000.0   CHOL 286 7085 7090
711000.0 711500.0   CHOL 286 7110 7115
715500.0 716000.0   CHOL 286 7155 7160
717000.0 717500.0   CHOL 286 7170 7175
718500.0 719000.0   CHOL 286 7185 7190
719500.0 720000.0   CHOL 286 7195 7200
722500.0 723000.0   CHOL 286 7225 7230
724500.0 725000.0   CHOL 286 7245 7250
727500.0 728000.0   CHOL 286 7275 7280
730000.0 730500.0   CHOL 286 7300 7305
733000.0 733500.0   CHOL 286 7330 7335
735500.0 736000.0   CHOL 286 7355 7360
737000.0 737500.0   CHOL 286 7370 7375
739000.0 739500.0   CHOL 286 7390 7395
741500.0 742000.0   CHOL 286 7415 7420
743000.0 743500.0   CHOL 286 7430 7435
748000.0 748500.0   CHOL 286 7480 7485
750000.0 750500.0   CHOL 286 7500 7505
752000.0 752500.0   CHOL 286 7520 7525
753500.0 754000.0   CHOL 286 7535 7540
754500.0 755000.0   CHOL 286 7545 7550
757500.0 758000.0   CHOL 286 7575 7580
759000.0 759500.0   CHOL 286 7590 7595
761500.0 762000.0   CHOL 286 7615 7620
765500.0 766000.0   CHOL 286 7655 7660
766500.0 767000.0   CHOL 286 7665 7670
769000.0 769500.0   CHOL 286 7690 7695
772000.0 772500.0   CHOL 286 7720 7725
775000.0 775500.0   CHOL 286 7750 7755
777000.0 777500.0   CHOL 286 7770 7775
779000.0 779500.0   CHOL 286 7790 7795
780000.0 780500.0   CHOL 286 7800 7805
781500.0 782000.0   CHOL 286 7815 7820
783500.0 784000.0   CHOL 286 7835 7840
785500.0 786000.0   CHOL 286 7855 7860
786500.0 787000.0   CHOL 286 7865 7870
789000.0 789500.0   CHOL 286 7890 7895
791000.0 791500.0   CHOL 286 7910 7915
792500.0 793000.0   CHOL 286 7925 7930
794000.0 794500.0   CHOL 286 7940 7945
797500.0 798000.0   CHOL 286 7975 7980
798500.0 799000.0   CHOL 286 7985 7990
803500.0 804000.0   CHOL 286 8035 8040
804500.0 805000.0   CHOL 286 8045 8050
807500.0 808000.0   CHOL 286 8075 8080
810000.0 810500.0   CHOL 286 8100 8105
814500.0 815000.0   CHOL 286 8145 8150
817000.0 817500.0   CHOL 286 8170 8175
818000.0 818500.0   CHOL 286 8180 8185
818500.0 819000.0   CHOL 267 8185 8190
820500.0 821000.0   CHOL 286 8205 8210
822000.0 822500.0   CHOL 267 8220 8225
822000.0 822500.0   CHOL 286 8220 8225
823500.0 824000.0   CHOL 286 8235 8240
825000.0 825500.0   CHOL 286 8250 8255
827500.0 828000.0   CHOL 286 8275 8280
830500.0 831000.0   CHOL 286 8305 8310
836500.0 837000.0   CHOL 286 8365 8370
840000.0 840500.0   CHOL 286 8400 8405
844000.0 844500.0   CHOL 286 8440 8445
845000.0 845500.0   CHOL 286 8450 8455
847000.0 847500.0   CHOL 286 8470 8475
851500.0 852000.0   CHOL 286 8515 8520
852500.0 853000.0   CHOL 286 8525 8530
856000.0 856500.0   CHOL 286 8560 8565
857500.0 858000.0   CHOL 286 8575 8580
860000.0 860500.0   CHOL 286 8600 8605
862500.0 863000.0   CHOL 286 8625 8630
864000.0 864500.0   CHOL 286 8640 8645
867500.0 868000.0   CHOL 286 8675 8680
869000.0 869500.0   CHOL 286 8690 8695
870000.0 870500.0   CHOL 286 8700 8705
871500.0 872000.0   CHOL 286 8715 8720
873500.0 874000.0   CHOL 286 8735 8740
878000.0 878500.0   CHOL 286 8780 8785
880000.0 880500.0   CHOL 286 8800 8805
881500.0 882000.0   CHOL 286 8815 8820
884500.0 885000.0   CHOL 286 8845 8850
886000.0 886500.0   CHOL 286 8860 8865
889000.0 889500.0   CHOL 286 8890 8895
890000.0 890500.0   CHOL 286 8900 8905
892000.0 892500.0   CHOL 286 8920 8925
894000.0 894500.0   CHOL 286 8940 8945
897500.0 898000.0   CHOL 286 8975 8980
899000.0 899500.0   CHOL 286 8990 8995
900000.0 900500.0   CHOL 286 9000 9005
901500.0 902000.0   CHOL 286 9015 9020
905000.0 905500.0   CHOL 286 9050 9055
907000.0 907500.0   CHOL 286 9070 9075
911000.0 911500.0   CHOL 286 9110 9115
912000.0 912500.0   CHOL 286 9120 9125
914500.0 915000.0   CHOL 286 9145 9150
917500.0 918000.0   CHOL 286 9175 9180
919500.0 920000.0   CHOL 286 9195 9200
920500.0 921000.0   CHOL 286 9205 9210
922500.0 923000.0   CHOL 286 9225 9230
923500.0 924000.0   CHOL 286 9235 9240
924500.0 925000.0   CHOL 286 9245 9250
926000.0 926500.0   CHOL 286 9260 9265
928500.0 929000.0   CHOL 286 9285 9290
930500.0 931000.0   CHOL 286 9305 9310
933000.0 933500.0   CHOL 286 9330 9335
937000.0 937500.0   CHOL 286 9370 9375
938000.0 938500.0   CHOL 286 9380 9385
939500.0 940000.0   CHOL 286 9395 9400
941000.0 941500.0   CHOL 286 9410 9415
945500.0 946000.0   CHOL 286 9455 9460
947000.0 947500.0   CHOL 286 9470 9475
948500.0 949000.0   CHOL 286 9485 9490
950500.0 951000.0   CHOL 286 9505 9510
952500.0 953000.0   CHOL 286 9525 9530
954000.0 954500.0   CHOL 286 9540 9545
955500.0 956000.0   CHOL 286 9555 9560
958000.0 958500.0   CHOL 286 9580 9585
959500.0 960000.0   CHOL 286 9595 9600
960000.0 960500.0   CHOL 281 9600 9605
960500.0 961000.0   CHOL 286 9605 9610
962000.0 962500.0   CHOL 286 9620 9625
962500.0 963000.0   CHOL 281 9625 9630
964500.0 965000.0   CHOL 281 9645 9650
965500.0 966000.0   CHOL 286 9655 9660
967500.0 968000.0   CHOL 286 9675 9680
970000.0 970500.0   CHOL 286 9700 9705
971000.0 971500.0   CHOL 286 9710 9715
974500.0 975000.0   CHOL 286 9745 9750
975500.0 976000.0   CHOL 286 9755 9760
978000.0 978500.0   CHOL 286 9780 9785
979000.0 979500.0   CHOL 286 9790 9795
982000.0 982500.0   CHOL 286 9820 9825
985500.0 986000.0   CHOL 286 9855 9860
990500.0 991000.0   CHOL 286 9905 9910
992000.0 992500.0   CHOL 286 9920 9925
993500.0 994000.0   CHOL 286 9935 9940
994500.0 995000.0   CHOL 286 9945 9950
997000.0 997500.0   CHOL 286 9970 9975
1001000.0 1001500.0   CHOL 286 10010 10015
1003000.0 1003500.0   CHOL 286 10030 10035
1005500.0 1006000.0   CHOL 286 10055 10060
1008000.0 1008500.0   CHOL 286 10080 10085
1010500.0 1011000.0   CHOL 286 10105 10110
1012500.0 1013000.0   CHOL 286 10125 10130
1015000.0 1015500.0   CHOL 286 10150 10155
1016500.0 1017000.0   CHOL 286 10165 10170
1019000.0 1019500.0   CHOL 286 10190 10195
1021000.0 1021500.0   CHOL 286 10210 10215
1023500.0 1024000.0   CHOL 286 10235 10240
1025500.0 1026000.0   CHOL 286 10255 10260
1028000.0 1028500.0   CHOL 286 10280 10285
1031000.0 1031500.0   CHOL 286 10310 10315
1033500.0 1034000.0   CHOL 286 10335 10340
1035000.0 1035500.0   CHOL 286 10350 10355
1038500.0 1039000.0   CHOL 286 10385 10390
1040000.0 1040500.0   CHOL 286 10400 10405
1041000.0 1041500.0   CHOL 286 10410 10415
1044500.0 1045000.0   CHOL 286 10445 10450
1045500.0 1046000.0   CHOL 286 10455 10460
1047000.0 1047500.0   CHOL 286 10470 10475
1052500.0 1053000.0   CHOL 286 10525 10530
1054000.0 1054500.0   CHOL 286 10540 10545
1057000.0 1057500.0   CHOL 286 10570 10575
1060000.0 1060500.0   CHOL 286 10600 10605
1061000.0 1061500.0   CHOL 286 10610 10615
1064000.0 1064500.0   CHOL 286 10640 10645
1067000.0 1067500.0   CHOL 286 10670 10675
1068500.0 1069000.0   CHOL 286 10685 10690
1070000.0 1070500.0   CHOL 286 10700 10705
1073000.0 1073500.0   CHOL 286 10730 10735
1075500.0 1076000.0   CHOL 286 10755 10760
1077500.0 1078000.0   CHOL 286 10775 10780
1079000.0 1079500.0   CHOL 286 10790 10795
1080000.0 1080500.0   CHOL 286 10800 10805
1082500.0 1083000.0   CHOL 286 10825 10830
1083500.0 1084000.0   CHOL 286 10835 10840
1086000.0 1086500.0   CHOL 286 10860 10865
1088000.0 1088500.0   CHOL 286 10880 10885
1089000.0 1089500.0   CHOL 286 10890 10895
1090000.0 1090500.0   CHOL 286 10900 10905
1091500.0 1092000.0   CHOL 286 10915 10920
1092500.0 1093000.0   CHOL 286 10925 10930
1096000.0 1096500.0   CHOL 286 10960 10965
1097500.0 1098000.0   CHOL 286 10975 10980
1098500.0 1099000.0   CHOL 286 10985 10990
1101000.0 1101500.0   CHOL 286 11010 11015
1103000.0 1103500.0   CHOL 286 11030 11035
1104500.0 1105000.0   CHOL 286 11045 11050
1109000.0 1109500.0   CHOL 286 11090 11095
1110000.0 1110500.0   CHOL 286 11100 11105
1111000.0 1111500.0   CHOL 286 11110 11115
1113000.0 1113500.0   CHOL 286 11130 11135
1115000.0 1115500.0   CHOL 286 11150 11155
1118500.0 1119000.0   CHOL 286 11185 11190
1122500.0 1123000.0   CHOL 286 11225 11230
1123500.0 1124000.0   CHOL 286 11235 11240
1125500.0 1126000.0   CHOL 286 11255 11260
1128000.0 1128500.0   CHOL 286 11280 11285
1129000.0 1129500.0   CHOL 286 11290 11295
1131000.0 1131500.0   CHOL 286 11310 11315
1134500.0 1135000.0   CHOL 286 11345 11350
1137000.0 1137500.0   CHOL 286 11370 11375
1138000.0 1138500.0   CHOL 286 11380 11385
1140000.0 1140500.0   CHOL 286 11400 11405
1141500.0 1142000.0   CHOL 286 11415 11420
1145500.0 1146000.0   CHOL 286 11455 11460
1148000.0 1148500.0   CHOL 286 11480 11485
1152000.0 1152500.0   CHOL 286 11520 11525
1154000.0 1154500.0   CHOL 286 11540 11545
1155500.0 1156000.0   CHOL 286 11555 11560
1157000.0 1157500.0   CHOL 286 11570 11575
1158500.0 1159000.0   CHOL 286 11585 11590
1159500.0 1160000.0   CHOL 286 11595 11600
1160500.0 1161000.0   CHOL 281 11605 11610
1162000.0 1162500.0   CHOL 286 11620 11625
1163500.0 1164000.0   CHOL 286 11635 11640
1165000.0 1165500.0   CHOL 286 11650 11655
1167500.0 1168000.0   CHOL 286 11675 11680
1169000.0 1169500.0   CHOL 286 11690 11695
1173000.0 1173500.0   CHOL 286 11730 11735
1174500.0 1175000.0   CHOL 286 11745 11750
1176500.0 1177000.0   CHOL 286 11765 11770
1177500.0 1178000.0   CHOL 286 11775 11780
1178500.0 1179000.0   CHOL 286 11785 11790
1180000.0 1180500.0   CHOL 286 11800 11805
1181500.0 1182000.0   CHOL 286 11815 11820
1182500.0 1183000.0   CHOL 286 11825 11830
1184000.0 1184500.0   CHOL 286 11840 11845
1189500.0 1190000.0   CHOL 273 11895 11900
1191500.0 1192000.0   CHOL 273 11915 11920
1192000.0 1192500.0   CHOL 286 11920 11925
1193000.0 1193500.0   CHOL 286 11930 11935
1194000.0 1194500.0   CHOL 286 11940 11945
1196500.0 1197000.0   CHOL 286 11965 11970
1198500.0 1199000.0   CHOL 286 11985 11990
1199500.0 1200000.0   CHOL 286 11995 12000
1202000.0 1202500.0   CHOL 286 12020 12025
1204000.0 1204500.0   CHOL 286 12040 12045
1205000.0 1205500.0   CHOL 286 12050 12055
1206000.0 1206500.0   CHOL 286 12060 12065
1207500.0 1208000.0   CHOL 286 12075 12080
1211000.0 1211500.0   CHOL 286 12110 12115
1213000.0 1213500.0   CHOL 286 12130 12135
1215000.0 1215500.0   CHOL 286 12150 12155
1223000.0 1223500.0   CHOL 286 12230 12235
1224000.0 1224500.0   CHOL 286 12240 12245
1229000.0 1229500.0   CHOL 286 12290 12295
1230000.0 1230500.0   CHOL 286 12300 12305
1232500.0 1233000.0   CHOL 286 12325 12330
1234500.0 1235000.0   CHOL 286 12345 12350
1238000.0 1238500.0   CHOL 286 12380 12385
1241500.0 1242000.0   CHOL 286 12415 12420
1243000.0 1243500.0   CHOL 286 12430 12435
1244500.0 1245000.0   CHOL 286 12445 12450
1245500.0 1246000.0   CHOL 286 12455 12460
1246500.0 1247000.0   CHOL 286 12465 12470
1247500.0 1248000.0   CHOL 286 12475 12480
1251500.0 1252000.0   CHOL 286 12515 12520
1253500.0 1254000.0   CHOL 286 12535 12540
1255000.0 1255500.0   CHOL 286 12550 12555
1258000.0 1258500.0   CHOL 286 12580 12585
1259000.0 1259500.0   CHOL 286 12590 12595
1260500.0 1261000.0   CHOL 286 12605 12610
1262000.0 1262500.0   CHOL 286 12620 12625
1265500.0 1266000.0   CHOL 286 12655 12660
1267000.0 1267500.0   CHOL 286 12670 12675
1271500.0 1272000.0   CHOL 286 12715 12720
1272500.0 1273000.0   CHOL 286 12725 12730
1274500.0 1275000.0   CHOL 286 12745 12750
1276500.0 1277000.0   CHOL 286 12765 12770
1279000.0 1279500.0   CHOL 286 12790 12795
1281000.0 1281500.0   CHOL 286 12810 12815
1282500.0 1283000.0   CHOL 286 12825 12830
1284000.0 1284500.0   CHOL 286 12840 12845
1285500.0 1286000.0   CHOL 286 12855 12860
1288000.0 1288500.0   CHOL 286 12880 12885
1290500.0 1291000.0   CHOL 286 12905 12910
1292500.0 1293000.0   CHOL 286 12925 12930
1297000.0 1297500.0   CHOL 286 12970 12975
1298000.0 1298500.0   CHOL 286 12980 12985
1299000.0 1299500.0   CHOL 286 12990 12995
1301000.0 1301500.0   CHOL 286 13010 13015
1302500.0 1303000.0   CHOL 286 13025 13030
1305000.0 1305500.0   CHOL 286 13050 13055
1307500.0 1308000.0   CHOL 286 13075 13080
1310000.0 1310500.0   CHOL 286 13100 13105
1311000.0 1311500.0   CHOL 286 13110 13115
1313000.0 1313500.0   CHOL 286 13130 13135
1314500.0 1315000.0   CHOL 286 13145 13150
1315500.0 1316000.0   CHOL 286 13155 13160
1317000.0 1317500.0   CHOL 286 13170 13175
1320500.0 1321000.0   CHOL 286 13205 13210
1321500.0 1322000.0   CHOL 286 13215 13220
1322500.0 1323000.0   CHOL 286 13225 13230
1326000.0 1326500.0   CHOL 286 13260 13265
1328500.0 1329000.0   CHOL 286 13285 13290
1331000.0 1331500.0   CHOL 286 13310 13315
1333000.0 1333500.0   CHOL 286 13330 13335
1336000.0 1336500.0   CHOL 286 13360 13365
1337000.0 1337500.0   CHOL 286 13370 13375
1338500.0 1339000.0   CHOL 286 13385 13390
1339500.0 1340000.0   CHOL 286 13395 13400
1341500.0 1342000.0   CHOL 286 13415 13420
1344000.0 1344500.0   CHOL 286 13440 13445
1346000.0 1346500.0   CHOL 286 13460 13465
1347500.0 1348000.0   CHOL 286 13475 13480
1349500.0 1350000.0   CHOL 286 13495 13500
1354500.0 1355000.0   CHOL 286 13545 13550
1361500.0 1362000.0   CHOL 286 13615 13620
1366000.0 1366500.0   CHOL 286 13660 13665
1367500.0 1368000.0   CHOL 286 13675 13680
1370000.0 1370500.0   CHOL 286 13700 13705
1371500.0 1372000.0   CHOL 286 13715 13720
1373500.0 1374000.0   CHOL 286 13735 13740
1376500.0 1377000.0   CHOL 286 13765 13770
1378500.0 1379000.0   CHOL 286 13785 13790
1380000.0 1380500.0   CHOL 286 13800 13805
1381500.0 1382000.0   CHOL 286 13815 13820
1382500.0 1383000.0   CHOL 286 13825 13830
1384500.0 1385000.0   CHOL 286 13845 13850
1386500.0 1387000.0   CHOL 286 13865 13870
1387500.0 1388000.0   CHOL 286 13875 13880
1392500.0 1393000.0   CHOL 286 13925 13930
1393500.0 1394000.0   CHOL 286 13935 13940
1395500.0 1396000.0   CHOL 286 13955 13960
1396500.0 1397000.0   CHOL 269 13965 13970
1398500.0 1399000.0   CHOL 286 13985 13990
1401500.0 1402000.0   CHOL 265 14015 14020
1402000.0 1402500.0   CHOL 286 14020 14025
1405000.0 1405500.0   CHOL 265 14050 14055
1408500.0 1409000.0   CHOL 286 14085 14090
1410500.0 1411000.0   CHOL 286 14105 14110
1412500.0 1413000.0   CHOL 286 14125 14130
1413500.0 1414000.0   CHOL 286 14135 14140
1415500.0 1416000.0   CHOL 286 14155 14160
1417500.0 1418000.0   CHOL 286 14175 14180
1419500.0 1420000.0   CHOL 286 14195 14200
1422000.0 1422500.0   CHOL 286 14220 14225
1424000.0 1424500.0   CHOL 286 14240 14245
1425500.0 1426000.0   CHOL 286 14255 14260
1427000.0 1427500.0   CHOL 286 14270 14275
1428500.0 1429000.0   CHOL 286 14285 14290
1430500.0 1431000.0   CHOL 286 14305 14310
1431500.0 1432000.0   CHOL 286 14315 14320
1435000.0 1435500.0   CHOL 286 14350 14355
1439500.0 1440000.0   CHOL 286 14395 14400
1441000.0 1441500.0   CHOL 286 14410 14415
1445500.0 1446000.0   CHOL 286 14455 14460
1447500.0 1448000.0   CHOL 286 14475 14480
1449500.0 1450000.0   CHOL 286 14495 14500
1451500.0 1452000.0   CHOL 286 14515 14520
1452500.0 1453000.0   CHOL 286 14525 14530
1454500.0 1455000.0   CHOL 286 14545 14550
1456000.0 1456500.0   CHOL 286 14560 14565
1458500.0 1459000.0   CHOL 286 14585 14590
1460500.0 1461000.0   CHOL 286 14605 14610
1462000.0 1462500.0   CHOL 286 14620 14625
1463000.0 1463500.0   CHOL 286 14630 14635
1465500.0 1466000.0   CHOL 286 14655 14660
1466500.0 1467000.0   CHOL 286 14665 14670
1468500.0 1469000.0   CHOL 286 14685 14690
1471000.0 1471500.0   CHOL 286 14710 14715
1472500.0 1473000.0   CHOL 286 14725 14730
1475000.0 1475500.0   CHOL 286 14750 14755
1476000.0 1476500.0   CHOL 286 14760 14765
1479500.0 1480000.0   CHOL 286 14795 14800
1481500.0 1482000.0   CHOL 286 14815 14820
1484000.0 1484500.0   CHOL 286 14840 14845
1487500.0 1488000.0   CHOL 286 14875 14880
1491500.0 1492000.0   CHOL 286 14915 14920
1495000.0 1495500.0   CHOL 286 14950 14955
1498000.0 1498500.0   CHOL 286 14980 14985
1500500.0 1501000.0   CHOL 286 15005 15010
1501500.0 1502000.0   CHOL 286 15015 15020
1503000.0 1503500.0   CHOL 286 15030 15035
1504000.0 1504500.0   CHOL 286 15040 15045
1505000.0 1505500.0   CHOL 286 15050 15055
1506500.0 1507000.0   CHOL 286 15065 15070
1509000.0 1509500.0   CHOL 286 15090 15095
1510000.0 1510500.0   CHOL 286 15100 15105
1512000.0 1512500.0   CHOL 286 15120 15125
1513500.0 1514000.0   CHOL 286 15135 15140
1518500.0 1519000.0   CHOL 286 15185 15190
1521500.0 1522000.0   CHOL 286 15215 15220
1523500.0 1524000.0   CHOL 286 15235 15240
1526500.0 1527000.0   CHOL 286 15265 15270
1532000.0 1532500.0   CHOL 286 15320 15325
1534500.0 1535000.0   CHOL 286 15345 15350
1537000.0 1537500.0   CHOL 286 15370 15375
1538000.0 1538500.0   CHOL 286 15380 15385
1539000.0 1539500.0   CHOL 286 15390 15395
1542500.0 1543000.0   CHOL 286 15425 15430
1543500.0 1544000.0   CHOL 286 15435 15440
1548000.0 1548500.0   CHOL 286 15480 15485
1551000.0 1551500.0   CHOL 286 15510 15515
1555000.0 1555500.0   CHOL 286 15550 15555
1557500.0 1558000.0   CHOL 286 15575 15580
1558000.0 1558500.0   CHOL 264 15580 15585
1559500.0 1560000.0   CHOL 286 15595 15600
1562500.0 1563000.0   CHOL 286 15625 15630
1564000.0 1564500.0   CHOL 264 15640 15645
1564500.0 1565000.0   CHOL 286 15645 15650
1565000.0 1565500.0   CHOL 264 15650 15655
1565500.0 1566000.0   CHOL 286 15655 15660
1566000.0 1566500.0   CHOL 264 15660 15665
1568000.0 1568500.0   CHOL 264 15680 15685
1568000.0 1568500.0   CHOL 286 15680 15685
1569500.0 1570000.0   CHOL 286 15695 15700
1571000.0 1571500.0   CHOL 286 15710 15715
1573000.0 1573500.0   CHOL 286 15730 15735
1574000.0 1574500.0   CHOL 286 15740 15745
1575500.0 1576000.0   CHOL 286 15755 15760
1577000.0 1577500.0   CHOL 286 15770 15775
1578500.0 1579000.0   CHOL 286 15785 15790
1582500.0 1583000.0   CHOL 286 15825 15830
1583500.0 1584000.0   CHOL 286 15835 15840
1584500.0 1585000.0   CHOL 286 15845 15850
1585500.0 1586000.0   CHOL 286 15855 15860
1587500.0 1588000.0   CHOL 286 15875 15880
1589000.0 1589500.0   CHOL 286 15890 15895
1591000.0 1591500.0   CHOL 286 15910 15915
1593000.0 1593500.0   CHOL 286 15930 15935
1596000.0 1596500.0   CHOL 286 15960 15965
1597500.0 1598000.0   CHOL 286 15975 15980
1602000.0 1602500.0   CHOL 286 16020 16025
1604500.0 1605000.0   CHOL 286 16045 16050
1605500.0 1606000.0   CHOL 286 16055 16060
1606500.0 1607000.0   CHOL 286 16065 16070
1608500.0 1609000.0   CHOL 286 16085 16090
1609500.0 1610000.0   CHOL 286 16095 16100
1610500.0 1611000.0   CHOL 286 16105 16110
1612000.0 1612500.0   CHOL 286 16120 16125
1615000.0 1615500.0   CHOL 286 16150 16155
1616500.0 1617000.0   CHOL 286 16165 16170
1618500.0 1619000.0   CHOL 286 16185 16190
1620000.0 1620500.0   CHOL 286 16200 16205
1622500.0 1623000.0   CHOL 286 16225 16230
1623500.0 1624000.0   CHOL 286 16235 16240
1625000.0 1625500.0   CHOL 286 16250 16255
1626000.0 1626500.0   CHOL 286 16260 16265
1628500.0 1629000.0   CHOL 286 16285 16290
1630500.0 1631000.0   CHOL 286 16305 16310
1632000.0 1632500.0   CHOL 286 16320 16325
1633500.0 1634000.0   CHOL 286 16335 16340
1635500.0 1636000.0   CHOL 286 16355 16360
1636500.0 1637000.0   CHOL 286 16365 16370
1639000.0 1639500.0   CHOL 286 16390 16395
1641500.0 1642000.0   CHOL 286 16415 16420
1643500.0 1644000.0   CHOL 286 16435 16440
1645000.0 1645500.0   CHOL 286 16450 16455
1646000.0 1646500.0   CHOL 286 16460 16465
1647500.0 1648000.0   CHOL 286 16475 16480
1650000.0 1650500.0   CHOL 286 16500 16505
1653000.0 1653500.0   CHOL 286 16530 16535
1654000.0 1654500.0   CHOL 286 16540 16545
1655000.0 1655500.0   CHOL 286 16550 16555
1656000.0 1656500.0   CHOL 286 16560 16565
1657000.0 1657500.0   CHOL 286 16570 16575
1658000.0 1658500.0   CHOL 286 16580 16585
1659500.0 1660000.0   CHOL 286 16595 16600
1661000.0 1661500.0   CHOL 286 16610 16615
1669000.0 1669500.0   CHOL 286 16690 16695
1670500.0 1671000.0   CHOL 286 16705 16710
1672500.0 1673000.0   CHOL 286 16725 16730
1676000.0 1676500.0   CHOL 286 16760 16765
1677500.0 1678000.0   CHOL 286 16775 16780
1680000.0 1680500.0   CHOL 286 16800 16805
1681000.0 1681500.0   CHOL 286 16810 16815
1683000.0 1683500.0   CHOL 286 16830 16835
1685500.0 1686000.0   CHOL 286 16855 16860
1689000.0 1689500.0   CHOL 286 16890 16895
1691500.0 1692000.0   CHOL 286 16915 16920
1692500.0 1693000.0   CHOL 286 16925 16930
1695000.0 1695500.0   CHOL 286 16950 16955
1697500.0 1698000.0   CHOL 286 16975 16980
1700000.0 1700500.0   CHOL 286 17000 17005
1701000.0 1701500.0   CHOL 286 17010 17015
1703000.0 1703500.0   CHOL 286 17030 17035
1707000.0 1707500.0   CHOL 286 17070 17075
1709000.0 1709500.0   CHOL 286 17090 17095
1713000.0 1713500.0   CHOL 286 17130 17135
1714000.0 1714500.0   CHOL 264 17140 17145
1715000.0 1715500.0   CHOL 286 17150 17155
1717000.0 1717500.0   CHOL 264 17170 17175
1717500.0 1718000.0   CHOL 286 17175 17180
1718500.0 1719000.0   CHOL 264 17185 17190
1719000.0 1719500.0   CHOL 286 17190 17195
1720000.0 1720500.0   CHOL 264 17200 17205
1720500.0 1721000.0   CHOL 286 17205 17210
1723000.0 1723500.0   CHOL 286 17230 17235
1728000.0 1728500.0   CHOL 286 17280 17285
1730000.0 1730500.0   CHOL 286 17300 17305
1732000.0 1732500.0   CHOL 286 17320 17325
1733000.0 1733500.0   CHOL 286 17330 17335
1734500.0 1735000.0   CHOL 286 17345 17350
1735500.0 1736000.0   CHOL 286 17355 17360
1737500.0 1738000.0   CHOL 286 17375 17380
1740000.0 1740500.0   CHOL 286 17400 17405
1741500.0 1742000.0   CHOL 286 17415 17420
1747500.0 1748000.0   CHOL 286 17475 17480
1750000.0 1750500.0   CHOL 286 17500 17505
1751500.0 1752000.0   CHOL 286 17515 17520
1753000.0 1753500.0   CHOL 286 17530 17535
1754000.0 1754500.0   CHOL 286 17540 17545
1756000.0 1756500.0   CHOL 286 17560 17565
1760500.0 1761000.0   CHOL 286 17605 17610
1764500.0 1765000.0   CHOL 286 17645 17650
1765500.0 1766000.0   CHOL 286 17655 17660
1767500.0 1768000.0   CHOL 286 17675 17680
1771000.0 1771500.0   CHOL 286 17710 17715
1773000.0 1773500.0   CHOL 286 17730 17735
1774500.0 1775000.0   CHOL 286 17745 17750
1775500.0 1776000.0   CHOL 286 17755 17760
1777000.0 1777500.0   CHOL 286 17770 17775
1779000.0 1779500.0   CHOL 286 17790 17795
1783000.0 1783500.0   CHOL 286 17830 17835
1786500.0 1787000.0   CHOL 286 17865 17870
1788000.0 1788500.0   CHOL 286 17880 17885
1789500.0 1790000.0   CHOL 286 17895 17900
1790500.0 1791000.0   CHOL 286 17905 17910
1792000.0 1792500.0   CHOL 286 17920 17925
1796000.0 1796500.0   CHOL 286 17960 17965
1796500.0 1797000.0   CHOL 274 17965 17970
1799000.0 1799500.0   CHOL 274 17990 17995
1799500.0 1800000.0   CHOL 286 17995 18000
1800000.0 1800500.0   CHOL 274 18000 18005
1800500.0 1801000.0   CHOL 286 18005 18010
1801000.0 1801500.0   CHOL 274 18010 18015
1802000.0 1802500.0   CHOL 286 18020 18025
1802500.0 1803000.0   CHOL 274 18025 18030
1804000.0 1804500.0   CHOL 286 18040 18045
1805500.0 1806000.0   CHOL 286 18055 18060
1806500.0 1807000.0   CHOL 286 18065 18070
1808000.0 1808500.0   CHOL 286 18080 18085
1809000.0 1809500.0   CHOL 274 18090 18095
1811000.0 1811500.0   CHOL 274 18110 18115
1812000.0 1812500.0   CHOL 286 18120 18125
1813500.0 1814000.0   CHOL 286 18135 18140
1815000.0 1815500.0   CHOL 286 18150 18155
1816000.0 1816500.0   CHOL 286 18160 18165
1817500.0 1818000.0   CHOL 286 18175 18180
1819000.0 1819500.0   CHOL 286 18190 18195
1821000.0 1821500.0   CHOL 286 18210 18215
1823000.0 1823500.0   CHOL 286 18230 18235
1825500.0 1826000.0   CHOL 286 18255 18260
1826500.0 1827000.0   CHOL 286 18265 18270
1827500.0 1828000.0   CHOL 286 18275 18280
1830000.0 1830500.0   CHOL 286 18300 18305
1835000.0 1835500.0   CHOL 286 18350 18355
1837000.0 1837500.0   CHOL 286 18370 18375
1838500.0 1839000.0   CHOL 286 18385 18390
1839500.0 1840000.0   CHOL 286 18395 18400
1842000.0 1842500.0   CHOL 286 18420 18425
1843500.0 1844000.0   CHOL 286 18435 18440
1844500.0 1845000.0   CHOL 286 18445 18450
1846000.0 1846500.0   CHOL 286 18460 18465
1850000.0 1850500.0   CHOL 286 18500 18505
1851500.0 1852000.0   CHOL 286 18515 18520
1852500.0 1853000.0   CHOL 286 18525 18530
1854000.0 1854500.0   CHOL 286 18540 18545
1855500.0 1856000.0   CHOL 286 18555 18560
1858000.0 1858500.0   CHOL 286 18580 18585
1859500.0 1860000.0   CHOL 286 18595 18600
1861000.0 1861500.0   CHOL 286 18610 18615
1862000.0 1862500.0   CHOL 286 18620 18625
1863500.0 1864000.0   CHOL 286 18635 18640
1866000.0 1866500.0   CHOL 286 18660 18665
1868000.0 1868500.0   CHOL 286 18680 18685
1869500.0 1870000.0   CHOL 286 18695 18700
1871500.0 1872000.0   CHOL 286 18715 18720
1872500.0 1873000.0   CHOL 286 18725 18730
1876500.0 1877000.0   CHOL 286 18765 18770
1879000.0 1879500.0   CHOL 286 18790 18795
1880000.0 1880500.0   CHOL 286 18800 18805
1882000.0 1882500.0   CHOL 286 18820 18825
1885000.0 1885500.0   CHOL 286 18850 18855
1887000.0 1887500.0   CHOL 286 18870 18875
1889000.0 1889500.0   CHOL 286 18890 18895
1890500.0 1891000.0   CHOL 286 18905 18910
1892500.0 1893000.0   CHOL 286 18925 18930
1893500.0 1894000.0   CHOL 286 18935 18940
1894500.0 1895000.0   CHOL 286 18945 18950
1904000.0 1904500.0   CHOL 286 19040 19045
1907500.0 1908000.0   CHOL 286 19075 19080
1909500.0 1910000.0   CHOL 286 19095 19100
1911000.0 1911500.0   CHOL 286 19110 19115
1913500.0 1914000.0   CHOL 286 19135 19140
1915000.0 1915500.0   CHOL 286 19150 19155
1916500.0 1917000.0   CHOL 286 19165 19170
1918500.0 1919000.0   CHOL 286 19185 19190
1921000.0 1921500.0   CHOL 286 19210 19215
1922000.0 1922500.0   CHOL 286 19220 19225
1924000.0 1924500.0   CHOL 286 19240 19245
1925500.0 1926000.0   CHOL 286 19255 19260
1926500.0 1927000.0   CHOL 286 19265 19270
1927500.0 1928000.0   CHOL 286 19275 19280
1929000.0 1929500.0   CHOL 286 19290 19295
1933000.0 1933500.0   CHOL 286 19330 19335
1934000.0 1934500.0   CHOL 262 19340 19345
1934500.0 1935000.0   CHOL 286 19345 19350
1935000.0 1935500.0   CHOL 262 19350 19355
1936000.0 1936500.0   CHOL 286 19360 19365
1938500.0 1939000.0   CHOL 286 19385 19390
1940000.0 1940500.0   CHOL 286 19400 19405
1942000.0 1942500.0   CHOL 286 19420 19425
1944000.0 1944500.0   CHOL 286 19440 19445
1946500.0 1947000.0   CHOL 286 19465 19470
1949000.0 1949500.0   CHOL 286 19490 19495
1950000.0 1950500.0   CHOL 286 19500 19505
1951500.0 1952000.0   CHOL 286 19515 19520
1954000.0 1954500.0   CHOL 283 19540 19545
1955500.0 1956000.0   CHOL 286 19555 19560
1956500.0 1957000.0   CHOL 286 19565 19570
1958000.0 1958500.0   CHOL 286 19580 19585
1960000.0 1960500.0   CHOL 286 19600 19605
1962500.0 1963000.0   CHOL 286 19625 19630
1964500.0 1965000.0   CHOL 286 19645 19650
1966500.0 1967000.0   CHOL 286 19665 19670
1968500.0 1969000.0   CHOL 286 19685 19690
1970000.0 1970500.0   CHOL 286 19700 19705
1971500.0 1972000.0   CHOL 286 19715 19720
1973000.0 1973500.0   CHOL 286 19730 19735
1974000.0 1974500.0   CHOL 286 19740 19745
1976500.0 1977000.0   CHOL 286 19765 19770
1979000.0 1979500.0   CHOL 286 19790 19795
1980500.0 1981000.0   CHOL 286 19805 19810
1982000.0 1982500.0   CHOL 286 19820 19825
1984000.0 1984500.0   CHOL 286 19840 19845
1985000.0 1985500.0   CHOL 286 19850 19855
1987000.0 1987500.0   CHOL 286 19870 19875
1989000.0 1989500.0   CHOL 286 19890 19895
1991500.0 1992000.0   CHOL 286 19915 19920
1993000.0 1993500.0   CHOL 286 19930 19935
1994000.0 1994500.0   CHOL 286 19940 19945
