 Permeation events over simulation time.
 t(ns) Number of events
   0.00000000               0
  0.100000001               0
  0.200000003               0
  0.300000012               0
  0.400000006               0
  0.500000000               0
  0.600000024               0
  0.699999988               0
  0.800000012               0
  0.899999976               0
   1.00000000               0
   1.10000002               0
   1.20000005               0
   1.29999995               0
   1.39999998               0
   1.50000000               0
   1.60000002               0
   1.70000005               0
   1.79999995               0
   1.89999998               0
   2.00000000               0
   2.09999990               0
   2.20000005               0
   2.29999995               0
   2.40000010               0
   2.50000000               0
   2.59999990               0
   2.70000005               0
   2.79999995               0
   2.90000010               0
   3.00000000               0
   3.09999990               0
   3.20000005               0
   3.29999995               0
   3.40000010               0
   3.50000000               0
   3.59999990               0
   3.70000005               0
   3.79999995               0
   3.90000010               0
   4.00000000               0
   4.09999990               0
   4.19999981               0
   4.30000019               0
   4.40000010               0
   4.50000000               0
   4.59999990               0
   4.69999981               0
   4.80000019               0
   4.90000010               0
   5.00000000               0
   5.09999990               0
   5.19999981               0
   5.30000019               0
   5.40000010               0
   5.50000000               0
   5.59999990               0
   5.69999981               0
   5.80000019               0
   5.90000010               0
   6.00000000               0
   6.09999990               0
   6.19999981               0
   6.30000019               0
   6.40000010               0
   6.50000000               0
   6.59999990               0
   6.69999981               0
   6.80000019               0
   6.90000010               1
   7.00000000               1
   7.09999990               1
   7.19999981               1
   7.30000019               1
   7.40000010               1
   7.50000000               1
   7.59999990               1
   7.69999981               1
   7.80000019               1
   7.90000010               1
   8.00000000               1
   8.10000038               1
   8.19999981               1
   8.30000019               1
   8.39999962               1
   8.50000000               1
   8.60000038               1
   8.69999981               1
   8.80000019               1
   8.89999962               1
   9.00000000               1
   9.10000038               1
   9.19999981               1
   9.30000019               1
   9.39999962               1
   9.50000000               1
   9.60000038               1
   9.69999981               1
   9.80000019               1
   9.89999962               1
   10.0000000               1
   10.1000004               1
   10.1999998               1
   10.3000002               1
   10.3999996               1
   10.5000000               1
   10.6000004               1
   10.6999998               1
   10.8000002               1
   10.8999996               1
   11.0000000               1
   11.1000004               1
   11.1999998               1
   11.3000002               1
   11.3999996               1
   11.5000000               1
   11.6000004               1
   11.6999998               1
   11.8000002               1
   11.8999996               1
   12.0000000               1
   12.1000004               1
   12.1999998               1
   12.3000002               1
   12.3999996               1
   12.5000000               1
   12.6000004               1
   12.6999998               1
   12.8000002               1
   12.8999996               1
   13.0000000               1
   13.1000004               1
   13.1999998               1
   13.3000002               1
   13.3999996               1
   13.5000000               1
   13.6000004               1
   13.6999998               1
   13.8000002               1
   13.8999996               1
   14.0000000               1
   14.1000004               1
   14.1999998               1
   14.3000002               1
   14.3999996               1
   14.5000000               1
   14.6000004               1
   14.6999998               1
   14.8000002               1
   14.8999996               1
   15.0000000               1
   15.1000004               1
   15.1999998               1
   15.3000002               1
   15.3999996               1
   15.5000000               1
   15.6000004               1
   15.6999998               1
   15.8000002               1
   15.8999996               1
   16.0000000               1
   16.1000004               1
   16.2000008               1
   16.2999992               1
   16.3999996               1
   16.5000000               1
   16.6000004               1
   16.7000008               1
   16.7999992               1
   16.8999996               1
   17.0000000               1
   17.1000004               1
   17.2000008               1
   17.2999992               1
   17.3999996               1
   17.5000000               1
   17.6000004               1
   17.7000008               1
   17.7999992               1
   17.8999996               1
   18.0000000               1
   18.1000004               1
   18.2000008               1
   18.2999992               1
   18.3999996               1
   18.5000000               1
   18.6000004               1
   18.7000008               1
   18.7999992               1
   18.8999996               1
   19.0000000               1
   19.1000004               1
   19.2000008               1
   19.2999992               1
   19.3999996               1
   19.5000000               1
   19.6000004               1
   19.7000008               1
   19.7999992               1
   19.8999996               1
   20.0000000               1
   20.1000004               1
   20.2000008               1
   20.2999992               1
   20.3999996               1
   20.5000000               1
   20.6000004               1
   20.7000008               1
   20.7999992               1
   20.8999996               1
   21.0000000               1
   21.1000004               1
   21.2000008               1
   21.2999992               1
   21.3999996               1
   21.5000000               1
   21.6000004               1
   21.7000008               2
   21.7999992               2
   21.8999996               2
   22.0000000               2
   22.1000004               2
   22.2000008               2
   22.2999992               2
   22.3999996               2
   22.5000000               2
   22.6000004               2
   22.7000008               2
   22.7999992               2
   22.8999996               2
   23.0000000               2
   23.1000004               2
   23.2000008               2
   23.2999992               2
   23.3999996               2
   23.5000000               2
   23.6000004               2
   23.7000008               2
   23.7999992               2
   23.8999996               2
   24.0000000               2
   24.1000004               2
   24.2000008               2
   24.2999992               2
   24.3999996               2
   24.5000000               2
   24.6000004               2
   24.7000008               2
   24.7999992               2
   24.8999996               2
   25.0000000               2
   25.1000004               2
   25.2000008               2
   25.2999992               2
   25.3999996               2
   25.5000000               2
   25.6000004               2
   25.7000008               2
   25.7999992               2
   25.8999996               2
   26.0000000               2
   26.1000004               2
   26.2000008               2
   26.2999992               2
   26.3999996               2
   26.5000000               2
   26.6000004               2
   26.7000008               2
   26.7999992               2
   26.8999996               2
   27.0000000               2
   27.1000004               2
   27.2000008               2
   27.2999992               2
   27.3999996               2
   27.5000000               2
   27.6000004               2
   27.7000008               2
   27.7999992               2
   27.8999996               2
   28.0000000               2
   28.1000004               2
   28.2000008               2
   28.2999992               2
   28.3999996               2
   28.5000000               2
   28.6000004               2
   28.7000008               2
   28.7999992               2
   28.8999996               2
   29.0000000               2
   29.1000004               2
   29.2000008               2
   29.2999992               2
   29.3999996               2
   29.5000000               2
   29.6000004               2
   29.7000008               2
   29.7999992               2
   29.8999996               2
