 Permeation events over simulation time.
 t(ns) Number of events
   0.00000000               0
   1.00000000               0
   2.00000000               0
   3.00000000               0
   4.00000000               0
   5.00000000               0
   6.00000000               0
   7.00000000               0
   8.00000000               1
   9.00000000               2
   10.0000000               2
   11.0000000               2
   12.0000000               3
   13.0000000               4
   14.0000000               4
   15.0000000               4
   16.0000000               4
   17.0000000               4
   18.0000000               4
   19.0000000               4
   20.0000000               5
   21.0000000               6
   22.0000000               6
   23.0000000               7
   24.0000000               8
   25.0000000               9
   26.0000000              10
   27.0000000              10
   28.0000000              10
   29.0000000              10
   30.0000000              10
   31.0000000              11
   32.0000000              12
   33.0000000              12
   34.0000000              13
   35.0000000              13
   36.0000000              14
   37.0000000              16
   38.0000000              17
   39.0000000              17
   40.0000000              17
   41.0000000              17
   42.0000000              17
   43.0000000              18
   44.0000000              18
   45.0000000              18
   46.0000000              18
   47.0000000              18
   48.0000000              18
   49.0000000              18
   50.0000000              18
   51.0000000              18
   52.0000000              19
   53.0000000              20
   54.0000000              21
   55.0000000              22
   56.0000000              23
   57.0000000              23
   58.0000000              24
   59.0000000              25
   60.0000000              25
   61.0000000              26
   62.0000000              27
   63.0000000              27
   64.0000000              27
   65.0000000              27
   66.0000000              27
   67.0000000              27
   68.0000000              27
   69.0000000              27
   70.0000000              27
   71.0000000              27
   72.0000000              28
   73.0000000              29
   74.0000000              29
   75.0000000              29
   76.0000000              29
   77.0000000              30
   78.0000000              30
   79.0000000              30
   80.0000000              30
   81.0000000              30
   82.0000000              30
   83.0000000              30
   84.0000000              30
   85.0000000              30
   86.0000000              30
   87.0000000              30
   88.0000000              30
   89.0000000              30
   90.0000000              30
   91.0000000              30
   92.0000000              31
   93.0000000              32
   94.0000000              32
   95.0000000              32
   96.0000000              32
   97.0000000              32
   98.0000000              32
   99.0000000              32
   100.000000              32
   101.000000              33
   102.000000              34
   103.000000              34
   104.000000              34
   105.000000              34
   106.000000              34
   107.000000              34
   108.000000              35
   109.000000              35
   110.000000              36
   111.000000              36
   112.000000              36
   113.000000              36
   114.000000              36
   115.000000              36
   116.000000              36
   117.000000              36
   118.000000              37
   119.000000              38
   120.000000              38
   121.000000              39
   122.000000              40
   123.000000              40
   124.000000              40
   125.000000              40
   126.000000              40
   127.000000              41
   128.000000              42
   129.000000              42
   130.000000              43
   131.000000              44
   132.000000              44
   133.000000              45
   134.000000              46
   135.000000              47
   136.000000              49
   137.000000              50
   138.000000              50
   139.000000              50
   140.000000              50
   141.000000              50
   142.000000              50
   143.000000              50
   144.000000              51
   145.000000              51
   146.000000              51
   147.000000              51
   148.000000              51
   149.000000              51
   150.000000              51
   151.000000              51
   152.000000              51
   153.000000              51
   154.000000              52
   155.000000              53
   156.000000              53
   157.000000              53
   158.000000              53
   159.000000              53
   160.000000              53
   161.000000              53
   162.000000              53
   163.000000              53
   164.000000              53
   165.000000              53
   166.000000              53
   167.000000              53
   168.000000              53
   169.000000              54
   170.000000              55
   171.000000              55
   172.000000              55
   173.000000              55
   174.000000              55
   175.000000              55
   176.000000              56
   177.000000              57
   178.000000              57
   179.000000              58
   180.000000              59
   181.000000              59
   182.000000              60
   183.000000              61
   184.000000              62
   185.000000              62
   186.000000              62
   187.000000              62
   188.000000              63
   189.000000              63
   190.000000              63
   191.000000              63
   192.000000              63
   193.000000              63
   194.000000              63
   195.000000              63
   196.000000              63
   197.000000              63
   198.000000              63
   199.000000              63
   200.000000              63
   201.000000              63
   202.000000              63
   203.000000              63
   204.000000              63
   205.000000              63
   206.000000              63
   207.000000              63
   208.000000              63
   209.000000              63
   210.000000              63
   211.000000              63
   212.000000              63
   213.000000              63
   214.000000              63
   215.000000              65
   216.000000              67
   217.000000              67
   218.000000              67
   219.000000              67
   220.000000              67
   221.000000              67
   222.000000              67
   223.000000              67
   224.000000              67
   225.000000              67
   226.000000              67
   227.000000              68
   228.000000              68
   229.000000              69
   230.000000              70
   231.000000              70
   232.000000              71
   233.000000              71
   234.000000              71
   235.000000              72
   236.000000              73
   237.000000              73
   238.000000              74
   239.000000              75
   240.000000              76
   241.000000              77
   242.000000              78
   243.000000              79
   244.000000              79
   245.000000              79
   246.000000              79
   247.000000              79
   248.000000              79
   249.000000              79
   250.000000              79
   251.000000              79
   252.000000              79
   253.000000              79
   254.000000              79
   255.000000              80
   256.000000              81
   257.000000              81
   258.000000              81
   259.000000              81
   260.000000              81
   261.000000              81
   262.000000              81
   263.000000              81
   264.000000              81
   265.000000              81
   266.000000              81
   267.000000              81
   268.000000              82
   269.000000              82
   270.000000              82
   271.000000              82
   272.000000              82
   273.000000              83
   274.000000              84
   275.000000              85
   276.000000              86
   277.000000              86
   278.000000              86
   279.000000              86
   280.000000              87
   281.000000              88
   282.000000              88
   283.000000              88
   284.000000              88
   285.000000              88
   286.000000              88
   287.000000              89
   288.000000              89
   289.000000              89
   290.000000              89
   291.000000              89
   292.000000              89
   293.000000              89
   294.000000              90
   295.000000              92
   296.000000              93
   297.000000              93
   298.000000              93
   299.000000              93
   300.000000              93
   301.000000              94
   302.000000              95
   303.000000              95
   304.000000              95
   305.000000              95
   306.000000              95
   307.000000              95
   308.000000              95
   309.000000              95
   310.000000              95
   311.000000              95
   312.000000              95
   313.000000              95
   314.000000              95
   315.000000              95
   316.000000              95
   317.000000              95
   318.000000              95
   319.000000              95
   320.000000              95
   321.000000              95
   322.000000              95
   323.000000              95
   324.000000              95
   325.000000              95
   326.000000              95
   327.000000              95
   328.000000              95
   329.000000              95
   330.000000              95
   331.000000              95
   332.000000              95
   333.000000              95
   334.000000              95
   335.000000              95
   336.000000              95
   337.000000              95
   338.000000              95
   339.000000              95
   340.000000              95
   341.000000              96
   342.000000              96
   343.000000              96
   344.000000              96
   345.000000              96
   346.000000              96
   347.000000              96
   348.000000              96
   349.000000              96
   350.000000              96
   351.000000              97
   352.000000              97
   353.000000              97
   354.000000              97
   355.000000              97
   356.000000              97
   357.000000              97
   358.000000              97
   359.000000              97
   360.000000              97
   361.000000              97
   362.000000              97
   363.000000              97
   364.000000              97
   365.000000              97
   366.000000              98
   367.000000             100
   368.000000             100
   369.000000             100
   370.000000             100
   371.000000             101
   372.000000             102
   373.000000             102
   374.000000             104
   375.000000             106
   376.000000             106
   377.000000             106
   378.000000             106
   379.000000             106
   380.000000             106
   381.000000             107
   382.000000             107
   383.000000             107
   384.000000             107
   385.000000             107
   386.000000             108
   387.000000             109
   388.000000             110
   389.000000             110
   390.000000             110
   391.000000             110
   392.000000             110
   393.000000             110
   394.000000             110
   395.000000             110
   396.000000             110
   397.000000             110
   398.000000             110
   399.000000             110
   400.000000             111
   401.000000             112
   402.000000             112
   403.000000             112
   404.000000             112
   405.000000             112
   406.000000             112
   407.000000             112
   408.000000             112
   409.000000             112
   410.000000             112
   411.000000             112
   412.000000             113
   413.000000             114
   414.000000             114
   415.000000             114
   416.000000             114
   417.000000             114
   418.000000             115
   419.000000             116
   420.000000             116
   421.000000             116
   422.000000             117
   423.000000             118
   424.000000             118
   425.000000             118
   426.000000             118
   427.000000             118
   428.000000             118
   429.000000             118
   430.000000             118
   431.000000             118
   432.000000             118
   433.000000             118
   434.000000             119
   435.000000             119
   436.000000             119
   437.000000             119
   438.000000             119
   439.000000             119
   440.000000             119
   441.000000             119
   442.000000             119
   443.000000             119
   444.000000             119
   445.000000             119
   446.000000             119
   447.000000             119
   448.000000             119
   449.000000             119
   450.000000             119
   451.000000             119
   452.000000             119
   453.000000             119
   454.000000             119
   455.000000             119
   456.000000             119
   457.000000             119
   458.000000             120
   459.000000             121
   460.000000             121
   461.000000             121
   462.000000             122
   463.000000             123
   464.000000             123
   465.000000             123
   466.000000             123
   467.000000             123
   468.000000             124
   469.000000             125
   470.000000             125
   471.000000             125
   472.000000             125
   473.000000             125
   474.000000             125
   475.000000             125
   476.000000             125
   477.000000             126
   478.000000             127
   479.000000             127
   480.000000             127
   481.000000             128
   482.000000             128
   483.000000             128
   484.000000             128
   485.000000             128
   486.000000             128
   487.000000             129
   488.000000             130
   489.000000             130
   490.000000             130
   491.000000             130
   492.000000             130
   493.000000             130
   494.000000             130
   495.000000             130
   496.000000             130
   497.000000             130
   498.000000             130
   499.000000             130
   500.000000             130
   501.000000             130
   502.000000             130
   503.000000             130
   504.000000             130
   505.000000             130
   506.000000             130
   507.000000             130
   508.000000             131
   509.000000             132
   510.000000             132
   511.000000             132
   512.000000             132
   513.000000             132
   514.000000             132
   515.000000             132
   516.000000             132
   517.000000             132
   518.000000             132
   519.000000             132
   520.000000             132
   521.000000             132
   522.000000             133
   523.000000             134
   524.000000             134
   525.000000             134
   526.000000             134
   527.000000             134
   528.000000             134
   529.000000             135
   530.000000             136
   531.000000             136
   532.000000             136
   533.000000             137
   534.000000             138
   535.000000             138
   536.000000             138
   537.000000             138
   538.000000             138
   539.000000             138
   540.000000             138
   541.000000             138
   542.000000             138
   543.000000             138
   544.000000             138
   545.000000             138
   546.000000             138
   547.000000             138
   548.000000             138
   549.000000             139
   550.000000             140
   551.000000             140
   552.000000             141
   553.000000             142
   554.000000             142
   555.000000             142
   556.000000             143
   557.000000             144
   558.000000             144
   559.000000             145
   560.000000             146
   561.000000             146
   562.000000             146
   563.000000             146
   564.000000             146
   565.000000             146
   566.000000             146
   567.000000             147
   568.000000             148
   569.000000             148
   570.000000             148
   571.000000             148
   572.000000             148
   573.000000             148
   574.000000             148
   575.000000             148
   576.000000             148
   577.000000             149
   578.000000             150
   579.000000             150
   580.000000             150
   581.000000             150
   582.000000             150
   583.000000             150
   584.000000             151
   585.000000             152
   586.000000             152
   587.000000             152
   588.000000             152
   589.000000             152
   590.000000             152
   591.000000             153
   592.000000             155
   593.000000             155
   594.000000             155
   595.000000             155
   596.000000             155
   597.000000             155
   598.000000             155
   599.000000             156
   600.000000             156
   601.000000             156
   602.000000             156
   603.000000             156
   604.000000             156
   605.000000             156
   606.000000             156
   607.000000             156
   608.000000             156
   609.000000             156
   610.000000             156
   611.000000             156
   612.000000             157
   613.000000             158
   614.000000             158
   615.000000             158
   616.000000             159
   617.000000             160
   618.000000             160
   619.000000             160
   620.000000             160
   621.000000             160
   622.000000             160
   623.000000             160
   624.000000             160
   625.000000             160
   626.000000             160
   627.000000             160
   628.000000             160
   629.000000             160
   630.000000             161
   631.000000             162
   632.000000             162
   633.000000             162
   634.000000             162
   635.000000             162
   636.000000             163
   637.000000             164
   638.000000             164
   639.000000             164
   640.000000             164
   641.000000             164
   642.000000             164
   643.000000             164
   644.000000             164
   645.000000             164
   646.000000             164
   647.000000             164
   648.000000             164
   649.000000             164
   650.000000             164
   651.000000             164
   652.000000             164
   653.000000             164
   654.000000             164
   655.000000             165
   656.000000             166
   657.000000             166
   658.000000             167
   659.000000             167
   660.000000             167
   661.000000             167
   662.000000             167
   663.000000             167
   664.000000             167
   665.000000             168
   666.000000             169
   667.000000             169
   668.000000             169
   669.000000             169
   670.000000             169
   671.000000             169
   672.000000             171
   673.000000             173
   674.000000             173
   675.000000             174
   676.000000             175
   677.000000             175
   678.000000             175
   679.000000             175
   680.000000             175
   681.000000             175
   682.000000             175
   683.000000             175
   684.000000             175
   685.000000             175
   686.000000             175
   687.000000             175
   688.000000             175
   689.000000             175
   690.000000             175
   691.000000             175
   692.000000             175
   693.000000             175
   694.000000             175
   695.000000             175
   696.000000             175
   697.000000             175
   698.000000             175
   699.000000             175
   700.000000             175
   701.000000             175
   702.000000             175
   703.000000             175
   704.000000             175
   705.000000             176
   706.000000             177
   707.000000             177
   708.000000             177
   709.000000             177
   710.000000             177
   711.000000             177
   712.000000             177
   713.000000             177
   714.000000             178
   715.000000             179
   716.000000             179
   717.000000             180
   718.000000             181
   719.000000             182
   720.000000             182
   721.000000             182
   722.000000             182
   723.000000             183
   724.000000             184
   725.000000             184
   726.000000             184
   727.000000             184
   728.000000             184
   729.000000             184
   730.000000             184
   731.000000             184
   732.000000             184
   733.000000             184
   734.000000             184
   735.000000             185
   736.000000             186
   737.000000             187
   738.000000             188
   739.000000             188
   740.000000             188
   741.000000             188
   742.000000             188
   743.000000             190
   744.000000             191
   745.000000             191
   746.000000             191
   747.000000             191
   748.000000             191
   749.000000             191
   750.000000             192
   751.000000             193
   752.000000             193
   753.000000             193
   754.000000             193
   755.000000             193
   756.000000             193
   757.000000             193
   758.000000             193
   759.000000             193
   760.000000             193
   761.000000             193
   762.000000             193
   763.000000             193
   764.000000             193
   765.000000             194
   766.000000             195
   767.000000             196
   768.000000             198
   769.000000             198
   770.000000             198
   771.000000             198
   772.000000             198
   773.000000             198
   774.000000             198
   775.000000             198
   776.000000             199
   777.000000             200
   778.000000             200
   779.000000             201
   780.000000             201
   781.000000             201
   782.000000             201
   783.000000             201
   784.000000             201
   785.000000             201
   786.000000             201
   787.000000             201
   788.000000             202
   789.000000             202
   790.000000             202
   791.000000             202
   792.000000             202
   793.000000             202
   794.000000             202
   795.000000             202
   796.000000             202
   797.000000             203
   798.000000             204
   799.000000             204
   800.000000             204
   801.000000             204
   802.000000             205
   803.000000             207
   804.000000             208
   805.000000             209
   806.000000             209
   807.000000             209
   808.000000             209
   809.000000             209
   810.000000             209
   811.000000             209
   812.000000             209
   813.000000             209
   814.000000             209
   815.000000             209
   816.000000             210
   817.000000             211
   818.000000             211
   819.000000             211
   820.000000             211
   821.000000             212
   822.000000             213
   823.000000             213
   824.000000             213
   825.000000             213
   826.000000             213
   827.000000             213
   828.000000             213
   829.000000             213
   830.000000             213
   831.000000             213
   832.000000             213
   833.000000             213
   834.000000             214
   835.000000             214
   836.000000             214
   837.000000             214
   838.000000             215
   839.000000             216
   840.000000             216
   841.000000             217
   842.000000             218
   843.000000             219
   844.000000             220
   845.000000             220
   846.000000             220
   847.000000             220
   848.000000             220
   849.000000             220
   850.000000             220
   851.000000             220
   852.000000             220
   853.000000             220
   854.000000             220
   855.000000             220
   856.000000             220
   857.000000             220
   858.000000             220
   859.000000             220
   860.000000             220
   861.000000             221
   862.000000             222
   863.000000             222
   864.000000             222
   865.000000             222
   866.000000             222
   867.000000             223
   868.000000             223
   869.000000             224
   870.000000             225
   871.000000             226
   872.000000             227
   873.000000             227
   874.000000             227
   875.000000             227
   876.000000             227
   877.000000             227
   878.000000             227
   879.000000             227
   880.000000             227
   881.000000             227
   882.000000             227
   883.000000             227
   884.000000             227
   885.000000             227
   886.000000             227
   887.000000             227
   888.000000             228
   889.000000             229
   890.000000             229
   891.000000             229
   892.000000             230
   893.000000             231
   894.000000             231
   895.000000             231
   896.000000             231
   897.000000             231
   898.000000             231
   899.000000             231
   900.000000             231
   901.000000             231
   902.000000             231
   903.000000             231
   904.000000             231
   905.000000             231
   906.000000             231
   907.000000             231
   908.000000             231
   909.000000             231
   910.000000             231
   911.000000             231
   912.000000             231
   913.000000             231
   914.000000             231
   915.000000             231
   916.000000             231
   917.000000             232
   918.000000             233
   919.000000             233
   920.000000             233
   921.000000             233
   922.000000             233
   923.000000             234
   924.000000             234
   925.000000             235
   926.000000             237
   927.000000             239
   928.000000             239
   929.000000             239
   930.000000             239
   931.000000             239
   932.000000             239
   933.000000             239
   934.000000             239
   935.000000             239
   936.000000             239
   937.000000             239
   938.000000             239
   939.000000             239
   940.000000             239
   941.000000             239
   942.000000             239
   943.000000             239
   944.000000             240
   945.000000             241
   946.000000             241
   947.000000             241
   948.000000             241
   949.000000             241
   950.000000             241
   951.000000             241
   952.000000             241
   953.000000             241
   954.000000             241
   955.000000             242
   956.000000             242
   957.000000             242
   958.000000             243
   959.000000             244
   960.000000             244
   961.000000             244
   962.000000             244
   963.000000             244
   964.000000             244
   965.000000             244
   966.000000             244
   967.000000             244
   968.000000             244
   969.000000             244
   970.000000             244
   971.000000             244
   972.000000             244
   973.000000             244
   974.000000             244
   975.000000             244
   976.000000             244
   977.000000             244
   978.000000             244
   979.000000             244
   980.000000             244
   981.000000             244
   982.000000             244
   983.000000             244
   984.000000             244
   985.000000             244
   986.000000             244
   987.000000             244
   988.000000             244
   989.000000             245
   990.000000             247
   991.000000             248
   992.000000             248
   993.000000             248
   994.000000             249
   995.000000             249
   996.000000             249
   997.000000             249
   998.000000             249
   999.000000             249
   1000.00000             249
