 Permeation events over simulation time.
 t(ns) Number of events
   0.00000000               0
   1.00000000               0
   2.00000000               0
   3.00000000               0
   4.00000000               0
   5.00000000               0
   6.00000000               0
   7.00000000               0
   8.00000000               0
   9.00000000               0
   10.0000000               0
   11.0000000               0
   12.0000000               0
   13.0000000               0
   14.0000000               0
   15.0000000               0
   16.0000000               0
   17.0000000               0
   18.0000000               0
   19.0000000               0
   20.0000000               0
   21.0000000               0
   22.0000000               0
   23.0000000               0
   24.0000000               0
   25.0000000               0
   26.0000000               0
   27.0000000               0
   28.0000000               0
   29.0000000               0
   30.0000000               0
   31.0000000               0
   32.0000000               0
   33.0000000               0
   34.0000000               0
   35.0000000               0
   36.0000000               0
   37.0000000               0
   38.0000000               0
   39.0000000               0
   40.0000000               0
   41.0000000               0
   42.0000000               0
   43.0000000               0
   44.0000000               0
   45.0000000               0
   46.0000000               0
   47.0000000               0
   48.0000000               0
   49.0000000               0
   50.0000000               0
   51.0000000               0
   52.0000000               0
   53.0000000               0
   54.0000000               0
   55.0000000               0
   56.0000000               0
   57.0000000               0
   58.0000000               0
   59.0000000               0
   60.0000000               0
   61.0000000               0
   62.0000000               0
   63.0000000               0
   64.0000000               0
   65.0000000               0
   66.0000000               0
   67.0000000               0
   68.0000000               0
   69.0000000               0
   70.0000000               0
   71.0000000               0
   72.0000000               0
   73.0000000               0
   74.0000000               0
   75.0000000               0
   76.0000000               0
   77.0000000               0
   78.0000000               0
   79.0000000               0
   80.0000000               0
   81.0000000               0
   82.0000000               0
   83.0000000               0
   84.0000000               0
   85.0000000               0
   86.0000000               0
   87.0000000               0
   88.0000000               0
   89.0000000               0
   90.0000000               0
   91.0000000               0
   92.0000000               0
   93.0000000               0
   94.0000000               0
   95.0000000               0
   96.0000000               0
   97.0000000               0
   98.0000000               0
   99.0000000               0
   100.000000               0
   101.000000               0
   102.000000               0
   103.000000               0
   104.000000               0
   105.000000               0
   106.000000               0
   107.000000               0
   108.000000               0
   109.000000               0
   110.000000               0
   111.000000               0
   112.000000               0
   113.000000               0
   114.000000               0
   115.000000               0
   116.000000               0
   117.000000               0
   118.000000               0
   119.000000               0
   120.000000               0
   121.000000               0
   122.000000               0
   123.000000               0
   124.000000               0
   125.000000               0
   126.000000               0
   127.000000               0
   128.000000               0
   129.000000               0
   130.000000               0
   131.000000               0
   132.000000               0
   133.000000               0
   134.000000               0
   135.000000               0
   136.000000               0
   137.000000               0
   138.000000               0
   139.000000               0
   140.000000               0
   141.000000               0
   142.000000               0
   143.000000               0
   144.000000               0
   145.000000               0
   146.000000               0
   147.000000               0
   148.000000               0
   149.000000               0
   150.000000               0
   151.000000               0
   152.000000               0
   153.000000               0
   154.000000               0
   155.000000               0
   156.000000               0
   157.000000               0
   158.000000               0
   159.000000               0
   160.000000               0
   161.000000               0
   162.000000               0
   163.000000               0
   164.000000               0
   165.000000               0
   166.000000               0
   167.000000               0
   168.000000               0
   169.000000               0
   170.000000               0
   171.000000               0
   172.000000               0
   173.000000               0
   174.000000               0
   175.000000               0
   176.000000               0
   177.000000               0
   178.000000               0
   179.000000               0
   180.000000               0
   181.000000               0
   182.000000               0
   183.000000               0
   184.000000               0
   185.000000               0
   186.000000               0
   187.000000               0
   188.000000               0
   189.000000               0
   190.000000               0
   191.000000               0
   192.000000               0
   193.000000               0
   194.000000               0
   195.000000               0
   196.000000               0
   197.000000               0
   198.000000               0
   199.000000               0
   200.000000               0
   201.000000               0
   202.000000               0
   203.000000               0
   204.000000               0
   205.000000               0
   206.000000               0
   207.000000               0
   208.000000               0
   209.000000               0
   210.000000               0
   211.000000               0
   212.000000               0
   213.000000               0
   214.000000               0
   215.000000               0
   216.000000               0
   217.000000               0
   218.000000               0
   219.000000               0
   220.000000               0
   221.000000               0
   222.000000               0
   223.000000               0
   224.000000               0
   225.000000               0
   226.000000               0
   227.000000               0
   228.000000               0
   229.000000               0
   230.000000               0
   231.000000               0
   232.000000               0
   233.000000               0
   234.000000               0
   235.000000               0
   236.000000               0
   237.000000               1
   238.000000               1
   239.000000               1
   240.000000               1
   241.000000               1
   242.000000               1
   243.000000               1
   244.000000               1
   245.000000               1
   246.000000               1
   247.000000               1
   248.000000               1
   249.000000               1
   250.000000               1
   251.000000               1
   252.000000               1
   253.000000               1
   254.000000               1
   255.000000               1
   256.000000               1
   257.000000               1
   258.000000               1
   259.000000               1
   260.000000               1
   261.000000               1
   262.000000               1
   263.000000               1
   264.000000               1
   265.000000               1
   266.000000               1
   267.000000               1
   268.000000               1
   269.000000               1
   270.000000               1
   271.000000               1
   272.000000               1
   273.000000               1
   274.000000               1
   275.000000               1
   276.000000               1
   277.000000               1
   278.000000               1
   279.000000               1
   280.000000               1
   281.000000               1
   282.000000               1
   283.000000               1
   284.000000               1
   285.000000               1
   286.000000               1
   287.000000               1
   288.000000               1
   289.000000               1
   290.000000               1
   291.000000               1
   292.000000               1
   293.000000               1
   294.000000               1
   295.000000               1
   296.000000               1
   297.000000               1
   298.000000               1
   299.000000               1
   300.000000               1
   301.000000               1
   302.000000               1
   303.000000               1
   304.000000               1
   305.000000               1
   306.000000               1
   307.000000               1
   308.000000               1
   309.000000               1
   310.000000               1
   311.000000               1
   312.000000               1
   313.000000               1
   314.000000               1
   315.000000               1
   316.000000               1
   317.000000               1
   318.000000               1
   319.000000               1
   320.000000               1
   321.000000               1
   322.000000               1
   323.000000               1
   324.000000               1
   325.000000               1
   326.000000               1
   327.000000               1
   328.000000               1
   329.000000               1
   330.000000               1
   331.000000               1
   332.000000               1
   333.000000               1
   334.000000               1
   335.000000               1
   336.000000               1
   337.000000               1
   338.000000               1
   339.000000               1
   340.000000               1
   341.000000               1
   342.000000               1
   343.000000               1
   344.000000               1
   345.000000               1
   346.000000               1
   347.000000               1
   348.000000               1
   349.000000               1
   350.000000               1
   351.000000               1
   352.000000               1
   353.000000               1
   354.000000               1
   355.000000               1
   356.000000               1
   357.000000               1
   358.000000               1
   359.000000               1
   360.000000               1
   361.000000               1
   362.000000               1
   363.000000               1
   364.000000               1
   365.000000               1
   366.000000               1
   367.000000               1
   368.000000               1
   369.000000               1
   370.000000               1
   371.000000               1
   372.000000               1
   373.000000               1
   374.000000               1
   375.000000               1
   376.000000               1
   377.000000               1
   378.000000               1
   379.000000               1
   380.000000               1
   381.000000               1
   382.000000               1
   383.000000               1
   384.000000               1
   385.000000               1
   386.000000               1
   387.000000               1
   388.000000               1
   389.000000               1
   390.000000               1
   391.000000               1
   392.000000               1
   393.000000               1
   394.000000               1
   395.000000               1
   396.000000               1
   397.000000               1
   398.000000               1
   399.000000               1
   400.000000               1
   401.000000               1
   402.000000               1
   403.000000               1
   404.000000               1
   405.000000               1
   406.000000               1
   407.000000               1
   408.000000               1
   409.000000               1
   410.000000               1
   411.000000               1
   412.000000               1
   413.000000               1
   414.000000               1
   415.000000               1
   416.000000               1
   417.000000               1
   418.000000               1
   419.000000               1
   420.000000               1
   421.000000               1
   422.000000               1
   423.000000               1
   424.000000               1
   425.000000               1
   426.000000               1
   427.000000               1
   428.000000               1
   429.000000               1
   430.000000               1
   431.000000               1
   432.000000               1
   433.000000               1
   434.000000               1
   435.000000               1
   436.000000               1
   437.000000               1
   438.000000               1
   439.000000               1
   440.000000               1
   441.000000               1
   442.000000               1
   443.000000               1
   444.000000               1
   445.000000               1
   446.000000               1
   447.000000               1
   448.000000               1
   449.000000               1
   450.000000               1
   451.000000               1
   452.000000               1
   453.000000               1
   454.000000               1
   455.000000               1
   456.000000               1
   457.000000               1
   458.000000               1
   459.000000               1
   460.000000               1
   461.000000               1
   462.000000               1
   463.000000               1
   464.000000               1
   465.000000               1
   466.000000               1
   467.000000               1
   468.000000               1
   469.000000               1
   470.000000               1
   471.000000               1
   472.000000               1
   473.000000               1
   474.000000               1
   475.000000               1
   476.000000               1
   477.000000               1
   478.000000               1
   479.000000               1
   480.000000               1
   481.000000               1
   482.000000               1
   483.000000               1
   484.000000               1
   485.000000               1
   486.000000               1
   487.000000               1
   488.000000               1
   489.000000               1
   490.000000               1
   491.000000               1
   492.000000               1
   493.000000               1
   494.000000               1
   495.000000               1
   496.000000               1
   497.000000               1
   498.000000               1
   499.000000               1
   500.000000               1
   501.000000               1
   502.000000               2
   503.000000               2
   504.000000               2
   505.000000               2
   506.000000               2
   507.000000               2
   508.000000               2
   509.000000               2
   510.000000               2
   511.000000               2
   512.000000               2
   513.000000               2
   514.000000               2
   515.000000               2
   516.000000               2
   517.000000               2
   518.000000               2
   519.000000               2
   520.000000               2
   521.000000               2
   522.000000               2
   523.000000               2
   524.000000               2
   525.000000               2
   526.000000               2
   527.000000               2
   528.000000               2
   529.000000               2
   530.000000               2
   531.000000               2
   532.000000               2
   533.000000               2
   534.000000               2
   535.000000               2
   536.000000               2
   537.000000               2
   538.000000               2
   539.000000               2
   540.000000               2
   541.000000               2
   542.000000               2
   543.000000               2
   544.000000               2
   545.000000               2
   546.000000               2
   547.000000               2
   548.000000               2
   549.000000               2
   550.000000               2
   551.000000               2
   552.000000               2
   553.000000               2
   554.000000               2
   555.000000               2
   556.000000               2
   557.000000               2
   558.000000               2
   559.000000               2
   560.000000               2
   561.000000               2
   562.000000               2
   563.000000               2
   564.000000               2
   565.000000               2
   566.000000               2
   567.000000               2
   568.000000               2
   569.000000               2
   570.000000               2
   571.000000               2
   572.000000               2
   573.000000               2
   574.000000               2
   575.000000               2
   576.000000               2
   577.000000               2
   578.000000               2
   579.000000               2
   580.000000               2
   581.000000               2
   582.000000               2
   583.000000               2
   584.000000               2
   585.000000               2
   586.000000               2
   587.000000               2
   588.000000               2
   589.000000               2
   590.000000               2
   591.000000               2
   592.000000               2
   593.000000               2
   594.000000               2
   595.000000               2
   596.000000               2
   597.000000               2
   598.000000               2
   599.000000               2
   600.000000               2
   601.000000               2
   602.000000               2
   603.000000               2
   604.000000               2
   605.000000               2
   606.000000               2
   607.000000               2
   608.000000               2
   609.000000               2
   610.000000               2
   611.000000               2
   612.000000               2
   613.000000               2
   614.000000               2
   615.000000               2
   616.000000               2
   617.000000               2
   618.000000               2
   619.000000               2
   620.000000               2
   621.000000               2
   622.000000               2
   623.000000               2
   624.000000               2
   625.000000               2
   626.000000               2
   627.000000               2
   628.000000               2
   629.000000               2
   630.000000               2
   631.000000               2
   632.000000               2
   633.000000               2
   634.000000               2
   635.000000               2
   636.000000               2
   637.000000               2
   638.000000               2
   639.000000               2
   640.000000               2
   641.000000               2
   642.000000               2
   643.000000               2
   644.000000               2
   645.000000               2
   646.000000               2
   647.000000               2
   648.000000               2
   649.000000               2
   650.000000               2
   651.000000               2
   652.000000               2
   653.000000               3
   654.000000               3
   655.000000               3
   656.000000               3
   657.000000               3
   658.000000               3
   659.000000               3
   660.000000               3
   661.000000               3
   662.000000               3
   663.000000               3
   664.000000               3
   665.000000               3
   666.000000               3
   667.000000               3
   668.000000               3
   669.000000               4
   670.000000               4
   671.000000               4
   672.000000               4
   673.000000               4
   674.000000               4
   675.000000               4
   676.000000               4
   677.000000               4
   678.000000               4
   679.000000               4
   680.000000               4
   681.000000               4
   682.000000               4
   683.000000               4
   684.000000               4
   685.000000               4
   686.000000               4
   687.000000               4
   688.000000               4
   689.000000               4
   690.000000               4
   691.000000               4
   692.000000               4
   693.000000               4
   694.000000               4
   695.000000               4
   696.000000               4
   697.000000               4
   698.000000               4
   699.000000               4
   700.000000               4
   701.000000               4
   702.000000               4
   703.000000               4
   704.000000               4
   705.000000               4
   706.000000               4
   707.000000               4
   708.000000               4
   709.000000               4
   710.000000               4
   711.000000               4
   712.000000               4
   713.000000               4
   714.000000               4
   715.000000               4
   716.000000               4
   717.000000               4
   718.000000               4
   719.000000               4
   720.000000               4
   721.000000               4
   722.000000               4
   723.000000               4
   724.000000               4
   725.000000               4
   726.000000               4
   727.000000               4
   728.000000               4
   729.000000               4
   730.000000               4
   731.000000               4
   732.000000               4
   733.000000               4
   734.000000               4
   735.000000               4
   736.000000               4
   737.000000               4
   738.000000               4
   739.000000               4
   740.000000               4
   741.000000               4
   742.000000               4
   743.000000               4
   744.000000               4
   745.000000               4
   746.000000               4
   747.000000               4
   748.000000               4
   749.000000               4
   750.000000               4
   751.000000               4
   752.000000               4
   753.000000               4
   754.000000               4
   755.000000               4
   756.000000               4
   757.000000               4
   758.000000               4
   759.000000               4
   760.000000               4
   761.000000               4
   762.000000               4
   763.000000               4
   764.000000               4
   765.000000               4
   766.000000               4
   767.000000               4
   768.000000               4
   769.000000               4
   770.000000               4
   771.000000               4
   772.000000               4
   773.000000               4
   774.000000               4
   775.000000               4
   776.000000               4
   777.000000               4
   778.000000               4
   779.000000               4
   780.000000               4
   781.000000               4
   782.000000               4
   783.000000               4
   784.000000               4
   785.000000               4
   786.000000               4
   787.000000               4
   788.000000               4
   789.000000               4
   790.000000               4
   791.000000               4
   792.000000               4
   793.000000               4
   794.000000               4
   795.000000               4
   796.000000               4
   797.000000               4
   798.000000               4
   799.000000               4
   800.000000               4
   801.000000               4
   802.000000               4
   803.000000               4
   804.000000               4
   805.000000               4
   806.000000               4
   807.000000               4
   808.000000               4
   809.000000               4
   810.000000               4
   811.000000               4
   812.000000               4
   813.000000               4
   814.000000               4
   815.000000               4
   816.000000               4
   817.000000               4
   818.000000               4
   819.000000               4
   820.000000               4
   821.000000               4
   822.000000               4
   823.000000               4
   824.000000               4
   825.000000               4
   826.000000               4
   827.000000               4
   828.000000               4
   829.000000               4
   830.000000               4
   831.000000               4
   832.000000               4
   833.000000               4
   834.000000               4
   835.000000               4
   836.000000               4
   837.000000               4
   838.000000               4
   839.000000               4
   840.000000               4
   841.000000               4
   842.000000               4
   843.000000               4
   844.000000               4
   845.000000               4
   846.000000               4
   847.000000               4
   848.000000               4
   849.000000               4
   850.000000               4
   851.000000               4
   852.000000               4
   853.000000               4
   854.000000               4
   855.000000               4
   856.000000               4
   857.000000               4
   858.000000               4
   859.000000               4
   860.000000               4
   861.000000               4
   862.000000               4
   863.000000               4
   864.000000               4
   865.000000               4
   866.000000               4
   867.000000               4
   868.000000               4
   869.000000               4
   870.000000               4
   871.000000               4
   872.000000               4
   873.000000               4
   874.000000               4
   875.000000               4
   876.000000               4
   877.000000               4
   878.000000               4
   879.000000               4
   880.000000               4
   881.000000               4
   882.000000               4
   883.000000               4
   884.000000               4
   885.000000               4
   886.000000               4
   887.000000               4
   888.000000               4
   889.000000               4
   890.000000               4
   891.000000               4
   892.000000               4
   893.000000               4
   894.000000               4
   895.000000               4
   896.000000               4
   897.000000               4
   898.000000               4
   899.000000               4
   900.000000               4
