 Permeation events over simulation time.
 t(ns) Number of events
   0.00000000               0
   1.00000000               0
   2.00000000               0
   3.00000000               0
   4.00000000               2
   5.00000000               5
   6.00000000               6
   7.00000000               6
   8.00000000               6
   9.00000000               6
   10.0000000               6
   11.0000000               6
   12.0000000               6
   13.0000000               6
   14.0000000               6
   15.0000000               6
   16.0000000               6
   17.0000000               6
   18.0000000               7
   19.0000000               7
   20.0000000               7
   21.0000000               7
   22.0000000               7
   23.0000000               8
   24.0000000               9
   25.0000000               9
   26.0000000              10
   27.0000000              11
   28.0000000              12
   29.0000000              13
   30.0000000              14
   31.0000000              16
   32.0000000              16
   33.0000000              16
   34.0000000              16
   35.0000000              18
   36.0000000              20
   37.0000000              21
   38.0000000              21
   39.0000000              21
   40.0000000              21
   41.0000000              21
   42.0000000              22
   43.0000000              23
   44.0000000              23
   45.0000000              24
   46.0000000              25
   47.0000000              25
   48.0000000              25
   49.0000000              25
   50.0000000              25
   51.0000000              25
   52.0000000              25
   53.0000000              25
   54.0000000              25
   55.0000000              26
   56.0000000              27
   57.0000000              27
   58.0000000              27
   59.0000000              27
   60.0000000              27
   61.0000000              27
   62.0000000              28
   63.0000000              29
   64.0000000              30
   65.0000000              32
   66.0000000              32
   67.0000000              33
   68.0000000              35
   69.0000000              36
   70.0000000              36
   71.0000000              36
   72.0000000              36
   73.0000000              36
   74.0000000              36
   75.0000000              36
   76.0000000              36
   77.0000000              36
   78.0000000              37
   79.0000000              38
   80.0000000              39
   81.0000000              40
   82.0000000              41
   83.0000000              44
   84.0000000              45
   85.0000000              45
   86.0000000              45
   87.0000000              47
   88.0000000              49
   89.0000000              49
   90.0000000              49
   91.0000000              49
   92.0000000              49
   93.0000000              49
   94.0000000              49
   95.0000000              49
   96.0000000              49
   97.0000000              49
   98.0000000              49
   99.0000000              50
   100.000000              50
   101.000000              50
   102.000000              50
   103.000000              50
   104.000000              50
   105.000000              50
   106.000000              50
   107.000000              50
   108.000000              50
   109.000000              50
   110.000000              50
   111.000000              50
   112.000000              51
   113.000000              53
   114.000000              54
   115.000000              54
   116.000000              54
   117.000000              54
   118.000000              54
   119.000000              54
   120.000000              54
   121.000000              54
   122.000000              55
   123.000000              56
   124.000000              56
   125.000000              57
   126.000000              57
   127.000000              58
   128.000000              60
   129.000000              60
   130.000000              61
   131.000000              62
   132.000000              62
   133.000000              62
   134.000000              62
   135.000000              63
   136.000000              65
   137.000000              65
   138.000000              66
   139.000000              67
   140.000000              67
   141.000000              67
   142.000000              67
   143.000000              68
   144.000000              69
   145.000000              69
   146.000000              69
   147.000000              69
   148.000000              69
   149.000000              69
   150.000000              69
   151.000000              69
   152.000000              69
   153.000000              69
   154.000000              69
   155.000000              69
   156.000000              69
   157.000000              69
   158.000000              69
   159.000000              69
   160.000000              69
   161.000000              69
   162.000000              69
   163.000000              69
   164.000000              70
   165.000000              71
   166.000000              72
   167.000000              73
   168.000000              73
   169.000000              73
   170.000000              74
   171.000000              75
   172.000000              75
   173.000000              75
   174.000000              75
   175.000000              77
   176.000000              80
   177.000000              81
   178.000000              81
   179.000000              81
   180.000000              81
   181.000000              81
   182.000000              81
   183.000000              81
   184.000000              82
   185.000000              83
   186.000000              83
   187.000000              83
   188.000000              83
   189.000000              83
   190.000000              84
   191.000000              85
   192.000000              86
   193.000000              87
   194.000000              89
   195.000000              91
   196.000000              91
   197.000000              92
   198.000000              92
   199.000000              92
   200.000000              92
   201.000000              92
   202.000000              93
   203.000000              94
   204.000000              94
   205.000000              95
   206.000000              95
   207.000000              96
   208.000000              96
   209.000000              96
   210.000000              96
   211.000000              96
   212.000000              96
   213.000000              96
   214.000000              96
   215.000000              96
   216.000000              96
   217.000000              97
   218.000000              98
   219.000000              99
   220.000000             101
   221.000000             101
   222.000000             101
   223.000000             102
   224.000000             105
   225.000000             106
   226.000000             107
   227.000000             109
   228.000000             110
   229.000000             111
   230.000000             111
   231.000000             111
   232.000000             111
   233.000000             112
   234.000000             112
   235.000000             112
   236.000000             112
   237.000000             112
   238.000000             112
   239.000000             113
   240.000000             114
   241.000000             115
   242.000000             116
   243.000000             116
   244.000000             117
   245.000000             118
   246.000000             118
   247.000000             119
   248.000000             120
   249.000000             120
   250.000000             120
   251.000000             120
   252.000000             120
   253.000000             120
   254.000000             120
   255.000000             121
   256.000000             122
   257.000000             123
   258.000000             124
   259.000000             124
   260.000000             124
   261.000000             124
   262.000000             125
   263.000000             128
   264.000000             130
   265.000000             130
   266.000000             130
   267.000000             130
   268.000000             131
   269.000000             132
   270.000000             134
   271.000000             135
   272.000000             136
   273.000000             137
   274.000000             137
   275.000000             137
   276.000000             137
   277.000000             138
   278.000000             138
   279.000000             138
   280.000000             139
   281.000000             141
   282.000000             142
   283.000000             142
   284.000000             142
   285.000000             142
   286.000000             143
   287.000000             144
   288.000000             144
   289.000000             145
   290.000000             146
   291.000000             147
   292.000000             148
   293.000000             148
   294.000000             149
   295.000000             150
   296.000000             150
   297.000000             151
   298.000000             152
   299.000000             152
   300.000000             154
   301.000000             156
   302.000000             157
   303.000000             158
   304.000000             159
   305.000000             159
   306.000000             159
   307.000000             159
   308.000000             159
   309.000000             159
   310.000000             159
   311.000000             160
   312.000000             160
   313.000000             160
   314.000000             161
   315.000000             162
   316.000000             162
   317.000000             162
   318.000000             162
   319.000000             162
   320.000000             162
   321.000000             162
   322.000000             162
   323.000000             162
   324.000000             163
   325.000000             165
   326.000000             168
   327.000000             171
   328.000000             172
   329.000000             172
   330.000000             172
   331.000000             172
   332.000000             172
   333.000000             172
   334.000000             172
   335.000000             172
   336.000000             174
   337.000000             176
   338.000000             176
   339.000000             176
   340.000000             176
   341.000000             176
   342.000000             177
   343.000000             177
   344.000000             177
   345.000000             177
   346.000000             177
   347.000000             177
   348.000000             178
   349.000000             179
   350.000000             179
   351.000000             180
   352.000000             181
   353.000000             181
   354.000000             182
   355.000000             182
   356.000000             182
   357.000000             182
   358.000000             182
   359.000000             182
   360.000000             182
   361.000000             182
   362.000000             182
   363.000000             183
   364.000000             185
   365.000000             186
   366.000000             186
   367.000000             186
   368.000000             186
   369.000000             186
   370.000000             187
   371.000000             189
   372.000000             189
   373.000000             190
   374.000000             191
   375.000000             191
   376.000000             191
   377.000000             191
   378.000000             191
   379.000000             191
   380.000000             192
   381.000000             193
   382.000000             194
   383.000000             195
   384.000000             196
   385.000000             196
   386.000000             196
   387.000000             196
   388.000000             196
   389.000000             198
   390.000000             201
   391.000000             202
   392.000000             203
   393.000000             204
   394.000000             205
   395.000000             207
   396.000000             208
   397.000000             209
   398.000000             209
   399.000000             209
   400.000000             209
   401.000000             209
   402.000000             209
   403.000000             209
   404.000000             209
   405.000000             209
   406.000000             209
   407.000000             209
   408.000000             209
   409.000000             209
   410.000000             209
   411.000000             209
   412.000000             209
   413.000000             209
   414.000000             209
   415.000000             210
   416.000000             211
   417.000000             211
   418.000000             211
   419.000000             211
   420.000000             211
   421.000000             211
   422.000000             211
   423.000000             212
   424.000000             213
   425.000000             213
   426.000000             213
   427.000000             213
   428.000000             213
   429.000000             214
   430.000000             215
   431.000000             215
   432.000000             215
   433.000000             215
   434.000000             215
   435.000000             215
   436.000000             215
   437.000000             215
   438.000000             215
   439.000000             215
   440.000000             215
   441.000000             215
   442.000000             216
   443.000000             218
   444.000000             220
   445.000000             221
   446.000000             221
   447.000000             221
   448.000000             221
   449.000000             221
   450.000000             221
   451.000000             221
   452.000000             222
   453.000000             223
   454.000000             223
   455.000000             223
   456.000000             224
   457.000000             226
   458.000000             227
   459.000000             228
   460.000000             228
   461.000000             228
   462.000000             228
   463.000000             228
   464.000000             228
   465.000000             228
   466.000000             228
   467.000000             228
   468.000000             229
   469.000000             231
   470.000000             232
   471.000000             232
   472.000000             232
   473.000000             232
   474.000000             233
   475.000000             234
   476.000000             234
   477.000000             235
   478.000000             237
   479.000000             238
   480.000000             239
   481.000000             239
   482.000000             239
   483.000000             239
   484.000000             239
   485.000000             239
   486.000000             239
   487.000000             239
   488.000000             241
   489.000000             243
   490.000000             243
   491.000000             243
   492.000000             243
   493.000000             243
   494.000000             245
   495.000000             248
   496.000000             249
   497.000000             250
   498.000000             251
   499.000000             255
   500.000000             258
   501.000000             258
   502.000000             259
   503.000000             260
   504.000000             260
   505.000000             260
   506.000000             260
   507.000000             260
   508.000000             261
   509.000000             261
   510.000000             261
   511.000000             261
   512.000000             261
   513.000000             261
   514.000000             262
   515.000000             264
   516.000000             266
   517.000000             268
   518.000000             269
   519.000000             269
   520.000000             269
   521.000000             270
   522.000000             271
   523.000000             271
   524.000000             273
   525.000000             274
   526.000000             274
   527.000000             274
   528.000000             276
   529.000000             278
   530.000000             278
   531.000000             278
   532.000000             279
   533.000000             281
   534.000000             283
   535.000000             284
   536.000000             285
   537.000000             286
   538.000000             287
   539.000000             288
   540.000000             288
   541.000000             288
   542.000000             288
   543.000000             289
   544.000000             291
   545.000000             292
   546.000000             292
   547.000000             292
   548.000000             292
   549.000000             294
   550.000000             296
   551.000000             299
   552.000000             302
   553.000000             303
   554.000000             303
   555.000000             303
   556.000000             303
   557.000000             303
   558.000000             303
   559.000000             303
   560.000000             303
   561.000000             303
   562.000000             303
   563.000000             305
   564.000000             307
   565.000000             308
   566.000000             309
   567.000000             309
   568.000000             310
   569.000000             311
   570.000000             312
   571.000000             314
   572.000000             314
   573.000000             315
   574.000000             315
   575.000000             315
   576.000000             316
   577.000000             318
   578.000000             319
   579.000000             320
   580.000000             320
   581.000000             320
   582.000000             320
   583.000000             321
   584.000000             322
   585.000000             322
   586.000000             322
   587.000000             323
   588.000000             324
   589.000000             325
   590.000000             326
   591.000000             326
   592.000000             328
   593.000000             329
   594.000000             329
   595.000000             329
   596.000000             329
   597.000000             329
   598.000000             329
   599.000000             329
   600.000000             329
   601.000000             330
   602.000000             331
   603.000000             331
   604.000000             331
   605.000000             331
   606.000000             331
   607.000000             331
   608.000000             331
   609.000000             331
   610.000000             331
   611.000000             331
   612.000000             331
   613.000000             331
   614.000000             331
   615.000000             331
   616.000000             331
   617.000000             332
   618.000000             335
   619.000000             336
   620.000000             337
   621.000000             338
   622.000000             340
   623.000000             341
   624.000000             342
   625.000000             343
   626.000000             344
   627.000000             346
   628.000000             348
   629.000000             348
   630.000000             348
   631.000000             349
   632.000000             350
   633.000000             350
   634.000000             350
   635.000000             350
   636.000000             350
   637.000000             350
   638.000000             350
   639.000000             350
   640.000000             351
   641.000000             352
   642.000000             352
   643.000000             352
   644.000000             353
   645.000000             353
   646.000000             353
   647.000000             353
   648.000000             353
   649.000000             353
   650.000000             353
   651.000000             353
   652.000000             353
   653.000000             353
   654.000000             353
   655.000000             353
   656.000000             353
   657.000000             353
   658.000000             353
   659.000000             354
   660.000000             355
   661.000000             355
   662.000000             356
   663.000000             358
   664.000000             359
   665.000000             360
   666.000000             362
   667.000000             364
   668.000000             365
   669.000000             365
   670.000000             366
   671.000000             367
   672.000000             368
   673.000000             369
   674.000000             369
   675.000000             369
   676.000000             369
   677.000000             369
   678.000000             369
   679.000000             369
   680.000000             370
   681.000000             370
   682.000000             370
   683.000000             370
   684.000000             370
   685.000000             370
   686.000000             370
   687.000000             370
   688.000000             370
   689.000000             370
   690.000000             370
   691.000000             371
   692.000000             371
   693.000000             371
   694.000000             371
   695.000000             371
   696.000000             371
   697.000000             371
   698.000000             371
   699.000000             372
   700.000000             373
   701.000000             374
   702.000000             375
   703.000000             375
   704.000000             376
   705.000000             378
   706.000000             379
   707.000000             380
   708.000000             381
   709.000000             382
   710.000000             382
   711.000000             382
   712.000000             384
   713.000000             385
   714.000000             385
   715.000000             385
   716.000000             385
   717.000000             385
   718.000000             385
   719.000000             385
   720.000000             385
   721.000000             385
   722.000000             386
   723.000000             387
   724.000000             387
   725.000000             387
   726.000000             387
   727.000000             387
   728.000000             387
   729.000000             388
   730.000000             390
   731.000000             391
   732.000000             391
   733.000000             391
   734.000000             391
   735.000000             392
   736.000000             393
   737.000000             394
   738.000000             395
   739.000000             395
   740.000000             395
   741.000000             395
   742.000000             395
   743.000000             395
   744.000000             396
   745.000000             397
   746.000000             398
   747.000000             399
   748.000000             399
   749.000000             399
   750.000000             400
   751.000000             401
   752.000000             401
   753.000000             401
   754.000000             401
   755.000000             402
   756.000000             403
   757.000000             403
   758.000000             403
   759.000000             403
   760.000000             403
   761.000000             403
   762.000000             403
   763.000000             403
   764.000000             403
   765.000000             403
   766.000000             403
   767.000000             403
   768.000000             403
   769.000000             403
   770.000000             404
   771.000000             404
   772.000000             404
   773.000000             405
   774.000000             405
   775.000000             405
   776.000000             405
   777.000000             405
   778.000000             405
   779.000000             406
   780.000000             406
   781.000000             406
   782.000000             406
   783.000000             406
   784.000000             407
   785.000000             408
   786.000000             409
   787.000000             410
   788.000000             410
   789.000000             410
   790.000000             410
   791.000000             410
   792.000000             410
   793.000000             410
   794.000000             410
   795.000000             410
   796.000000             410
   797.000000             410
   798.000000             410
   799.000000             410
   800.000000             411
   801.000000             412
   802.000000             412
   803.000000             412
   804.000000             412
   805.000000             413
   806.000000             414
   807.000000             415
   808.000000             416
   809.000000             416
   810.000000             417
   811.000000             418
   812.000000             418
   813.000000             418
   814.000000             418
   815.000000             418
   816.000000             418
   817.000000             418
   818.000000             419
   819.000000             420
   820.000000             420
   821.000000             422
   822.000000             424
   823.000000             424
   824.000000             424
   825.000000             424
   826.000000             424
   827.000000             425
   828.000000             427
   829.000000             429
   830.000000             431
   831.000000             432
   832.000000             432
   833.000000             432
   834.000000             432
   835.000000             432
   836.000000             432
   837.000000             432
   838.000000             433
   839.000000             436
   840.000000             437
   841.000000             438
   842.000000             439
   843.000000             439
   844.000000             439
   845.000000             440
   846.000000             441
   847.000000             441
   848.000000             441
   849.000000             442
   850.000000             443
   851.000000             443
   852.000000             443
   853.000000             444
   854.000000             445
   855.000000             445
   856.000000             446
   857.000000             446
   858.000000             446
   859.000000             446
   860.000000             447
   861.000000             449
   862.000000             450
   863.000000             451
   864.000000             453
   865.000000             454
   866.000000             454
   867.000000             454
   868.000000             454
   869.000000             454
   870.000000             454
   871.000000             454
   872.000000             454
   873.000000             454
   874.000000             454
   875.000000             454
   876.000000             455
   877.000000             456
   878.000000             457
   879.000000             459
   880.000000             460
   881.000000             460
   882.000000             461
   883.000000             462
   884.000000             463
   885.000000             464
   886.000000             464
   887.000000             464
   888.000000             464
   889.000000             464
   890.000000             465
   891.000000             465
   892.000000             466
   893.000000             468
   894.000000             469
   895.000000             469
   896.000000             469
   897.000000             469
   898.000000             469
   899.000000             469
   900.000000             469
