 Permeation events over simulation time.
 t(ns) Number of events
   0.00000000               0
   1.00000000               0
   2.00000000               0
   3.00000000               0
   4.00000000               0
   5.00000000               1
   6.00000000               2
   7.00000000               2
   8.00000000               2
   9.00000000               2
   10.0000000               2
   11.0000000               2
   12.0000000               2
   13.0000000               2
   14.0000000               2
   15.0000000               2
   16.0000000               2
   17.0000000               2
   18.0000000               2
   19.0000000               2
   20.0000000               2
   21.0000000               2
   22.0000000               2
   23.0000000               2
   24.0000000               2
   25.0000000               2
   26.0000000               2
   27.0000000               2
   28.0000000               3
   29.0000000               4
   30.0000000               4
   31.0000000               4
   32.0000000               4
   33.0000000               4
   34.0000000               4
   35.0000000               4
   36.0000000               4
   37.0000000               4
   38.0000000               4
   39.0000000               4
   40.0000000               4
   41.0000000               4
   42.0000000               4
   43.0000000               4
   44.0000000               4
   45.0000000               4
   46.0000000               4
   47.0000000               4
   48.0000000               4
   49.0000000               4
   50.0000000               4
   51.0000000               4
   52.0000000               4
   53.0000000               4
   54.0000000               4
   55.0000000               4
   56.0000000               4
   57.0000000               4
   58.0000000               5
   59.0000000               6
   60.0000000               6
   61.0000000               6
   62.0000000               6
   63.0000000               6
   64.0000000               6
   65.0000000               7
   66.0000000               8
   67.0000000               8
   68.0000000               8
   69.0000000               8
   70.0000000               8
   71.0000000               8
   72.0000000               8
   73.0000000               8
   74.0000000               8
   75.0000000               8
   76.0000000               8
   77.0000000               8
   78.0000000               8
   79.0000000               8
   80.0000000               8
   81.0000000               8
   82.0000000               8
   83.0000000               8
   84.0000000               8
   85.0000000               8
   86.0000000               8
   87.0000000               8
   88.0000000               8
   89.0000000               8
   90.0000000               8
   91.0000000               8
   92.0000000               8
   93.0000000               8
   94.0000000               8
   95.0000000               8
   96.0000000               8
   97.0000000               8
   98.0000000               8
   99.0000000               8
   100.000000               8
   101.000000               8
   102.000000               8
   103.000000               8
   104.000000               8
   105.000000               8
   106.000000               8
   107.000000               8
   108.000000               8
   109.000000               8
   110.000000               9
   111.000000              10
   112.000000              10
   113.000000              10
   114.000000              10
   115.000000              10
   116.000000              10
   117.000000              10
   118.000000              10
   119.000000              10
   120.000000              10
   121.000000              10
   122.000000              10
   123.000000              10
   124.000000              10
   125.000000              10
   126.000000              11
   127.000000              12
   128.000000              12
   129.000000              12
   130.000000              12
   131.000000              12
   132.000000              12
   133.000000              12
   134.000000              12
   135.000000              12
   136.000000              12
   137.000000              12
   138.000000              12
   139.000000              12
   140.000000              12
   141.000000              12
   142.000000              12
   143.000000              12
   144.000000              12
   145.000000              12
   146.000000              12
   147.000000              12
   148.000000              12
   149.000000              12
   150.000000              12
   151.000000              12
   152.000000              12
   153.000000              12
   154.000000              12
   155.000000              12
   156.000000              12
   157.000000              12
   158.000000              12
   159.000000              12
   160.000000              12
   161.000000              12
   162.000000              12
   163.000000              12
   164.000000              12
   165.000000              12
   166.000000              12
   167.000000              12
   168.000000              12
   169.000000              12
   170.000000              13
   171.000000              14
   172.000000              14
   173.000000              14
   174.000000              14
   175.000000              14
   176.000000              14
   177.000000              14
   178.000000              14
   179.000000              14
   180.000000              14
   181.000000              14
   182.000000              14
   183.000000              14
   184.000000              14
   185.000000              14
   186.000000              14
   187.000000              14
   188.000000              14
   189.000000              14
   190.000000              14
   191.000000              14
   192.000000              14
   193.000000              14
   194.000000              14
   195.000000              14
   196.000000              14
   197.000000              14
   198.000000              14
   199.000000              14
   200.000000              14
   201.000000              14
   202.000000              14
   203.000000              14
   204.000000              14
   205.000000              14
   206.000000              14
   207.000000              14
   208.000000              14
   209.000000              14
   210.000000              14
   211.000000              14
   212.000000              14
   213.000000              14
   214.000000              14
   215.000000              14
   216.000000              14
   217.000000              14
   218.000000              14
   219.000000              14
   220.000000              14
   221.000000              14
   222.000000              16
   223.000000              18
   224.000000              18
   225.000000              18
   226.000000              19
   227.000000              20
   228.000000              20
   229.000000              20
   230.000000              20
   231.000000              20
   232.000000              20
   233.000000              20
   234.000000              20
   235.000000              20
   236.000000              20
   237.000000              20
   238.000000              20
   239.000000              20
   240.000000              21
   241.000000              22
   242.000000              22
   243.000000              22
   244.000000              22
   245.000000              22
   246.000000              22
   247.000000              22
   248.000000              22
   249.000000              22
   250.000000              22
   251.000000              22
   252.000000              22
   253.000000              22
   254.000000              22
   255.000000              22
   256.000000              22
   257.000000              22
   258.000000              22
   259.000000              22
   260.000000              22
   261.000000              22
   262.000000              22
   263.000000              22
   264.000000              22
   265.000000              22
   266.000000              22
   267.000000              22
   268.000000              22
   269.000000              22
   270.000000              22
   271.000000              22
   272.000000              22
   273.000000              22
   274.000000              22
   275.000000              22
   276.000000              22
   277.000000              22
   278.000000              22
   279.000000              22
   280.000000              22
   281.000000              22
   282.000000              22
   283.000000              22
   284.000000              22
   285.000000              22
   286.000000              22
   287.000000              22
   288.000000              22
   289.000000              22
   290.000000              22
   291.000000              22
   292.000000              22
   293.000000              22
   294.000000              22
   295.000000              22
   296.000000              22
   297.000000              22
   298.000000              22
   299.000000              22
   300.000000              22
   301.000000              22
   302.000000              23
   303.000000              24
   304.000000              24
   305.000000              24
   306.000000              24
   307.000000              24
   308.000000              24
   309.000000              24
   310.000000              24
   311.000000              24
   312.000000              24
   313.000000              25
   314.000000              26
   315.000000              26
   316.000000              26
   317.000000              26
   318.000000              27
   319.000000              28
   320.000000              28
   321.000000              28
   322.000000              28
   323.000000              28
   324.000000              28
   325.000000              28
   326.000000              28
   327.000000              28
   328.000000              28
   329.000000              28
   330.000000              28
   331.000000              28
   332.000000              28
   333.000000              28
   334.000000              28
   335.000000              28
   336.000000              28
   337.000000              28
   338.000000              28
   339.000000              28
   340.000000              28
   341.000000              28
   342.000000              28
   343.000000              28
   344.000000              28
   345.000000              28
   346.000000              28
   347.000000              28
   348.000000              28
   349.000000              28
   350.000000              28
   351.000000              28
   352.000000              28
   353.000000              28
   354.000000              28
   355.000000              28
   356.000000              28
   357.000000              28
   358.000000              28
   359.000000              28
   360.000000              28
   361.000000              28
   362.000000              28
   363.000000              28
   364.000000              28
   365.000000              28
   366.000000              28
   367.000000              28
   368.000000              28
   369.000000              28
   370.000000              28
   371.000000              28
   372.000000              28
   373.000000              28
   374.000000              28
   375.000000              28
   376.000000              28
   377.000000              28
   378.000000              28
   379.000000              28
   380.000000              28
   381.000000              28
   382.000000              28
   383.000000              28
   384.000000              28
   385.000000              28
   386.000000              28
   387.000000              28
   388.000000              28
   389.000000              28
   390.000000              28
   391.000000              28
   392.000000              28
   393.000000              28
   394.000000              28
   395.000000              28
   396.000000              28
   397.000000              28
   398.000000              28
   399.000000              28
   400.000000              28
   401.000000              29
   402.000000              30
   403.000000              30
   404.000000              30
   405.000000              30
   406.000000              30
   407.000000              30
   408.000000              30
   409.000000              30
   410.000000              31
   411.000000              32
   412.000000              32
   413.000000              32
   414.000000              32
   415.000000              32
   416.000000              32
   417.000000              32
   418.000000              32
   419.000000              32
   420.000000              32
   421.000000              32
   422.000000              32
   423.000000              32
   424.000000              32
   425.000000              32
   426.000000              33
   427.000000              34
   428.000000              34
   429.000000              34
   430.000000              34
   431.000000              34
   432.000000              34
   433.000000              34
   434.000000              34
   435.000000              34
   436.000000              34
   437.000000              34
   438.000000              34
   439.000000              34
   440.000000              34
   441.000000              34
   442.000000              34
   443.000000              34
   444.000000              34
   445.000000              34
   446.000000              34
   447.000000              35
   448.000000              36
   449.000000              36
   450.000000              36
   451.000000              36
   452.000000              37
   453.000000              38
   454.000000              38
   455.000000              38
   456.000000              38
   457.000000              38
   458.000000              38
   459.000000              38
   460.000000              38
   461.000000              38
   462.000000              38
   463.000000              38
   464.000000              38
   465.000000              38
   466.000000              38
   467.000000              38
   468.000000              38
   469.000000              38
   470.000000              38
   471.000000              38
   472.000000              38
   473.000000              38
   474.000000              38
   475.000000              38
   476.000000              38
   477.000000              38
   478.000000              38
   479.000000              38
   480.000000              38
   481.000000              38
   482.000000              38
   483.000000              38
   484.000000              38
   485.000000              38
   486.000000              38
   487.000000              38
   488.000000              40
   489.000000              42
   490.000000              42
   491.000000              42
   492.000000              42
   493.000000              43
   494.000000              44
   495.000000              44
   496.000000              44
   497.000000              44
   498.000000              44
   499.000000              44
   500.000000              44
   501.000000              44
   502.000000              44
   503.000000              44
   504.000000              44
   505.000000              44
   506.000000              44
   507.000000              44
   508.000000              44
   509.000000              44
   510.000000              44
   511.000000              44
   512.000000              44
   513.000000              44
   514.000000              44
   515.000000              44
   516.000000              44
   517.000000              44
   518.000000              44
   519.000000              44
   520.000000              44
   521.000000              44
   522.000000              44
   523.000000              44
   524.000000              44
   525.000000              44
   526.000000              44
   527.000000              44
   528.000000              45
   529.000000              46
   530.000000              48
   531.000000              49
   532.000000              49
   533.000000              51
   534.000000              53
   535.000000              54
   536.000000              54
   537.000000              55
   538.000000              56
   539.000000              56
   540.000000              56
   541.000000              56
   542.000000              56
   543.000000              56
   544.000000              56
   545.000000              56
   546.000000              56
   547.000000              56
   548.000000              56
   549.000000              56
   550.000000              56
   551.000000              56
   552.000000              56
   553.000000              56
   554.000000              56
   555.000000              56
   556.000000              56
   557.000000              56
   558.000000              56
   559.000000              56
   560.000000              56
   561.000000              56
   562.000000              56
   563.000000              56
   564.000000              56
   565.000000              56
   566.000000              56
   567.000000              56
   568.000000              56
   569.000000              56
   570.000000              56
   571.000000              57
   572.000000              58
   573.000000              59
   574.000000              59
   575.000000              59
   576.000000              59
   577.000000              59
   578.000000              59
   579.000000              59
   580.000000              60
   581.000000              61
   582.000000              62
   583.000000              62
   584.000000              62
   585.000000              62
   586.000000              62
   587.000000              62
   588.000000              62
   589.000000              62
   590.000000              62
   591.000000              62
   592.000000              63
   593.000000              64
   594.000000              64
   595.000000              64
   596.000000              64
   597.000000              64
   598.000000              65
   599.000000              66
   600.000000              66
   601.000000              67
   602.000000              68
   603.000000              68
   604.000000              68
   605.000000              68
   606.000000              68
   607.000000              68
   608.000000              68
   609.000000              68
   610.000000              68
   611.000000              68
   612.000000              68
   613.000000              70
   614.000000              72
   615.000000              73
   616.000000              73
   617.000000              73
   618.000000              73
   619.000000              73
   620.000000              73
   621.000000              73
   622.000000              73
   623.000000              73
   624.000000              73
   625.000000              73
   626.000000              73
   627.000000              73
   628.000000              73
   629.000000              73
   630.000000              73
   631.000000              73
   632.000000              73
   633.000000              73
   634.000000              73
   635.000000              74
   636.000000              75
   637.000000              75
   638.000000              75
   639.000000              75
   640.000000              75
   641.000000              75
   642.000000              75
   643.000000              75
   644.000000              75
   645.000000              75
   646.000000              75
   647.000000              75
   648.000000              75
   649.000000              75
   650.000000              76
   651.000000              77
   652.000000              77
   653.000000              77
   654.000000              77
   655.000000              77
   656.000000              77
   657.000000              77
   658.000000              77
   659.000000              77
   660.000000              77
   661.000000              77
   662.000000              77
   663.000000              77
   664.000000              77
   665.000000              77
   666.000000              77
   667.000000              77
   668.000000              77
   669.000000              77
   670.000000              77
   671.000000              77
   672.000000              77
   673.000000              77
   674.000000              77
   675.000000              77
   676.000000              77
   677.000000              77
   678.000000              77
   679.000000              77
   680.000000              77
   681.000000              79
   682.000000              81
   683.000000              81
   684.000000              81
   685.000000              81
   686.000000              81
   687.000000              81
   688.000000              81
   689.000000              81
   690.000000              81
   691.000000              81
   692.000000              81
   693.000000              81
   694.000000              81
   695.000000              81
   696.000000              81
   697.000000              81
   698.000000              81
   699.000000              81
   700.000000              81
   701.000000              81
   702.000000              81
   703.000000              82
   704.000000              83
   705.000000              83
   706.000000              83
   707.000000              83
   708.000000              83
   709.000000              83
   710.000000              83
   711.000000              83
   712.000000              84
   713.000000              85
   714.000000              85
   715.000000              85
   716.000000              85
   717.000000              85
   718.000000              85
   719.000000              85
   720.000000              86
   721.000000              87
   722.000000              87
   723.000000              87
   724.000000              87
   725.000000              87
   726.000000              87
   727.000000              87
   728.000000              87
   729.000000              87
   730.000000              87
   731.000000              87
   732.000000              87
   733.000000              87
   734.000000              87
   735.000000              87
   736.000000              87
   737.000000              88
   738.000000              89
   739.000000              89
   740.000000              89
   741.000000              89
   742.000000              89
   743.000000              89
   744.000000              89
   745.000000              89
   746.000000              89
   747.000000              89
   748.000000              89
   749.000000              89
   750.000000              89
   751.000000              89
   752.000000              89
   753.000000              89
   754.000000              89
   755.000000              89
   756.000000              89
   757.000000              89
   758.000000              89
   759.000000              89
   760.000000              89
   761.000000              89
   762.000000              89
   763.000000              89
   764.000000              89
   765.000000              90
   766.000000              91
   767.000000              91
   768.000000              92
   769.000000              93
   770.000000              93
   771.000000              93
   772.000000              93
   773.000000              93
   774.000000              93
   775.000000              93
   776.000000              93
   777.000000              93
   778.000000              93
   779.000000              93
   780.000000              93
   781.000000              93
   782.000000              93
   783.000000              93
   784.000000              93
   785.000000              93
   786.000000              93
   787.000000              93
   788.000000              93
   789.000000              93
   790.000000              93
   791.000000              93
   792.000000              93
   793.000000              94
   794.000000              96
   795.000000              97
   796.000000              97
   797.000000              97
   798.000000              97
   799.000000              97
   800.000000              97
   801.000000              97
   802.000000              98
   803.000000              99
   804.000000              99
   805.000000              99
   806.000000              99
   807.000000              99
   808.000000              99
   809.000000              99
   810.000000              99
   811.000000              99
   812.000000              99
   813.000000              99
   814.000000              99
   815.000000              99
   816.000000              99
   817.000000              99
   818.000000              99
   819.000000              99
   820.000000              99
   821.000000              99
   822.000000              99
   823.000000              99
   824.000000              99
   825.000000              99
   826.000000              99
   827.000000              99
   828.000000              99
   829.000000              99
   830.000000             100
   831.000000             101
   832.000000             101
   833.000000             101
   834.000000             101
   835.000000             101
   836.000000             101
   837.000000             101
   838.000000             101
   839.000000             101
   840.000000             101
   841.000000             101
   842.000000             101
   843.000000             102
   844.000000             103
   845.000000             103
   846.000000             104
   847.000000             105
   848.000000             105
   849.000000             105
   850.000000             105
   851.000000             105
   852.000000             105
   853.000000             105
   854.000000             105
   855.000000             105
   856.000000             105
   857.000000             105
   858.000000             105
   859.000000             105
   860.000000             105
   861.000000             105
   862.000000             105
   863.000000             105
   864.000000             105
   865.000000             105
   866.000000             105
   867.000000             105
   868.000000             105
   869.000000             105
   870.000000             105
   871.000000             105
   872.000000             105
   873.000000             105
   874.000000             105
   875.000000             105
   876.000000             105
   877.000000             105
   878.000000             105
   879.000000             105
   880.000000             105
   881.000000             105
   882.000000             105
   883.000000             106
   884.000000             107
   885.000000             107
   886.000000             107
   887.000000             107
   888.000000             107
   889.000000             107
   890.000000             107
   891.000000             107
   892.000000             107
   893.000000             107
   894.000000             107
   895.000000             107
   896.000000             107
   897.000000             107
   898.000000             107
   899.000000             107
   900.000000             107
