 Permeation events over simulation time.
 t(ns) Number of events
   0.00000000               0
   1.00000000               0
   2.00000000               0
   3.00000000               0
   4.00000000               0
   5.00000000               1
   6.00000000               1
   7.00000000               1
   8.00000000               1
   9.00000000               2
   10.0000000               4
   11.0000000               5
   12.0000000               6
   13.0000000               8
   14.0000000               9
   15.0000000               9
   16.0000000              13
   17.0000000              15
   18.0000000              15
   19.0000000              15
   20.0000000              15
   21.0000000              16
   22.0000000              18
   23.0000000              19
   24.0000000              19
   25.0000000              20
   26.0000000              20
   27.0000000              20
   28.0000000              20
   29.0000000              20
   30.0000000              21
   31.0000000              22
   32.0000000              23
   33.0000000              24
   34.0000000              24
   35.0000000              24
   36.0000000              24
   37.0000000              24
   38.0000000              24
   39.0000000              24
   40.0000000              24
   41.0000000              24
   42.0000000              25
   43.0000000              29
   44.0000000              33
   45.0000000              35
   46.0000000              35
   47.0000000              35
   48.0000000              35
   49.0000000              35
   50.0000000              35
   51.0000000              35
   52.0000000              35
   53.0000000              35
   54.0000000              36
   55.0000000              37
   56.0000000              38
   57.0000000              38
   58.0000000              38
   59.0000000              38
   60.0000000              38
   61.0000000              40
   62.0000000              42
   63.0000000              44
   64.0000000              46
   65.0000000              46
   66.0000000              47
   67.0000000              49
   68.0000000              51
   69.0000000              52
   70.0000000              53
   71.0000000              53
   72.0000000              53
   73.0000000              53
   74.0000000              54
   75.0000000              56
   76.0000000              56
   77.0000000              56
   78.0000000              56
   79.0000000              56
   80.0000000              57
   81.0000000              58
   82.0000000              58
   83.0000000              58
   84.0000000              59
   85.0000000              60
   86.0000000              60
   87.0000000              61
   88.0000000              61
   89.0000000              62
   90.0000000              63
   91.0000000              63
   92.0000000              63
   93.0000000              63
   94.0000000              63
   95.0000000              63
   96.0000000              63
   97.0000000              63
   98.0000000              63
   99.0000000              63
   100.000000              64
   101.000000              65
   102.000000              66
   103.000000              68
   104.000000              69
   105.000000              71
   106.000000              73
   107.000000              73
   108.000000              75
   109.000000              76
   110.000000              76
   111.000000              76
   112.000000              76
   113.000000              78
   114.000000              79
   115.000000              81
   116.000000              83
   117.000000              84
   118.000000              84
   119.000000              85
   120.000000              86
   121.000000              87
   122.000000              88
   123.000000              89
   124.000000              89
   125.000000              90
   126.000000              91
   127.000000              92
   128.000000              93
   129.000000              93
   130.000000              94
   131.000000              95
   132.000000              95
   133.000000              95
   134.000000              97
   135.000000              99
   136.000000              99
   137.000000              99
   138.000000              99
   139.000000              99
   140.000000              99
   141.000000             101
   142.000000             102
   143.000000             103
   144.000000             104
   145.000000             104
   146.000000             104
   147.000000             105
   148.000000             106
   149.000000             107
   150.000000             107
   151.000000             108
   152.000000             109
   153.000000             110
   154.000000             110
   155.000000             110
   156.000000             110
   157.000000             111
   158.000000             112
   159.000000             113
   160.000000             114
   161.000000             114
   162.000000             115
   163.000000             116
   164.000000             116
   165.000000             117
   166.000000             119
   167.000000             120
   168.000000             120
   169.000000             120
   170.000000             120
   171.000000             120
   172.000000             121
   173.000000             123
   174.000000             123
   175.000000             123
   176.000000             123
   177.000000             123
   178.000000             124
   179.000000             126
   180.000000             127
   181.000000             127
   182.000000             128
   183.000000             128
   184.000000             129
   185.000000             130
   186.000000             131
   187.000000             132
   188.000000             132
   189.000000             132
   190.000000             132
   191.000000             132
   192.000000             133
   193.000000             133
   194.000000             133
   195.000000             134
   196.000000             135
   197.000000             135
   198.000000             135
   199.000000             136
   200.000000             137
   201.000000             137
   202.000000             137
   203.000000             138
   204.000000             139
   205.000000             140
   206.000000             140
   207.000000             140
   208.000000             140
   209.000000             143
   210.000000             146
   211.000000             146
   212.000000             146
   213.000000             147
   214.000000             147
   215.000000             148
   216.000000             149
   217.000000             149
   218.000000             149
   219.000000             149
   220.000000             150
   221.000000             151
   222.000000             151
   223.000000             151
   224.000000             151
   225.000000             151
   226.000000             152
   227.000000             153
   228.000000             154
   229.000000             155
   230.000000             155
   231.000000             155
   232.000000             155
   233.000000             155
   234.000000             155
   235.000000             156
   236.000000             157
   237.000000             157
   238.000000             157
   239.000000             157
   240.000000             159
   241.000000             162
   242.000000             163
   243.000000             164
   244.000000             164
   245.000000             164
   246.000000             164
   247.000000             165
   248.000000             166
   249.000000             166
   250.000000             166
   251.000000             166
   252.000000             166
   253.000000             167
   254.000000             168
   255.000000             170
   256.000000             171
   257.000000             172
   258.000000             173
   259.000000             173
   260.000000             174
   261.000000             176
   262.000000             176
   263.000000             176
   264.000000             176
   265.000000             177
   266.000000             178
   267.000000             178
   268.000000             178
   269.000000             179
   270.000000             180
   271.000000             180
   272.000000             180
   273.000000             181
   274.000000             182
   275.000000             183
   276.000000             183
   277.000000             183
   278.000000             183
   279.000000             183
   280.000000             183
   281.000000             183
   282.000000             183
   283.000000             183
   284.000000             183
   285.000000             183
   286.000000             184
   287.000000             185
   288.000000             185
   289.000000             185
   290.000000             186
   291.000000             187
   292.000000             187
   293.000000             187
   294.000000             187
   295.000000             187
   296.000000             188
   297.000000             189
   298.000000             190
   299.000000             193
   300.000000             194
   301.000000             194
   302.000000             194
   303.000000             194
   304.000000             195
   305.000000             197
   306.000000             199
   307.000000             200
   308.000000             200
   309.000000             200
   310.000000             200
   311.000000             200
   312.000000             201
   313.000000             203
   314.000000             204
   315.000000             204
   316.000000             205
   317.000000             205
   318.000000             205
   319.000000             205
   320.000000             205
   321.000000             205
   322.000000             205
   323.000000             206
   324.000000             206
   325.000000             206
   326.000000             207
   327.000000             207
   328.000000             207
   329.000000             207
   330.000000             207
   331.000000             207
   332.000000             207
   333.000000             207
   334.000000             208
   335.000000             209
   336.000000             209
   337.000000             209
   338.000000             209
   339.000000             211
   340.000000             214
   341.000000             215
   342.000000             216
   343.000000             218
   344.000000             218
   345.000000             218
   346.000000             218
   347.000000             218
   348.000000             218
   349.000000             218
   350.000000             218
   351.000000             218
   352.000000             218
   353.000000             219
   354.000000             221
   355.000000             223
   356.000000             226
   357.000000             227
   358.000000             227
   359.000000             228
   360.000000             230
   361.000000             230
   362.000000             230
   363.000000             231
   364.000000             232
   365.000000             233
   366.000000             235
   367.000000             235
   368.000000             235
   369.000000             235
   370.000000             236
   371.000000             237
   372.000000             237
   373.000000             237
   374.000000             237
   375.000000             237
   376.000000             237
   377.000000             237
   378.000000             237
   379.000000             237
   380.000000             237
   381.000000             237
   382.000000             237
   383.000000             237
   384.000000             237
   385.000000             237
   386.000000             239
   387.000000             241
   388.000000             241
   389.000000             242
   390.000000             243
   391.000000             245
   392.000000             246
   393.000000             246
   394.000000             247
   395.000000             248
   396.000000             248
   397.000000             248
   398.000000             248
   399.000000             248
   400.000000             249
   401.000000             252
   402.000000             253
   403.000000             253
   404.000000             253
   405.000000             253
   406.000000             254
   407.000000             256
   408.000000             259
   409.000000             260
   410.000000             260
   411.000000             260
   412.000000             262
   413.000000             263
   414.000000             263
   415.000000             263
   416.000000             263
   417.000000             263
   418.000000             264
   419.000000             265
   420.000000             266
   421.000000             267
   422.000000             268
   423.000000             268
   424.000000             268
   425.000000             268
   426.000000             268
   427.000000             268
   428.000000             268
   429.000000             268
   430.000000             268
   431.000000             268
   432.000000             268
   433.000000             268
   434.000000             268
   435.000000             268
   436.000000             271
   437.000000             272
   438.000000             272
   439.000000             272
   440.000000             272
   441.000000             272
   442.000000             272
   443.000000             273
   444.000000             275
   445.000000             276
   446.000000             278
   447.000000             279
   448.000000             279
   449.000000             279
   450.000000             279
   451.000000             279
   452.000000             280
   453.000000             283
   454.000000             284
   455.000000             284
   456.000000             285
   457.000000             286
   458.000000             287
   459.000000             288
   460.000000             288
   461.000000             289
   462.000000             289
   463.000000             289
   464.000000             289
   465.000000             290
   466.000000             290
   467.000000             290
   468.000000             290
   469.000000             290
   470.000000             290
   471.000000             290
   472.000000             290
   473.000000             292
   474.000000             294
   475.000000             294
   476.000000             295
   477.000000             297
   478.000000             298
   479.000000             298
   480.000000             298
   481.000000             298
   482.000000             298
   483.000000             298
   484.000000             299
   485.000000             300
   486.000000             301
   487.000000             301
   488.000000             301
   489.000000             302
   490.000000             304
   491.000000             305
   492.000000             305
   493.000000             305
   494.000000             305
   495.000000             305
   496.000000             305
   497.000000             305
   498.000000             306
   499.000000             306
   500.000000             307
   501.000000             309
   502.000000             310
   503.000000             311
   504.000000             311
   505.000000             311
   506.000000             311
   507.000000             311
   508.000000             311
   509.000000             311
   510.000000             311
   511.000000             312
   512.000000             312
   513.000000             312
   514.000000             313
   515.000000             314
   516.000000             314
   517.000000             314
   518.000000             314
   519.000000             315
   520.000000             316
   521.000000             316
   522.000000             317
   523.000000             318
   524.000000             318
   525.000000             318
   526.000000             318
   527.000000             318
   528.000000             319
   529.000000             320
   530.000000             321
   531.000000             322
   532.000000             322
   533.000000             322
   534.000000             322
   535.000000             322
   536.000000             323
   537.000000             325
   538.000000             326
   539.000000             327
   540.000000             329
   541.000000             329
   542.000000             329
   543.000000             329
   544.000000             329
   545.000000             330
   546.000000             331
   547.000000             331
   548.000000             331
   549.000000             332
   550.000000             334
   551.000000             335
   552.000000             336
   553.000000             337
   554.000000             337
   555.000000             337
   556.000000             337
   557.000000             338
   558.000000             339
   559.000000             340
   560.000000             341
   561.000000             341
   562.000000             341
   563.000000             341
   564.000000             341
   565.000000             341
   566.000000             342
   567.000000             343
   568.000000             344
   569.000000             345
   570.000000             345
   571.000000             345
   572.000000             346
   573.000000             347
   574.000000             349
   575.000000             352
   576.000000             353
   577.000000             353
   578.000000             353
   579.000000             355
   580.000000             355
   581.000000             356
   582.000000             357
   583.000000             357
   584.000000             357
   585.000000             357
   586.000000             357
   587.000000             358
   588.000000             359
   589.000000             359
   590.000000             359
   591.000000             359
   592.000000             359
   593.000000             360
   594.000000             362
   595.000000             363
   596.000000             363
   597.000000             363
   598.000000             363
   599.000000             363
   600.000000             364
   601.000000             365
   602.000000             366
   603.000000             366
   604.000000             367
   605.000000             368
   606.000000             368
   607.000000             369
   608.000000             370
   609.000000             370
   610.000000             372
   611.000000             373
   612.000000             373
   613.000000             373
   614.000000             373
   615.000000             373
   616.000000             373
   617.000000             373
   618.000000             373
   619.000000             373
   620.000000             374
   621.000000             377
   622.000000             379
   623.000000             380
   624.000000             380
   625.000000             380
   626.000000             380
   627.000000             380
   628.000000             381
   629.000000             383
   630.000000             384
   631.000000             387
   632.000000             390
   633.000000             390
   634.000000             390
   635.000000             391
   636.000000             392
   637.000000             392
   638.000000             392
   639.000000             393
   640.000000             394
   641.000000             395
   642.000000             395
   643.000000             395
   644.000000             395
   645.000000             396
   646.000000             398
   647.000000             401
   648.000000             405
   649.000000             407
   650.000000             408
   651.000000             408
   652.000000             408
   653.000000             408
   654.000000             408
   655.000000             409
   656.000000             410
   657.000000             413
   658.000000             414
   659.000000             414
   660.000000             414
   661.000000             414
   662.000000             415
   663.000000             416
   664.000000             417
   665.000000             418
   666.000000             418
   667.000000             418
   668.000000             418
   669.000000             418
   670.000000             418
   671.000000             418
   672.000000             421
   673.000000             424
   674.000000             424
   675.000000             425
   676.000000             426
   677.000000             426
   678.000000             428
   679.000000             431
   680.000000             432
   681.000000             434
   682.000000             436
   683.000000             438
   684.000000             439
   685.000000             440
   686.000000             441
   687.000000             441
   688.000000             441
   689.000000             441
   690.000000             441
   691.000000             441
   692.000000             441
   693.000000             441
   694.000000             441
   695.000000             441
   696.000000             442
   697.000000             442
   698.000000             442
   699.000000             442
   700.000000             443
   701.000000             447
   702.000000             450
   703.000000             451
   704.000000             451
   705.000000             451
   706.000000             451
   707.000000             451
   708.000000             452
   709.000000             452
   710.000000             453
   711.000000             455
   712.000000             457
   713.000000             459
   714.000000             460
   715.000000             460
   716.000000             460
   717.000000             460
   718.000000             461
   719.000000             462
   720.000000             463
   721.000000             464
   722.000000             466
   723.000000             468
   724.000000             469
   725.000000             469
   726.000000             469
   727.000000             469
   728.000000             469
   729.000000             471
   730.000000             472
   731.000000             472
   732.000000             473
   733.000000             474
   734.000000             475
   735.000000             475
   736.000000             475
   737.000000             475
   738.000000             475
   739.000000             475
   740.000000             475
   741.000000             475
   742.000000             475
   743.000000             475
   744.000000             477
   745.000000             479
   746.000000             480
   747.000000             481
   748.000000             482
   749.000000             482
   750.000000             482
   751.000000             484
   752.000000             485
   753.000000             485
   754.000000             485
   755.000000             486
   756.000000             488
   757.000000             489
   758.000000             491
   759.000000             492
   760.000000             492
   761.000000             492
   762.000000             492
   763.000000             492
   764.000000             492
   765.000000             492
   766.000000             493
   767.000000             494
   768.000000             494
   769.000000             494
   770.000000             494
   771.000000             494
   772.000000             494
   773.000000             495
   774.000000             496
   775.000000             497
   776.000000             499
   777.000000             501
   778.000000             502
   779.000000             502
   780.000000             503
   781.000000             505
   782.000000             505
   783.000000             506
   784.000000             507
   785.000000             508
   786.000000             508
   787.000000             508
   788.000000             508
   789.000000             508
   790.000000             508
   791.000000             508
   792.000000             508
   793.000000             508
   794.000000             508
   795.000000             508
   796.000000             511
   797.000000             515
   798.000000             517
   799.000000             522
   800.000000             525
   801.000000             525
   802.000000             525
   803.000000             527
   804.000000             529
   805.000000             531
   806.000000             532
   807.000000             533
   808.000000             534
   809.000000             535
   810.000000             537
   811.000000             538
   812.000000             539
   813.000000             539
   814.000000             539
   815.000000             539
   816.000000             540
   817.000000             541
   818.000000             542
   819.000000             543
   820.000000             544
   821.000000             548
   822.000000             551
   823.000000             553
   824.000000             555
   825.000000             558
   826.000000             559
   827.000000             560
   828.000000             561
   829.000000             561
   830.000000             561
   831.000000             561
   832.000000             561
   833.000000             561
   834.000000             561
   835.000000             562
   836.000000             563
   837.000000             565
   838.000000             566
   839.000000             567
   840.000000             567
   841.000000             567
   842.000000             567
   843.000000             568
   844.000000             568
   845.000000             568
   846.000000             568
   847.000000             568
   848.000000             568
   849.000000             568
   850.000000             568
   851.000000             569
   852.000000             570
   853.000000             572
   854.000000             572
   855.000000             572
   856.000000             573
   857.000000             574
   858.000000             574
   859.000000             574
   860.000000             575
   861.000000             575
   862.000000             575
   863.000000             576
   864.000000             577
   865.000000             579
   866.000000             579
   867.000000             579
   868.000000             579
   869.000000             579
   870.000000             580
   871.000000             581
   872.000000             582
   873.000000             583
   874.000000             584
   875.000000             584
   876.000000             584
   877.000000             584
   878.000000             584
   879.000000             584
   880.000000             584
   881.000000             584
   882.000000             584
   883.000000             585
   884.000000             586
   885.000000             586
   886.000000             587
   887.000000             588
   888.000000             588
   889.000000             588
   890.000000             589
   891.000000             590
   892.000000             590
   893.000000             590
   894.000000             590
   895.000000             590
   896.000000             591
   897.000000             592
   898.000000             593
   899.000000             593
   900.000000             593
   901.000000             593
   902.000000             593
   903.000000             593
   904.000000             593
   905.000000             594
   906.000000             595
   907.000000             595
   908.000000             595
   909.000000             596
   910.000000             597
   911.000000             597
   912.000000             599
   913.000000             600
   914.000000             601
   915.000000             602
   916.000000             603
   917.000000             603
   918.000000             603
   919.000000             603
   920.000000             604
   921.000000             605
   922.000000             605
   923.000000             605
   924.000000             605
   925.000000             605
   926.000000             605
   927.000000             605
   928.000000             605
   929.000000             605
   930.000000             605
   931.000000             606
   932.000000             607
   933.000000             607
   934.000000             607
   935.000000             607
   936.000000             607
   937.000000             608
   938.000000             609
   939.000000             610
   940.000000             613
   941.000000             615
   942.000000             617
   943.000000             618
   944.000000             618
   945.000000             618
   946.000000             619
   947.000000             620
   948.000000             620
   949.000000             620
   950.000000             620
   951.000000             620
   952.000000             621
   953.000000             622
   954.000000             622
   955.000000             622
   956.000000             624
   957.000000             625
   958.000000             626
   959.000000             628
   960.000000             630
   961.000000             630
   962.000000             630
   963.000000             630
   964.000000             630
   965.000000             630
   966.000000             634
   967.000000             635
   968.000000             635
   969.000000             637
   970.000000             637
   971.000000             637
   972.000000             637
   973.000000             637
   974.000000             637
   975.000000             637
   976.000000             637
   977.000000             637
   978.000000             637
   979.000000             637
   980.000000             639
   981.000000             640
   982.000000             641
   983.000000             641
   984.000000             642
   985.000000             643
   986.000000             644
   987.000000             644
   988.000000             644
   989.000000             647
   990.000000             650
   991.000000             652
   992.000000             654
   993.000000             654
   994.000000             654
   995.000000             656
   996.000000             656
   997.000000             656
   998.000000             656
   999.000000             656
   1000.00000             656
