 Permeation events over simulation time.
 t(ns) Number of events
   0.00000000               0
   1.00000000               0
   2.00000000               0
   3.00000000               0
   4.00000000               0
   5.00000000               0
   6.00000000               0
   7.00000000               0
   8.00000000               0
   9.00000000               0
   10.0000000               0
   11.0000000               0
   12.0000000               0
   13.0000000               0
   14.0000000               0
   15.0000000               0
   16.0000000               0
   17.0000000               0
   18.0000000               0
   19.0000000               0
   20.0000000               0
   21.0000000               0
   22.0000000               0
   23.0000000               0
   24.0000000               0
   25.0000000               0
   26.0000000               0
   27.0000000               0
   28.0000000               0
   29.0000000               0
   30.0000000               0
   31.0000000               0
   32.0000000               0
   33.0000000               0
   34.0000000               0
   35.0000000               0
   36.0000000               0
   37.0000000               0
   38.0000000               0
   39.0000000               0
   40.0000000               0
   41.0000000               0
   42.0000000               0
   43.0000000               0
   44.0000000               0
   45.0000000               0
   46.0000000               0
   47.0000000               0
   48.0000000               0
   49.0000000               0
   50.0000000               0
   51.0000000               0
   52.0000000               0
   53.0000000               0
   54.0000000               0
   55.0000000               0
   56.0000000               0
   57.0000000               0
   58.0000000               0
   59.0000000               0
   60.0000000               0
   61.0000000               0
   62.0000000               0
   63.0000000               0
   64.0000000               0
   65.0000000               0
   66.0000000               0
   67.0000000               0
   68.0000000               0
   69.0000000               0
   70.0000000               0
   71.0000000               0
   72.0000000               0
   73.0000000               0
   74.0000000               0
   75.0000000               0
   76.0000000               0
   77.0000000               0
   78.0000000               0
   79.0000000               0
   80.0000000               0
   81.0000000               0
   82.0000000               0
   83.0000000               0
   84.0000000               0
   85.0000000               0
   86.0000000               0
   87.0000000               0
   88.0000000               0
   89.0000000               0
   90.0000000               0
   91.0000000               0
   92.0000000               0
   93.0000000               0
   94.0000000               0
   95.0000000               0
   96.0000000               0
   97.0000000               0
   98.0000000               0
   99.0000000               0
   100.000000               0
   101.000000               0
   102.000000               0
   103.000000               0
   104.000000               0
   105.000000               0
   106.000000               0
   107.000000               0
   108.000000               0
   109.000000               0
   110.000000               0
   111.000000               0
   112.000000               0
   113.000000               0
   114.000000               0
   115.000000               0
   116.000000               0
   117.000000               0
   118.000000               0
   119.000000               0
   120.000000               0
   121.000000               0
   122.000000               0
   123.000000               0
   124.000000               0
   125.000000               0
   126.000000               0
   127.000000               0
   128.000000               0
   129.000000               0
   130.000000               0
   131.000000               0
   132.000000               0
   133.000000               0
   134.000000               0
   135.000000               0
   136.000000               0
   137.000000               0
   138.000000               0
   139.000000               0
   140.000000               0
   141.000000               0
   142.000000               0
   143.000000               0
   144.000000               0
   145.000000               0
   146.000000               0
   147.000000               0
   148.000000               0
   149.000000               0
   150.000000               0
   151.000000               0
   152.000000               0
   153.000000               0
   154.000000               0
   155.000000               0
   156.000000               0
   157.000000               0
   158.000000               0
   159.000000               0
   160.000000               0
   161.000000               0
   162.000000               0
   163.000000               0
   164.000000               0
   165.000000               0
   166.000000               0
   167.000000               0
   168.000000               0
   169.000000               0
   170.000000               0
   171.000000               0
   172.000000               0
   173.000000               0
   174.000000               0
   175.000000               0
   176.000000               0
   177.000000               0
   178.000000               0
   179.000000               0
   180.000000               0
   181.000000               0
   182.000000               0
   183.000000               0
   184.000000               0
   185.000000               0
   186.000000               0
   187.000000               0
   188.000000               0
   189.000000               0
   190.000000               0
   191.000000               0
   192.000000               0
   193.000000               0
   194.000000               0
   195.000000               0
   196.000000               0
   197.000000               0
   198.000000               0
   199.000000               0
   200.000000               0
   201.000000               0
   202.000000               0
   203.000000               0
   204.000000               0
   205.000000               0
   206.000000               0
   207.000000               0
   208.000000               0
   209.000000               0
   210.000000               0
   211.000000               0
   212.000000               0
   213.000000               0
   214.000000               0
   215.000000               0
   216.000000               0
   217.000000               0
   218.000000               0
   219.000000               0
   220.000000               0
   221.000000               0
   222.000000               0
   223.000000               0
   224.000000               0
   225.000000               0
   226.000000               0
   227.000000               0
   228.000000               0
   229.000000               0
   230.000000               0
   231.000000               0
   232.000000               0
   233.000000               0
   234.000000               0
   235.000000               0
   236.000000               0
   237.000000               0
   238.000000               0
   239.000000               0
   240.000000               0
   241.000000               0
   242.000000               0
   243.000000               0
   244.000000               0
   245.000000               0
   246.000000               0
   247.000000               0
   248.000000               0
   249.000000               0
   250.000000               0
   251.000000               0
   252.000000               0
   253.000000               0
   254.000000               0
   255.000000               0
   256.000000               0
   257.000000               0
   258.000000               0
   259.000000               0
   260.000000               0
   261.000000               0
   262.000000               0
   263.000000               0
   264.000000               0
   265.000000               0
   266.000000               0
   267.000000               0
   268.000000               0
   269.000000               0
   270.000000               0
   271.000000               0
   272.000000               0
   273.000000               0
   274.000000               0
   275.000000               0
   276.000000               0
   277.000000               0
   278.000000               0
   279.000000               0
   280.000000               0
   281.000000               0
   282.000000               0
   283.000000               0
   284.000000               0
   285.000000               0
   286.000000               0
   287.000000               0
   288.000000               0
   289.000000               0
   290.000000               0
   291.000000               0
   292.000000               0
   293.000000               0
   294.000000               0
   295.000000               0
   296.000000               0
   297.000000               0
   298.000000               0
   299.000000               0
   300.000000               0
   301.000000               0
   302.000000               0
   303.000000               0
   304.000000               0
   305.000000               0
   306.000000               0
   307.000000               0
   308.000000               0
   309.000000               0
   310.000000               0
   311.000000               0
   312.000000               0
   313.000000               0
   314.000000               0
   315.000000               0
   316.000000               0
   317.000000               0
   318.000000               0
   319.000000               0
   320.000000               0
   321.000000               0
   322.000000               0
   323.000000               0
   324.000000               0
   325.000000               0
   326.000000               0
   327.000000               0
   328.000000               0
   329.000000               0
   330.000000               0
   331.000000               0
   332.000000               0
   333.000000               0
   334.000000               0
   335.000000               0
   336.000000               0
   337.000000               0
   338.000000               0
   339.000000               0
   340.000000               0
   341.000000               0
   342.000000               0
   343.000000               0
   344.000000               0
   345.000000               0
   346.000000               0
   347.000000               0
   348.000000               0
   349.000000               0
   350.000000               0
   351.000000               0
   352.000000               0
   353.000000               0
   354.000000               0
   355.000000               0
   356.000000               0
   357.000000               0
   358.000000               0
   359.000000               0
   360.000000               0
   361.000000               0
   362.000000               0
   363.000000               0
   364.000000               0
   365.000000               0
   366.000000               0
   367.000000               0
   368.000000               0
   369.000000               0
   370.000000               0
   371.000000               0
   372.000000               0
   373.000000               0
   374.000000               0
   375.000000               0
   376.000000               0
   377.000000               0
   378.000000               0
   379.000000               0
   380.000000               0
   381.000000               0
   382.000000               0
   383.000000               0
   384.000000               0
   385.000000               0
   386.000000               0
   387.000000               0
   388.000000               0
   389.000000               0
   390.000000               0
   391.000000               0
   392.000000               0
   393.000000               0
   394.000000               0
   395.000000               0
   396.000000               0
   397.000000               0
   398.000000               0
   399.000000               0
   400.000000               0
   401.000000               0
   402.000000               0
   403.000000               0
   404.000000               0
   405.000000               0
   406.000000               0
   407.000000               0
   408.000000               0
   409.000000               0
   410.000000               0
   411.000000               0
   412.000000               0
   413.000000               0
   414.000000               0
   415.000000               0
   416.000000               0
   417.000000               0
   418.000000               0
   419.000000               0
   420.000000               0
   421.000000               0
   422.000000               0
   423.000000               0
   424.000000               0
   425.000000               0
   426.000000               0
   427.000000               0
   428.000000               0
   429.000000               0
   430.000000               0
   431.000000               0
   432.000000               0
   433.000000               0
   434.000000               1
   435.000000               2
   436.000000               3
   437.000000               3
   438.000000               3
   439.000000               3
   440.000000               3
   441.000000               3
   442.000000               3
   443.000000               3
   444.000000               3
   445.000000               3
   446.000000               3
   447.000000               3
   448.000000               3
   449.000000               3
   450.000000               3
   451.000000               3
   452.000000               3
   453.000000               3
   454.000000               3
   455.000000               3
   456.000000               3
   457.000000               3
   458.000000               3
   459.000000               3
   460.000000               3
   461.000000               3
   462.000000               3
   463.000000               3
   464.000000               3
   465.000000               3
   466.000000               3
   467.000000               3
   468.000000               3
   469.000000               3
   470.000000               3
   471.000000               3
   472.000000               3
   473.000000               3
   474.000000               3
   475.000000               3
   476.000000               3
   477.000000               3
   478.000000               3
   479.000000               3
   480.000000               3
   481.000000               3
   482.000000               3
   483.000000               3
   484.000000               3
   485.000000               3
   486.000000               3
   487.000000               3
   488.000000               3
   489.000000               3
   490.000000               3
   491.000000               3
   492.000000               3
   493.000000               3
   494.000000               3
   495.000000               3
   496.000000               3
   497.000000               3
   498.000000               3
   499.000000               3
   500.000000               3
   501.000000               3
   502.000000               3
   503.000000               3
   504.000000               3
   505.000000               3
   506.000000               3
   507.000000               3
   508.000000               3
   509.000000               3
   510.000000               3
   511.000000               3
   512.000000               4
   513.000000               5
   514.000000               6
   515.000000               6
   516.000000               6
   517.000000               6
   518.000000               6
   519.000000               6
   520.000000               6
   521.000000               6
   522.000000               6
   523.000000               6
   524.000000               6
   525.000000               6
   526.000000               6
   527.000000               6
   528.000000               6
   529.000000               6
   530.000000               6
   531.000000               6
   532.000000               6
   533.000000               6
   534.000000               6
   535.000000               6
   536.000000               6
   537.000000               6
   538.000000               6
   539.000000               6
   540.000000               6
   541.000000               6
   542.000000               6
   543.000000               6
   544.000000               6
   545.000000               6
   546.000000               6
   547.000000               6
   548.000000               6
   549.000000               6
   550.000000               6
   551.000000               6
   552.000000               6
   553.000000               6
   554.000000               6
   555.000000               6
   556.000000               6
   557.000000               6
   558.000000               6
   559.000000               6
   560.000000               6
   561.000000               6
   562.000000               6
   563.000000               6
   564.000000               6
   565.000000               6
   566.000000               6
   567.000000               6
   568.000000               6
   569.000000               6
   570.000000               6
   571.000000               6
   572.000000               6
   573.000000               6
   574.000000               6
   575.000000               6
   576.000000               6
   577.000000               6
   578.000000               6
   579.000000               6
   580.000000               6
   581.000000               6
   582.000000               6
   583.000000               6
   584.000000               6
   585.000000               6
   586.000000               6
   587.000000               6
   588.000000               6
   589.000000               6
   590.000000               6
   591.000000               6
   592.000000               6
   593.000000               6
   594.000000               6
   595.000000               6
   596.000000               6
   597.000000               6
   598.000000               6
   599.000000               6
   600.000000               6
   601.000000               6
   602.000000               6
   603.000000               6
   604.000000               6
   605.000000               6
   606.000000               6
   607.000000               6
   608.000000               6
   609.000000               6
   610.000000               6
   611.000000               6
   612.000000               6
   613.000000               6
   614.000000               6
   615.000000               6
   616.000000               6
   617.000000               6
   618.000000               6
   619.000000               6
   620.000000               6
   621.000000               6
   622.000000               6
   623.000000               6
   624.000000               6
   625.000000               6
   626.000000               6
   627.000000               6
   628.000000               6
   629.000000               6
   630.000000               6
   631.000000               6
   632.000000               6
   633.000000               6
   634.000000               6
   635.000000               6
   636.000000               6
   637.000000               6
   638.000000               6
   639.000000               6
   640.000000               6
   641.000000               6
   642.000000               6
   643.000000               6
   644.000000               6
   645.000000               6
   646.000000               6
   647.000000               6
   648.000000               6
   649.000000               6
   650.000000               6
   651.000000               6
   652.000000               6
   653.000000               6
   654.000000               6
   655.000000               6
   656.000000               6
   657.000000               6
   658.000000               6
   659.000000               6
   660.000000               6
   661.000000               6
   662.000000               6
   663.000000               6
   664.000000               6
   665.000000               6
   666.000000               6
   667.000000               6
   668.000000               6
   669.000000               6
   670.000000               6
   671.000000               6
   672.000000               6
   673.000000               6
   674.000000               6
   675.000000               6
   676.000000               6
   677.000000               6
   678.000000               6
   679.000000               6
   680.000000               6
   681.000000               6
   682.000000               6
   683.000000               6
   684.000000               6
   685.000000               6
   686.000000               6
   687.000000               6
   688.000000               6
   689.000000               6
   690.000000               6
   691.000000               6
   692.000000               6
   693.000000               6
   694.000000               6
   695.000000               6
   696.000000               6
   697.000000               6
   698.000000               6
   699.000000               6
   700.000000               6
   701.000000               6
   702.000000               6
   703.000000               6
   704.000000               6
   705.000000               6
   706.000000               6
   707.000000               6
   708.000000               6
   709.000000               6
   710.000000               6
   711.000000               6
   712.000000               6
   713.000000               6
   714.000000               6
   715.000000               6
   716.000000               6
   717.000000               6
   718.000000               6
   719.000000               6
   720.000000               6
   721.000000               6
   722.000000               6
   723.000000               6
   724.000000               6
   725.000000               6
   726.000000               6
   727.000000               6
   728.000000               6
   729.000000               6
   730.000000               6
   731.000000               6
   732.000000               6
   733.000000               6
   734.000000               6
   735.000000               6
   736.000000               6
   737.000000               6
   738.000000               6
   739.000000               6
   740.000000               6
   741.000000               6
   742.000000               6
   743.000000               6
   744.000000               6
   745.000000               6
   746.000000               6
   747.000000               6
   748.000000               6
   749.000000               6
   750.000000               6
   751.000000               6
   752.000000               6
   753.000000               6
   754.000000               6
   755.000000               6
   756.000000               6
   757.000000               6
   758.000000               6
   759.000000               6
   760.000000               6
   761.000000               6
   762.000000               6
   763.000000               6
   764.000000               6
   765.000000               6
   766.000000               6
   767.000000               6
   768.000000               6
   769.000000               6
   770.000000               6
   771.000000               6
   772.000000               6
   773.000000               6
   774.000000               6
   775.000000               6
   776.000000               6
   777.000000               6
   778.000000               6
   779.000000               6
   780.000000               6
   781.000000               6
   782.000000               6
   783.000000               6
   784.000000               6
   785.000000               6
   786.000000               6
   787.000000               6
   788.000000               6
   789.000000               6
   790.000000               6
   791.000000               6
   792.000000               6
   793.000000               6
   794.000000               6
   795.000000               6
   796.000000               6
   797.000000               6
   798.000000               6
   799.000000               6
   800.000000               6
   801.000000               6
   802.000000               6
   803.000000               6
   804.000000               6
   805.000000               6
   806.000000               6
   807.000000               6
   808.000000               6
   809.000000               6
   810.000000               6
   811.000000               6
   812.000000               6
   813.000000               6
   814.000000               6
   815.000000               6
   816.000000               6
   817.000000               6
   818.000000               6
   819.000000               6
   820.000000               6
   821.000000               6
   822.000000               6
   823.000000               6
   824.000000               6
   825.000000               6
   826.000000               6
   827.000000               6
   828.000000               6
   829.000000               6
   830.000000               6
   831.000000               6
   832.000000               6
   833.000000               6
   834.000000               6
   835.000000               6
   836.000000               6
   837.000000               6
   838.000000               6
   839.000000               6
   840.000000               6
   841.000000               6
   842.000000               6
   843.000000               6
   844.000000               6
   845.000000               6
   846.000000               6
   847.000000               6
   848.000000               6
   849.000000               6
   850.000000               6
   851.000000               6
   852.000000               6
   853.000000               6
   854.000000               6
   855.000000               6
   856.000000               6
   857.000000               6
   858.000000               6
   859.000000               6
   860.000000               6
   861.000000               6
   862.000000               6
   863.000000               7
   864.000000               8
   865.000000               9
   866.000000               9
   867.000000               9
   868.000000               9
   869.000000               9
   870.000000               9
   871.000000               9
   872.000000               9
   873.000000               9
   874.000000               9
   875.000000               9
   876.000000               9
   877.000000               9
   878.000000               9
   879.000000               9
   880.000000               9
   881.000000               9
   882.000000               9
   883.000000               9
   884.000000               9
   885.000000               9
   886.000000               9
   887.000000               9
   888.000000               9
   889.000000               9
   890.000000               9
   891.000000               9
   892.000000               9
   893.000000               9
   894.000000               9
   895.000000               9
   896.000000               9
   897.000000               9
   898.000000               9
   899.000000               9
   900.000000               9
