 Permeation events over simulation time.
 t(ns) Number of events
   0.00000000               0
   1.00000000               0
   2.00000000               0
   3.00000000               0
   4.00000000               0
   5.00000000               0
   6.00000000               0
   7.00000000               0
   8.00000000               0
   9.00000000               0
   10.0000000               0
   11.0000000               0
   12.0000000               0
   13.0000000               2
   14.0000000               2
   15.0000000               2
   16.0000000               2
   17.0000000               4
   18.0000000               7
   19.0000000               8
   20.0000000               8
   21.0000000               9
   22.0000000              11
   23.0000000              12
   24.0000000              12
   25.0000000              12
   26.0000000              12
   27.0000000              13
   28.0000000              14
   29.0000000              15
   30.0000000              16
   31.0000000              16
   32.0000000              16
   33.0000000              16
   34.0000000              16
   35.0000000              17
   36.0000000              18
   37.0000000              19
   38.0000000              20
   39.0000000              20
   40.0000000              20
   41.0000000              20
   42.0000000              20
   43.0000000              22
   44.0000000              23
   45.0000000              23
   46.0000000              23
   47.0000000              23
   48.0000000              25
   49.0000000              27
   50.0000000              27
   51.0000000              27
   52.0000000              27
   53.0000000              27
   54.0000000              28
   55.0000000              29
   56.0000000              30
   57.0000000              32
   58.0000000              33
   59.0000000              34
   60.0000000              35
   61.0000000              36
   62.0000000              37
   63.0000000              37
   64.0000000              38
   65.0000000              40
   66.0000000              42
   67.0000000              42
   68.0000000              42
   69.0000000              42
   70.0000000              43
   71.0000000              43
   72.0000000              43
   73.0000000              43
   74.0000000              44
   75.0000000              45
   76.0000000              45
   77.0000000              45
   78.0000000              45
   79.0000000              45
   80.0000000              46
   81.0000000              47
   82.0000000              48
   83.0000000              49
   84.0000000              49
   85.0000000              49
   86.0000000              49
   87.0000000              49
   88.0000000              49
   89.0000000              50
   90.0000000              51
   91.0000000              51
   92.0000000              51
   93.0000000              51
   94.0000000              51
   95.0000000              51
   96.0000000              51
   97.0000000              51
   98.0000000              52
   99.0000000              52
   100.000000              53
   101.000000              53
   102.000000              54
   103.000000              55
   104.000000              55
   105.000000              55
   106.000000              55
   107.000000              56
   108.000000              58
   109.000000              58
   110.000000              58
   111.000000              58
   112.000000              58
   113.000000              58
   114.000000              58
   115.000000              58
   116.000000              58
   117.000000              58
   118.000000              58
   119.000000              58
   120.000000              58
   121.000000              58
   122.000000              59
   123.000000              61
   124.000000              62
   125.000000              62
   126.000000              62
   127.000000              62
   128.000000              62
   129.000000              62
   130.000000              62
   131.000000              62
   132.000000              62
   133.000000              62
   134.000000              62
   135.000000              62
   136.000000              62
   137.000000              62
   138.000000              62
   139.000000              62
   140.000000              62
   141.000000              62
   142.000000              63
   143.000000              64
   144.000000              64
   145.000000              64
   146.000000              64
   147.000000              64
   148.000000              64
   149.000000              64
   150.000000              64
   151.000000              64
   152.000000              64
   153.000000              64
   154.000000              64
   155.000000              64
   156.000000              65
   157.000000              66
   158.000000              66
   159.000000              67
   160.000000              67
   161.000000              67
   162.000000              67
   163.000000              67
   164.000000              68
   165.000000              69
   166.000000              69
   167.000000              69
   168.000000              69
   169.000000              69
   170.000000              69
   171.000000              69
   172.000000              69
   173.000000              70
   174.000000              71
   175.000000              71
   176.000000              71
   177.000000              72
   178.000000              73
   179.000000              73
   180.000000              73
   181.000000              73
   182.000000              73
   183.000000              73
   184.000000              73
   185.000000              73
   186.000000              74
   187.000000              75
   188.000000              75
   189.000000              75
   190.000000              76
   191.000000              77
   192.000000              78
   193.000000              79
   194.000000              79
   195.000000              80
   196.000000              80
   197.000000              80
   198.000000              80
   199.000000              80
   200.000000              80
   201.000000              80
   202.000000              80
   203.000000              81
   204.000000              82
   205.000000              82
   206.000000              82
   207.000000              82
   208.000000              82
   209.000000              82
   210.000000              82
   211.000000              82
   212.000000              83
   213.000000              84
   214.000000              84
   215.000000              84
   216.000000              84
   217.000000              84
   218.000000              84
   219.000000              84
   220.000000              84
   221.000000              84
   222.000000              84
   223.000000              85
   224.000000              85
   225.000000              85
   226.000000              85
   227.000000              85
   228.000000              85
   229.000000              85
   230.000000              85
   231.000000              85
   232.000000              85
   233.000000              85
   234.000000              85
   235.000000              86
   236.000000              87
   237.000000              87
   238.000000              87
   239.000000              87
   240.000000              87
   241.000000              87
   242.000000              87
   243.000000              87
   244.000000              87
   245.000000              87
   246.000000              87
   247.000000              87
   248.000000              88
   249.000000              88
   250.000000              88
   251.000000              88
   252.000000              89
   253.000000              90
   254.000000              90
   255.000000              90
   256.000000              90
   257.000000              90
   258.000000              90
   259.000000              90
   260.000000              90
   261.000000              91
   262.000000              91
   263.000000              91
   264.000000              92
   265.000000              93
   266.000000              93
   267.000000              93
   268.000000              93
   269.000000              93
   270.000000              93
   271.000000              93
   272.000000              93
   273.000000              93
   274.000000              94
   275.000000              95
   276.000000              95
   277.000000              95
   278.000000              96
   279.000000              97
   280.000000              97
   281.000000              97
   282.000000              97
   283.000000              97
   284.000000              97
   285.000000              97
   286.000000              97
   287.000000              97
   288.000000              98
   289.000000              99
   290.000000             102
   291.000000             104
   292.000000             105
   293.000000             105
   294.000000             105
   295.000000             105
   296.000000             105
   297.000000             105
   298.000000             105
   299.000000             105
   300.000000             105
   301.000000             106
   302.000000             107
   303.000000             107
   304.000000             107
   305.000000             107
   306.000000             107
   307.000000             108
   308.000000             109
   309.000000             109
   310.000000             109
   311.000000             109
   312.000000             109
   313.000000             110
   314.000000             111
   315.000000             111
   316.000000             111
   317.000000             111
   318.000000             111
   319.000000             111
   320.000000             111
   321.000000             111
   322.000000             112
   323.000000             116
   324.000000             119
   325.000000             121
   326.000000             123
   327.000000             125
   328.000000             126
   329.000000             126
   330.000000             126
   331.000000             126
   332.000000             127
   333.000000             127
   334.000000             127
   335.000000             127
   336.000000             127
   337.000000             128
   338.000000             129
   339.000000             129
   340.000000             129
   341.000000             129
   342.000000             130
   343.000000             130
   344.000000             130
   345.000000             130
   346.000000             130
   347.000000             131
   348.000000             131
   349.000000             132
   350.000000             133
   351.000000             133
   352.000000             133
   353.000000             133
   354.000000             133
   355.000000             133
   356.000000             133
   357.000000             134
   358.000000             136
   359.000000             137
   360.000000             138
   361.000000             141
   362.000000             143
   363.000000             144
   364.000000             144
   365.000000             145
   366.000000             146
   367.000000             147
   368.000000             148
   369.000000             148
   370.000000             148
   371.000000             148
   372.000000             148
   373.000000             148
   374.000000             149
   375.000000             150
   376.000000             150
   377.000000             151
   378.000000             152
   379.000000             152
   380.000000             152
   381.000000             152
   382.000000             152
   383.000000             153
   384.000000             153
   385.000000             153
   386.000000             153
   387.000000             153
   388.000000             155
   389.000000             156
   390.000000             156
   391.000000             157
   392.000000             159
   393.000000             160
   394.000000             160
   395.000000             161
   396.000000             161
   397.000000             162
   398.000000             164
   399.000000             164
   400.000000             164
   401.000000             164
   402.000000             164
   403.000000             165
   404.000000             166
   405.000000             166
   406.000000             166
   407.000000             166
   408.000000             166
   409.000000             166
   410.000000             166
   411.000000             166
   412.000000             166
   413.000000             166
   414.000000             166
   415.000000             166
   416.000000             167
   417.000000             167
   418.000000             167
   419.000000             167
   420.000000             168
   421.000000             169
   422.000000             169
   423.000000             169
   424.000000             169
   425.000000             169
   426.000000             169
   427.000000             169
   428.000000             169
   429.000000             169
   430.000000             169
   431.000000             170
   432.000000             170
   433.000000             171
   434.000000             172
   435.000000             172
   436.000000             172
   437.000000             172
   438.000000             172
   439.000000             172
   440.000000             172
   441.000000             172
   442.000000             172
   443.000000             173
   444.000000             174
   445.000000             174
   446.000000             175
   447.000000             176
   448.000000             176
   449.000000             177
   450.000000             178
   451.000000             178
   452.000000             179
   453.000000             180
   454.000000             181
   455.000000             182
   456.000000             183
   457.000000             183
   458.000000             183
   459.000000             183
   460.000000             183
   461.000000             184
   462.000000             185
   463.000000             185
   464.000000             185
   465.000000             185
   466.000000             185
   467.000000             185
   468.000000             186
   469.000000             187
   470.000000             187
   471.000000             188
   472.000000             189
   473.000000             190
   474.000000             191
   475.000000             191
   476.000000             191
   477.000000             191
   478.000000             191
   479.000000             191
   480.000000             191
   481.000000             191
   482.000000             192
   483.000000             193
   484.000000             193
   485.000000             193
   486.000000             193
   487.000000             193
   488.000000             193
   489.000000             193
   490.000000             194
   491.000000             195
   492.000000             196
   493.000000             196
   494.000000             196
   495.000000             196
   496.000000             196
   497.000000             196
   498.000000             196
   499.000000             196
   500.000000             196
   501.000000             197
   502.000000             198
   503.000000             198
   504.000000             198
   505.000000             198
   506.000000             198
   507.000000             198
   508.000000             198
   509.000000             198
   510.000000             199
   511.000000             200
   512.000000             200
   513.000000             200
   514.000000             200
   515.000000             200
   516.000000             200
   517.000000             201
   518.000000             202
   519.000000             202
   520.000000             204
   521.000000             205
   522.000000             205
   523.000000             205
   524.000000             205
   525.000000             205
   526.000000             205
   527.000000             205
   528.000000             206
   529.000000             206
   530.000000             206
   531.000000             206
   532.000000             206
   533.000000             206
   534.000000             207
   535.000000             207
   536.000000             207
   537.000000             207
   538.000000             207
   539.000000             207
   540.000000             207
   541.000000             207
   542.000000             208
   543.000000             208
   544.000000             208
   545.000000             208
   546.000000             208
   547.000000             208
   548.000000             208
   549.000000             208
   550.000000             208
   551.000000             209
   552.000000             210
   553.000000             212
   554.000000             213
   555.000000             215
   556.000000             217
   557.000000             217
   558.000000             217
   559.000000             217
   560.000000             217
   561.000000             217
   562.000000             217
   563.000000             217
   564.000000             217
   565.000000             217
   566.000000             217
   567.000000             218
   568.000000             219
   569.000000             219
   570.000000             219
   571.000000             219
   572.000000             219
   573.000000             220
   574.000000             221
   575.000000             221
   576.000000             222
   577.000000             224
   578.000000             225
   579.000000             226
   580.000000             227
   581.000000             228
   582.000000             229
   583.000000             229
   584.000000             229
   585.000000             229
   586.000000             229
   587.000000             229
   588.000000             229
   589.000000             229
   590.000000             229
   591.000000             229
   592.000000             231
   593.000000             233
   594.000000             234
   595.000000             234
   596.000000             234
   597.000000             234
   598.000000             234
   599.000000             235
   600.000000             236
   601.000000             236
   602.000000             237
   603.000000             238
   604.000000             238
   605.000000             238
   606.000000             238
   607.000000             238
   608.000000             238
   609.000000             239
   610.000000             239
   611.000000             239
   612.000000             239
   613.000000             239
   614.000000             239
   615.000000             240
   616.000000             241
   617.000000             241
   618.000000             241
   619.000000             241
   620.000000             242
   621.000000             243
   622.000000             243
   623.000000             243
   624.000000             243
   625.000000             243
   626.000000             243
   627.000000             243
   628.000000             243
   629.000000             243
   630.000000             243
   631.000000             243
   632.000000             243
   633.000000             243
   634.000000             243
   635.000000             243
   636.000000             243
   637.000000             243
   638.000000             243
   639.000000             243
   640.000000             243
   641.000000             243
   642.000000             243
   643.000000             243
   644.000000             243
   645.000000             243
   646.000000             243
   647.000000             243
   648.000000             244
   649.000000             245
   650.000000             245
   651.000000             245
   652.000000             246
   653.000000             249
   654.000000             249
   655.000000             249
   656.000000             249
   657.000000             250
   658.000000             251
   659.000000             253
   660.000000             255
   661.000000             256
   662.000000             258
   663.000000             259
   664.000000             260
   665.000000             260
   666.000000             260
   667.000000             261
   668.000000             262
   669.000000             262
   670.000000             262
   671.000000             262
   672.000000             262
   673.000000             262
   674.000000             263
   675.000000             264
   676.000000             264
   677.000000             265
   678.000000             266
   679.000000             266
   680.000000             266
   681.000000             266
   682.000000             266
   683.000000             266
   684.000000             266
   685.000000             266
   686.000000             268
   687.000000             270
   688.000000             270
   689.000000             270
   690.000000             270
   691.000000             270
   692.000000             270
   693.000000             271
   694.000000             271
   695.000000             271
   696.000000             271
   697.000000             272
   698.000000             273
   699.000000             273
   700.000000             273
   701.000000             274
   702.000000             275
   703.000000             275
   704.000000             275
   705.000000             275
   706.000000             276
   707.000000             277
   708.000000             278
   709.000000             279
   710.000000             279
   711.000000             281
   712.000000             281
   713.000000             281
   714.000000             281
   715.000000             281
   716.000000             281
   717.000000             281
   718.000000             281
   719.000000             281
   720.000000             281
   721.000000             282
   722.000000             283
   723.000000             284
   724.000000             285
   725.000000             285
   726.000000             285
   727.000000             285
   728.000000             286
   729.000000             287
   730.000000             287
   731.000000             287
   732.000000             287
   733.000000             287
   734.000000             287
   735.000000             287
   736.000000             288
   737.000000             289
   738.000000             289
   739.000000             289
   740.000000             290
   741.000000             291
   742.000000             291
   743.000000             292
   744.000000             292
   745.000000             292
   746.000000             292
   747.000000             293
   748.000000             294
   749.000000             295
   750.000000             296
   751.000000             296
   752.000000             296
   753.000000             297
   754.000000             298
   755.000000             298
   756.000000             298
   757.000000             298
   758.000000             299
   759.000000             300
   760.000000             300
   761.000000             300
   762.000000             300
   763.000000             300
   764.000000             300
   765.000000             300
   766.000000             301
   767.000000             302
   768.000000             302
   769.000000             302
   770.000000             302
   771.000000             302
   772.000000             302
   773.000000             302
   774.000000             303
   775.000000             304
   776.000000             304
   777.000000             304
   778.000000             304
   779.000000             304
   780.000000             305
   781.000000             306
   782.000000             307
   783.000000             309
   784.000000             309
   785.000000             309
   786.000000             309
   787.000000             311
   788.000000             315
   789.000000             317
   790.000000             317
   791.000000             319
   792.000000             320
   793.000000             320
   794.000000             320
   795.000000             320
   796.000000             320
   797.000000             320
   798.000000             321
   799.000000             322
   800.000000             322
   801.000000             322
   802.000000             322
   803.000000             322
   804.000000             322
   805.000000             323
   806.000000             324
   807.000000             324
   808.000000             324
   809.000000             324
   810.000000             325
   811.000000             325
   812.000000             325
   813.000000             325
   814.000000             325
   815.000000             325
   816.000000             326
   817.000000             327
   818.000000             327
   819.000000             327
   820.000000             327
   821.000000             327
   822.000000             327
   823.000000             328
   824.000000             329
   825.000000             330
   826.000000             331
   827.000000             331
   828.000000             331
   829.000000             331
   830.000000             331
   831.000000             331
   832.000000             331
   833.000000             332
   834.000000             333
   835.000000             333
   836.000000             333
   837.000000             333
   838.000000             333
   839.000000             333
   840.000000             334
   841.000000             335
   842.000000             335
   843.000000             335
   844.000000             336
   845.000000             337
   846.000000             337
   847.000000             337
   848.000000             337
   849.000000             337
   850.000000             337
   851.000000             337
   852.000000             337
   853.000000             337
   854.000000             338
   855.000000             339
   856.000000             339
   857.000000             339
   858.000000             339
   859.000000             339
   860.000000             340
   861.000000             342
   862.000000             342
   863.000000             342
   864.000000             342
   865.000000             342
   866.000000             344
   867.000000             347
   868.000000             350
   869.000000             351
   870.000000             353
   871.000000             354
   872.000000             354
   873.000000             355
   874.000000             355
   875.000000             355
   876.000000             355
   877.000000             355
   878.000000             355
   879.000000             355
   880.000000             355
   881.000000             355
   882.000000             355
   883.000000             355
   884.000000             355
   885.000000             356
   886.000000             356
   887.000000             357
   888.000000             358
   889.000000             358
   890.000000             358
   891.000000             358
   892.000000             359
   893.000000             359
   894.000000             359
   895.000000             359
   896.000000             359
   897.000000             360
   898.000000             362
   899.000000             363
   900.000000             365
   901.000000             368
   902.000000             368
   903.000000             369
   904.000000             370
   905.000000             371
   906.000000             371
   907.000000             371
   908.000000             373
   909.000000             375
   910.000000             375
   911.000000             375
   912.000000             375
   913.000000             375
   914.000000             376
   915.000000             376
   916.000000             376
   917.000000             376
   918.000000             376
   919.000000             376
   920.000000             377
   921.000000             379
   922.000000             379
   923.000000             379
   924.000000             379
   925.000000             379
   926.000000             379
   927.000000             380
   928.000000             381
   929.000000             381
   930.000000             381
   931.000000             381
   932.000000             381
   933.000000             381
   934.000000             382
   935.000000             382
   936.000000             383
   937.000000             383
   938.000000             383
   939.000000             383
   940.000000             383
   941.000000             384
   942.000000             384
   943.000000             384
   944.000000             384
   945.000000             385
   946.000000             387
   947.000000             387
   948.000000             387
   949.000000             387
   950.000000             387
   951.000000             388
   952.000000             389
   953.000000             389
   954.000000             389
   955.000000             389
   956.000000             389
   957.000000             389
   958.000000             389
   959.000000             389
   960.000000             389
   961.000000             389
   962.000000             389
   963.000000             389
   964.000000             389
   965.000000             390
   966.000000             391
   967.000000             392
   968.000000             392
   969.000000             392
   970.000000             392
   971.000000             392
   972.000000             393
   973.000000             393
   974.000000             393
   975.000000             393
   976.000000             394
   977.000000             395
   978.000000             395
   979.000000             395
   980.000000             396
   981.000000             396
   982.000000             396
   983.000000             396
   984.000000             396
   985.000000             396
   986.000000             396
   987.000000             396
   988.000000             396
   989.000000             396
   990.000000             396
   991.000000             396
   992.000000             396
   993.000000             397
   994.000000             398
   995.000000             399
   996.000000             402
   997.000000             402
   998.000000             402
   999.000000             402
   1000.00000             402
