 Permeation events over simulation time.
 t(ns) Number of events
   0.00000000               0
  0.100000001               0
  0.200000003               0
  0.300000012               0
  0.400000006               0
  0.500000000               0
  0.600000024               0
  0.699999988               0
  0.800000012               0
  0.899999976               0
   1.00000000               0
   1.10000002               0
   1.20000005               0
   1.29999995               0
   1.39999998               0
   1.50000000               0
   1.60000002               0
   1.70000005               0
   1.79999995               0
   1.89999998               0
   2.00000000               0
   2.09999990               0
   2.20000005               0
   2.29999995               0
   2.40000010               0
   2.50000000               0
   2.59999990               0
   2.70000005               0
   2.79999995               0
   2.90000010               0
   3.00000000               0
   3.09999990               0
   3.20000005               0
   3.29999995               0
   3.40000010               0
   3.50000000               0
   3.59999990               0
   3.70000005               0
   3.79999995               0
   3.90000010               0
   4.00000000               0
   4.09999990               0
   4.19999981               0
   4.30000019               0
   4.40000010               0
   4.50000000               0
   4.59999990               0
   4.69999981               0
   4.80000019               0
   4.90000010               0
   5.00000000               0
   5.09999990               0
   5.19999981               0
   5.30000019               0
   5.40000010               0
   5.50000000               0
   5.59999990               0
   5.69999981               0
   5.80000019               0
   5.90000010               0
   6.00000000               0
   6.09999990               0
   6.19999981               0
   6.30000019               0
   6.40000010               0
   6.50000000               0
   6.59999990               0
   6.69999981               0
   6.80000019               0
   6.90000010               0
   7.00000000               0
   7.09999990               0
   7.19999981               0
   7.30000019               0
   7.40000010               0
   7.50000000               0
   7.59999990               0
   7.69999981               0
   7.80000019               0
   7.90000010               0
   8.00000000               0
   8.10000038               0
   8.19999981               0
   8.30000019               0
   8.39999962               0
   8.50000000               0
   8.60000038               0
   8.69999981               0
   8.80000019               0
   8.89999962               0
   9.00000000               0
   9.10000038               0
   9.19999981               0
   9.30000019               0
   9.39999962               0
   9.50000000               0
   9.60000038               0
   9.69999981               0
   9.80000019               0
   9.89999962               0
   10.0000000               0
   10.1000004               0
   10.1999998               0
   10.3000002               0
   10.3999996               0
   10.5000000               0
   10.6000004               0
   10.6999998               0
   10.8000002               0
   10.8999996               0
   11.0000000               0
   11.1000004               0
   11.1999998               0
   11.3000002               0
   11.3999996               0
   11.5000000               0
   11.6000004               0
   11.6999998               0
   11.8000002               0
   11.8999996               0
   12.0000000               0
   12.1000004               0
   12.1999998               0
   12.3000002               0
   12.3999996               0
   12.5000000               0
   12.6000004               0
   12.6999998               0
   12.8000002               0
   12.8999996               0
   13.0000000               0
   13.1000004               0
   13.1999998               0
   13.3000002               0
   13.3999996               0
   13.5000000               0
   13.6000004               0
   13.6999998               0
   13.8000002               0
   13.8999996               1
   14.0000000               1
   14.1000004               1
   14.1999998               1
   14.3000002               1
   14.3999996               1
   14.5000000               1
   14.6000004               1
   14.6999998               1
   14.8000002               1
   14.8999996               1
   15.0000000               1
   15.1000004               1
   15.1999998               1
   15.3000002               1
   15.3999996               1
   15.5000000               1
   15.6000004               1
   15.6999998               1
   15.8000002               1
   15.8999996               1
   16.0000000               1
   16.1000004               1
   16.2000008               1
   16.2999992               1
   16.3999996               1
   16.5000000               1
   16.6000004               1
   16.7000008               1
   16.7999992               1
   16.8999996               1
   17.0000000               1
   17.1000004               1
   17.2000008               2
   17.2999992               2
   17.3999996               2
   17.5000000               2
   17.6000004               2
   17.7000008               2
   17.7999992               2
   17.8999996               2
   18.0000000               2
   18.1000004               2
   18.2000008               2
   18.2999992               2
   18.3999996               2
   18.5000000               2
   18.6000004               2
   18.7000008               2
   18.7999992               2
   18.8999996               2
   19.0000000               2
   19.1000004               2
   19.2000008               2
   19.2999992               2
   19.3999996               2
   19.5000000               2
   19.6000004               2
   19.7000008               2
   19.7999992               2
   19.8999996               2
   20.0000000               2
   20.1000004               2
   20.2000008               2
   20.2999992               2
   20.3999996               2
   20.5000000               2
   20.6000004               2
   20.7000008               2
   20.7999992               2
   20.8999996               2
   21.0000000               2
   21.1000004               2
   21.2000008               2
   21.2999992               2
   21.3999996               2
   21.5000000               2
   21.6000004               2
   21.7000008               2
   21.7999992               2
   21.8999996               2
   22.0000000               2
   22.1000004               2
   22.2000008               2
   22.2999992               2
   22.3999996               2
   22.5000000               2
   22.6000004               2
   22.7000008               2
   22.7999992               2
   22.8999996               2
   23.0000000               2
   23.1000004               2
   23.2000008               2
   23.2999992               2
   23.3999996               2
   23.5000000               2
   23.6000004               2
   23.7000008               2
   23.7999992               2
   23.8999996               2
   24.0000000               2
   24.1000004               2
   24.2000008               2
   24.2999992               2
   24.3999996               2
   24.5000000               2
   24.6000004               2
   24.7000008               2
   24.7999992               2
   24.8999996               2
   25.0000000               2
   25.1000004               2
   25.2000008               2
   25.2999992               2
   25.3999996               2
   25.5000000               2
   25.6000004               2
   25.7000008               2
   25.7999992               2
   25.8999996               2
   26.0000000               2
   26.1000004               2
   26.2000008               2
   26.2999992               2
   26.3999996               2
   26.5000000               2
   26.6000004               2
   26.7000008               2
   26.7999992               2
   26.8999996               2
   27.0000000               2
   27.1000004               2
   27.2000008               2
   27.2999992               2
   27.3999996               2
   27.5000000               2
   27.6000004               2
   27.7000008               2
   27.7999992               2
   27.8999996               2
   28.0000000               2
   28.1000004               2
   28.2000008               2
   28.2999992               2
   28.3999996               2
   28.5000000               2
   28.6000004               2
   28.7000008               2
   28.7999992               2
   28.8999996               2
   29.0000000               2
   29.1000004               2
   29.2000008               2
   29.2999992               2
   29.3999996               2
   29.5000000               2
   29.6000004               2
   29.7000008               2
   29.7999992               2
   29.8999996               2
   30.0000000               2
   30.1000004               2
   30.2000008               2
   30.2999992               2
   30.3999996               2
   30.5000000               2
   30.6000004               2
   30.7000008               2
   30.7999992               2
   30.8999996               2
   31.0000000               2
   31.1000004               2
   31.2000008               2
   31.2999992               2
   31.3999996               2
   31.5000000               2
   31.6000004               2
   31.7000008               2
   31.7999992               2
   31.8999996               2
   32.0000000               2
   32.0999985               2
   32.2000008               2
   32.2999992               2
   32.4000015               2
   32.5000000               2
   32.5999985               2
   32.7000008               2
   32.7999992               2
   32.9000015               2
   33.0000000               2
   33.0999985               2
   33.2000008               2
   33.2999992               2
   33.4000015               2
   33.5000000               2
   33.5999985               2
   33.7000008               2
   33.7999992               2
   33.9000015               2
   34.0000000               2
   34.0999985               2
   34.2000008               2
   34.2999992               2
   34.4000015               2
   34.5000000               2
   34.5999985               2
   34.7000008               2
   34.7999992               2
   34.9000015               2
   35.0000000               2
   35.0999985               2
   35.2000008               3
   35.2999992               3
   35.4000015               3
   35.5000000               3
   35.5999985               3
   35.7000008               3
   35.7999992               3
   35.9000015               3
   36.0000000               3
   36.0999985               3
   36.2000008               3
   36.2999992               3
   36.4000015               3
   36.5000000               3
   36.5999985               3
   36.7000008               3
   36.7999992               3
   36.9000015               3
   37.0000000               3
   37.0999985               3
   37.2000008               3
   37.2999992               3
   37.4000015               3
   37.5000000               3
   37.5999985               3
   37.7000008               3
   37.7999992               3
   37.9000015               3
   38.0000000               3
   38.0999985               3
   38.2000008               3
   38.2999992               3
   38.4000015               3
   38.5000000               3
   38.5999985               3
   38.7000008               3
   38.7999992               3
   38.9000015               3
   39.0000000               3
   39.0999985               3
   39.2000008               3
   39.2999992               3
   39.4000015               3
   39.5000000               3
   39.5999985               3
   39.7000008               3
   39.7999992               3
   39.9000015               3
   40.0000000               3
   40.0999985               3
   40.2000008               3
   40.2999992               3
   40.4000015               3
   40.5000000               3
   40.5999985               3
   40.7000008               3
   40.7999992               3
   40.9000015               3
   41.0000000               3
   41.0999985               3
   41.2000008               3
   41.2999992               3
   41.4000015               3
   41.5000000               3
   41.5999985               3
   41.7000008               3
   41.7999992               3
   41.9000015               3
   42.0000000               3
   42.0999985               3
   42.2000008               3
   42.2999992               3
   42.4000015               3
   42.5000000               3
   42.5999985               3
   42.7000008               3
   42.7999992               3
   42.9000015               3
   43.0000000               3
   43.0999985               3
   43.2000008               3
   43.2999992               3
   43.4000015               3
   43.5000000               3
   43.5999985               3
   43.7000008               3
   43.7999992               3
   43.9000015               3
   44.0000000               3
   44.0999985               3
   44.2000008               3
   44.2999992               3
   44.4000015               3
   44.5000000               3
   44.5999985               3
   44.7000008               3
   44.7999992               3
   44.9000015               3
   45.0000000               3
   45.0999985               3
   45.2000008               3
   45.2999992               3
   45.4000015               3
   45.5000000               3
   45.5999985               3
   45.7000008               3
   45.7999992               3
   45.9000015               3
   46.0000000               3
   46.0999985               3
   46.2000008               3
   46.2999992               3
   46.4000015               3
   46.5000000               3
   46.5999985               3
   46.7000008               3
   46.7999992               3
   46.9000015               3
   47.0000000               3
   47.0999985               3
   47.2000008               3
   47.2999992               3
   47.4000015               3
   47.5000000               4
   47.5999985               4
   47.7000008               4
   47.7999992               4
   47.9000015               4
   48.0000000               4
   48.0999985               4
   48.2000008               4
   48.2999992               4
   48.4000015               4
   48.5000000               4
   48.5999985               4
   48.7000008               4
   48.7999992               4
   48.9000015               4
   49.0000000               4
   49.0999985               4
   49.2000008               4
   49.2999992               4
   49.4000015               4
   49.5000000               4
   49.5999985               4
   49.7000008               4
   49.7999992               4
   49.9000015               4
   50.0000000               4
   50.0999985               4
   50.2000008               4
   50.2999992               4
   50.4000015               4
   50.5000000               4
   50.5999985               4
   50.7000008               4
   50.7999992               4
   50.9000015               4
   51.0000000               4
   51.0999985               4
   51.2000008               4
   51.2999992               4
   51.4000015               4
   51.5000000               4
   51.5999985               4
   51.7000008               4
   51.7999992               4
   51.9000015               4
   52.0000000               4
   52.0999985               4
   52.2000008               4
   52.2999992               4
   52.4000015               4
   52.5000000               4
   52.5999985               4
   52.7000008               4
   52.7999992               4
   52.9000015               4
   53.0000000               4
   53.0999985               4
   53.2000008               4
   53.2999992               4
   53.4000015               4
   53.5000000               4
   53.5999985               4
   53.7000008               4
   53.7999992               4
   53.9000015               4
   54.0000000               4
   54.0999985               4
   54.2000008               4
   54.2999992               4
   54.4000015               4
   54.5000000               4
   54.5999985               4
   54.7000008               4
   54.7999992               4
   54.9000015               4
   55.0000000               4
   55.0999985               4
   55.2000008               4
   55.2999992               4
   55.4000015               4
   55.5000000               4
   55.5999985               4
   55.7000008               4
   55.7999992               4
   55.9000015               4
   56.0000000               4
   56.0999985               4
   56.2000008               4
   56.2999992               4
   56.4000015               4
   56.5000000               4
   56.5999985               4
   56.7000008               4
   56.7999992               4
   56.9000015               4
   57.0000000               4
   57.0999985               4
   57.2000008               4
   57.2999992               4
   57.4000015               4
   57.5000000               4
   57.5999985               4
   57.7000008               4
   57.7999992               4
   57.9000015               4
   58.0000000               4
   58.0999985               4
   58.2000008               4
   58.2999992               4
   58.4000015               4
   58.5000000               4
   58.5999985               4
   58.7000008               4
   58.7999992               4
   58.9000015               4
   59.0000000               4
   59.0999985               4
   59.2000008               4
   59.2999992               4
   59.4000015               4
   59.5000000               4
   59.5999985               4
   59.7000008               4
   59.7999992               4
   59.9000015               4
   60.0000000               4
   60.0999985               4
   60.2000008               4
   60.2999992               4
   60.4000015               4
   60.5000000               4
   60.5999985               4
   60.7000008               4
   60.7999992               4
   60.9000015               4
   61.0000000               4
   61.0999985               4
   61.2000008               4
   61.2999992               4
   61.4000015               4
   61.5000000               4
   61.5999985               4
   61.7000008               4
   61.7999992               4
   61.9000015               4
   62.0000000               4
   62.0999985               4
   62.2000008               5
   62.2999992               5
   62.4000015               5
   62.5000000               5
   62.5999985               5
   62.7000008               5
   62.7999992               5
   62.9000015               5
   63.0000000               5
   63.0999985               5
   63.2000008               5
   63.2999992               5
   63.4000015               5
   63.5000000               5
   63.5999985               5
   63.7000008               5
   63.7999992               5
   63.9000015               5
   64.0000000               5
   64.0999985               5
   64.1999969               5
   64.3000031               5
   64.4000015               5
   64.5000000               5
   64.5999985               5
   64.6999969               5
   64.8000031               5
   64.9000015               5
   65.0000000               5
   65.0999985               5
   65.1999969               5
   65.3000031               5
   65.4000015               5
   65.5000000               5
   65.5999985               5
   65.6999969               5
   65.8000031               5
   65.9000015               5
   66.0000000               5
   66.0999985               5
   66.1999969               5
   66.3000031               5
   66.4000015               5
   66.5000000               5
   66.5999985               5
   66.6999969               5
   66.8000031               5
   66.9000015               5
   67.0000000               5
   67.0999985               5
   67.1999969               5
   67.3000031               5
   67.4000015               5
   67.5000000               5
   67.5999985               5
   67.6999969               5
   67.8000031               5
   67.9000015               5
   68.0000000               5
   68.0999985               5
   68.1999969               5
   68.3000031               5
   68.4000015               5
   68.5000000               5
   68.5999985               5
   68.6999969               5
   68.8000031               5
   68.9000015               5
   69.0000000               5
   69.0999985               5
   69.1999969               5
   69.3000031               5
   69.4000015               5
   69.5000000               5
   69.5999985               5
   69.6999969               5
   69.8000031               5
   69.9000015               5
   70.0000000               5
   70.0999985               5
   70.1999969               5
   70.3000031               5
   70.4000015               5
   70.5000000               5
   70.5999985               5
   70.6999969               5
   70.8000031               5
   70.9000015               5
   71.0000000               5
   71.0999985               5
   71.1999969               5
   71.3000031               5
   71.4000015               5
   71.5000000               5
   71.5999985               5
   71.6999969               5
   71.8000031               5
   71.9000015               5
   72.0000000               5
   72.0999985               5
   72.1999969               5
   72.3000031               5
   72.4000015               5
   72.5000000               5
   72.5999985               5
   72.6999969               5
   72.8000031               5
   72.9000015               5
   73.0000000               5
   73.0999985               5
   73.1999969               5
   73.3000031               5
   73.4000015               5
   73.5000000               5
   73.5999985               5
   73.6999969               5
   73.8000031               5
   73.9000015               5
   74.0000000               5
   74.0999985               5
   74.1999969               5
   74.3000031               5
   74.4000015               5
   74.5000000               5
   74.5999985               5
   74.6999969               5
   74.8000031               5
   74.9000015               5
   75.0000000               5
   75.0999985               5
   75.1999969               5
   75.3000031               5
   75.4000015               5
   75.5000000               5
   75.5999985               5
   75.6999969               5
   75.8000031               5
   75.9000015               5
   76.0000000               5
   76.0999985               5
   76.1999969               5
   76.3000031               5
   76.4000015               5
   76.5000000               5
   76.5999985               5
   76.6999969               5
   76.8000031               5
   76.9000015               5
   77.0000000               5
   77.0999985               5
   77.1999969               5
   77.3000031               5
   77.4000015               5
   77.5000000               5
   77.5999985               5
   77.6999969               5
   77.8000031               5
   77.9000015               5
   78.0000000               5
   78.0999985               5
   78.1999969               5
   78.3000031               5
   78.4000015               5
   78.5000000               5
   78.5999985               5
   78.6999969               5
   78.8000031               5
   78.9000015               5
   79.0000000               5
   79.0999985               5
   79.1999969               5
   79.3000031               5
   79.4000015               5
   79.5000000               5
   79.5999985               5
   79.6999969               5
   79.8000031               5
   79.9000015               5
   80.0000000               5
   80.0999985               5
   80.1999969               5
   80.3000031               5
   80.4000015               5
   80.5000000               5
   80.5999985               5
   80.6999969               5
   80.8000031               5
   80.9000015               5
   81.0000000               5
   81.0999985               5
   81.1999969               5
   81.3000031               5
   81.4000015               5
   81.5000000               5
   81.5999985               5
   81.6999969               5
   81.8000031               5
   81.9000015               5
   82.0000000               5
   82.0999985               5
   82.1999969               5
   82.3000031               5
   82.4000015               5
   82.5000000               5
   82.5999985               5
   82.6999969               5
   82.8000031               5
   82.9000015               5
   83.0000000               5
   83.0999985               5
   83.1999969               5
   83.3000031               5
   83.4000015               5
   83.5000000               5
   83.5999985               5
   83.6999969               5
   83.8000031               5
   83.9000015               5
   84.0000000               5
   84.0999985               5
   84.1999969               5
   84.3000031               5
   84.4000015               5
   84.5000000               5
   84.5999985               5
   84.6999969               5
   84.8000031               5
   84.9000015               5
   85.0000000               5
   85.0999985               5
   85.1999969               5
   85.3000031               5
   85.4000015               5
   85.5000000               5
   85.5999985               5
   85.6999969               5
   85.8000031               5
   85.9000015               5
   86.0000000               5
   86.0999985               5
   86.1999969               5
   86.3000031               5
   86.4000015               5
   86.5000000               5
   86.5999985               5
   86.6999969               5
   86.8000031               5
   86.9000015               5
   87.0000000               5
   87.0999985               5
   87.1999969               5
   87.3000031               5
   87.4000015               5
   87.5000000               5
   87.5999985               5
   87.6999969               5
   87.8000031               5
   87.9000015               5
   88.0000000               5
   88.0999985               5
   88.1999969               5
   88.3000031               5
   88.4000015               5
   88.5000000               5
   88.5999985               5
   88.6999969               5
   88.8000031               5
   88.9000015               5
   89.0000000               5
   89.0999985               5
   89.1999969               5
   89.3000031               5
   89.4000015               5
   89.5000000               5
   89.5999985               5
   89.6999969               5
   89.8000031               5
   89.9000015               5
   90.0000000               5
   90.0999985               5
   90.1999969               5
   90.3000031               5
   90.4000015               5
   90.5000000               5
   90.5999985               5
   90.6999969               5
   90.8000031               5
   90.9000015               5
   91.0000000               5
   91.0999985               5
   91.1999969               5
   91.3000031               5
   91.4000015               5
   91.5000000               5
   91.5999985               5
   91.6999969               5
   91.8000031               5
   91.9000015               5
   92.0000000               5
   92.0999985               5
   92.1999969               5
   92.3000031               5
   92.4000015               5
   92.5000000               5
   92.5999985               5
   92.6999969               5
   92.8000031               5
   92.9000015               5
   93.0000000               5
   93.0999985               5
   93.1999969               5
   93.3000031               5
   93.4000015               5
   93.5000000               5
   93.5999985               5
   93.6999969               5
   93.8000031               5
   93.9000015               5
   94.0000000               5
   94.0999985               5
   94.1999969               5
   94.3000031               5
   94.4000015               5
   94.5000000               5
   94.5999985               5
   94.6999969               5
   94.8000031               5
   94.9000015               5
   95.0000000               5
   95.0999985               5
   95.1999969               5
   95.3000031               5
   95.4000015               5
   95.5000000               5
   95.5999985               5
   95.6999969               5
   95.8000031               5
   95.9000015               5
   96.0000000               5
   96.0999985               5
   96.1999969               5
   96.3000031               5
   96.4000015               5
   96.5000000               5
   96.5999985               5
   96.6999969               5
   96.8000031               5
   96.9000015               5
   97.0000000               5
   97.0999985               5
   97.1999969               5
   97.3000031               5
   97.4000015               5
   97.5000000               5
   97.5999985               5
   97.6999969               5
   97.8000031               5
   97.9000015               5
   98.0000000               5
   98.0999985               5
   98.1999969               5
   98.3000031               5
   98.4000015               5
   98.5000000               5
   98.5999985               5
   98.6999969               5
   98.8000031               5
   98.9000015               5
   99.0000000               5
   99.0999985               5
   99.1999969               5
   99.3000031               5
   99.4000015               5
   99.5000000               5
   99.5999985               5
   99.6999969               5
   99.8000031               5
   99.9000015               5
   100.000000               5
   100.099998               5
   100.199997               5
   100.300003               5
   100.400002               5
   100.500000               5
   100.599998               5
   100.699997               5
   100.800003               5
   100.900002               5
   101.000000               5
   101.099998               5
   101.199997               5
   101.300003               5
   101.400002               5
   101.500000               5
   101.599998               5
   101.699997               5
   101.800003               5
   101.900002               5
   102.000000               5
   102.099998               5
   102.199997               5
   102.300003               5
   102.400002               5
   102.500000               5
   102.599998               5
   102.699997               5
   102.800003               5
   102.900002               5
   103.000000               5
   103.099998               5
   103.199997               5
   103.300003               5
   103.400002               5
   103.500000               5
   103.599998               5
   103.699997               5
   103.800003               5
   103.900002               5
   104.000000               5
   104.099998               5
   104.199997               5
   104.300003               5
   104.400002               5
   104.500000               5
   104.599998               5
   104.699997               5
   104.800003               5
   104.900002               5
   105.000000               5
   105.099998               5
   105.199997               5
   105.300003               5
   105.400002               5
   105.500000               5
   105.599998               5
   105.699997               5
   105.800003               5
   105.900002               5
   106.000000               5
   106.099998               5
   106.199997               5
   106.300003               5
   106.400002               5
   106.500000               5
   106.599998               5
   106.699997               5
   106.800003               5
   106.900002               5
   107.000000               5
   107.099998               5
   107.199997               5
   107.300003               5
   107.400002               5
   107.500000               5
   107.599998               5
   107.699997               5
   107.800003               5
   107.900002               5
   108.000000               5
   108.099998               5
   108.199997               5
   108.300003               5
   108.400002               5
   108.500000               5
   108.599998               5
   108.699997               5
   108.800003               5
   108.900002               5
   109.000000               5
   109.099998               5
   109.199997               5
   109.300003               5
   109.400002               5
   109.500000               5
   109.599998               5
   109.699997               5
   109.800003               5
   109.900002               5
   110.000000               5
   110.099998               5
   110.199997               5
   110.300003               5
   110.400002               5
   110.500000               5
   110.599998               5
   110.699997               5
   110.800003               5
   110.900002               5
   111.000000               5
   111.099998               5
   111.199997               5
   111.300003               5
   111.400002               5
   111.500000               5
   111.599998               5
   111.699997               5
   111.800003               5
   111.900002               5
   112.000000               5
   112.099998               5
   112.199997               5
   112.300003               5
   112.400002               5
   112.500000               5
   112.599998               5
   112.699997               5
   112.800003               5
   112.900002               5
   113.000000               5
   113.099998               5
   113.199997               5
   113.300003               5
   113.400002               5
   113.500000               5
   113.599998               5
   113.699997               5
   113.800003               5
   113.900002               5
   114.000000               5
   114.099998               5
   114.199997               5
   114.300003               5
   114.400002               5
   114.500000               5
   114.599998               5
   114.699997               5
   114.800003               5
   114.900002               5
   115.000000               5
   115.099998               5
   115.199997               5
   115.300003               5
   115.400002               5
   115.500000               5
   115.599998               5
   115.699997               5
   115.800003               5
   115.900002               5
   116.000000               5
   116.099998               5
   116.199997               5
   116.300003               5
   116.400002               5
   116.500000               5
   116.599998               5
   116.699997               5
   116.800003               5
   116.900002               5
   117.000000               5
   117.099998               5
   117.199997               5
   117.300003               5
   117.400002               5
   117.500000               5
   117.599998               5
   117.699997               5
   117.800003               5
   117.900002               5
   118.000000               5
   118.099998               5
   118.199997               5
   118.300003               5
   118.400002               5
   118.500000               5
   118.599998               5
   118.699997               5
   118.800003               5
   118.900002               5
   119.000000               5
   119.099998               5
   119.199997               5
   119.300003               5
   119.400002               5
   119.500000               5
   119.599998               5
   119.699997               5
   119.800003               5
   119.900002               5
   120.000000               5
   120.099998               5
   120.199997               5
   120.300003               5
   120.400002               5
   120.500000               5
   120.599998               5
   120.699997               5
   120.800003               5
   120.900002               5
   121.000000               5
   121.099998               5
   121.199997               5
   121.300003               5
   121.400002               5
   121.500000               5
   121.599998               5
   121.699997               5
   121.800003               5
   121.900002               5
   122.000000               5
   122.099998               5
   122.199997               5
   122.300003               5
   122.400002               5
   122.500000               5
   122.599998               5
   122.699997               5
   122.800003               5
   122.900002               5
   123.000000               5
   123.099998               5
   123.199997               5
   123.300003               5
   123.400002               5
   123.500000               5
   123.599998               5
   123.699997               5
   123.800003               5
   123.900002               5
   124.000000               5
   124.099998               5
   124.199997               5
   124.300003               5
   124.400002               5
   124.500000               5
   124.599998               5
   124.699997               5
   124.800003               5
   124.900002               5
   125.000000               5
   125.099998               5
   125.199997               5
   125.300003               5
   125.400002               5
   125.500000               5
   125.599998               5
   125.699997               5
   125.800003               5
   125.900002               5
   126.000000               5
   126.099998               5
   126.199997               5
   126.300003               5
   126.400002               5
   126.500000               5
   126.599998               5
   126.699997               5
   126.800003               5
   126.900002               5
   127.000000               5
   127.099998               5
   127.199997               5
   127.300003               5
   127.400002               5
   127.500000               5
   127.599998               5
   127.699997               5
   127.800003               5
   127.900002               5
   128.000000               5
   128.100006               5
   128.199997               5
   128.300003               5
   128.399994               5
   128.500000               5
   128.600006               5
   128.699997               5
   128.800003               5
   128.899994               5
   129.000000               5
   129.100006               5
   129.199997               5
   129.300003               5
   129.399994               5
   129.500000               5
   129.600006               5
   129.699997               5
   129.800003               5
   129.899994               5
   130.000000               5
   130.100006               5
   130.199997               5
   130.300003               5
   130.399994               5
   130.500000               5
   130.600006               5
   130.699997               5
   130.800003               5
   130.899994               5
   131.000000               5
   131.100006               5
   131.199997               5
   131.300003               5
   131.399994               5
   131.500000               5
   131.600006               5
   131.699997               5
   131.800003               5
   131.899994               5
   132.000000               5
   132.100006               5
   132.199997               5
   132.300003               5
   132.399994               5
   132.500000               5
   132.600006               5
   132.699997               5
   132.800003               5
   132.899994               5
   133.000000               5
   133.100006               5
   133.199997               5
   133.300003               5
   133.399994               5
   133.500000               5
   133.600006               5
   133.699997               5
   133.800003               5
   133.899994               5
   134.000000               5
   134.100006               5
   134.199997               5
   134.300003               5
   134.399994               5
   134.500000               5
   134.600006               5
   134.699997               5
   134.800003               5
   134.899994               5
   135.000000               5
   135.100006               5
   135.199997               5
   135.300003               5
   135.399994               5
   135.500000               5
   135.600006               5
   135.699997               5
   135.800003               5
   135.899994               5
   136.000000               5
   136.100006               5
   136.199997               5
   136.300003               5
   136.399994               5
   136.500000               5
   136.600006               5
   136.699997               5
   136.800003               5
   136.899994               5
   137.000000               5
   137.100006               5
   137.199997               5
   137.300003               5
   137.399994               5
   137.500000               5
   137.600006               5
   137.699997               5
   137.800003               5
   137.899994               5
   138.000000               5
   138.100006               5
   138.199997               5
   138.300003               5
   138.399994               5
   138.500000               5
   138.600006               5
   138.699997               5
   138.800003               5
   138.899994               5
   139.000000               5
   139.100006               5
   139.199997               5
   139.300003               5
   139.399994               5
   139.500000               5
   139.600006               5
   139.699997               5
   139.800003               5
   139.899994               5
   140.000000               5
   140.100006               5
   140.199997               5
   140.300003               5
   140.399994               5
   140.500000               5
   140.600006               5
   140.699997               5
   140.800003               5
   140.899994               5
   141.000000               5
   141.100006               5
   141.199997               5
   141.300003               5
   141.399994               5
   141.500000               5
   141.600006               5
   141.699997               5
   141.800003               5
   141.899994               5
   142.000000               5
   142.100006               5
   142.199997               5
   142.300003               5
   142.399994               5
   142.500000               5
   142.600006               5
   142.699997               5
   142.800003               5
   142.899994               5
   143.000000               5
   143.100006               5
   143.199997               5
   143.300003               5
   143.399994               5
   143.500000               5
   143.600006               5
   143.699997               5
   143.800003               5
   143.899994               5
   144.000000               6
   144.100006               6
   144.199997               6
   144.300003               6
   144.399994               6
   144.500000               6
   144.600006               6
   144.699997               6
   144.800003               6
   144.899994               6
   145.000000               6
   145.100006               6
   145.199997               6
   145.300003               6
   145.399994               6
   145.500000               6
   145.600006               6
   145.699997               6
   145.800003               6
   145.899994               6
   146.000000               6
   146.100006               6
   146.199997               6
   146.300003               6
   146.399994               6
   146.500000               6
   146.600006               6
   146.699997               6
   146.800003               6
   146.899994               6
   147.000000               6
   147.100006               6
   147.199997               6
   147.300003               6
   147.399994               6
   147.500000               6
   147.600006               6
   147.699997               6
   147.800003               6
   147.899994               6
   148.000000               6
   148.100006               6
   148.199997               6
   148.300003               6
   148.399994               6
   148.500000               6
   148.600006               6
   148.699997               6
   148.800003               6
   148.899994               6
   149.000000               6
   149.100006               6
   149.199997               6
   149.300003               6
   149.399994               6
   149.500000               6
   149.600006               6
   149.699997               7
   149.800003               7
   149.899994               7
   150.000000               7
   150.100006               7
   150.199997               7
   150.300003               7
   150.399994               7
   150.500000               7
   150.600006               7
   150.699997               7
   150.800003               7
   150.899994               7
   151.000000               7
   151.100006               7
   151.199997               7
   151.300003               7
   151.399994               7
   151.500000               7
   151.600006               7
   151.699997               7
   151.800003               7
   151.899994               7
   152.000000               7
   152.100006               7
   152.199997               7
   152.300003               7
   152.399994               7
   152.500000               7
   152.600006               7
   152.699997               7
   152.800003               7
   152.899994               7
   153.000000               7
   153.100006               7
   153.199997               7
   153.300003               7
   153.399994               7
   153.500000               7
   153.600006               7
   153.699997               7
   153.800003               7
   153.899994               7
   154.000000               7
   154.100006               7
   154.199997               7
   154.300003               7
   154.399994               7
   154.500000               7
   154.600006               7
   154.699997               7
   154.800003               7
   154.899994               7
   155.000000               7
   155.100006               7
   155.199997               7
   155.300003               7
   155.399994               7
   155.500000               7
   155.600006               7
   155.699997               7
   155.800003               7
   155.899994               7
   156.000000               7
   156.100006               7
   156.199997               7
   156.300003               7
   156.399994               7
   156.500000               7
   156.600006               7
   156.699997               7
   156.800003               7
   156.899994               7
   157.000000               7
   157.100006               7
   157.199997               7
   157.300003               7
   157.399994               7
   157.500000               7
   157.600006               7
   157.699997               7
   157.800003               7
   157.899994               7
   158.000000               7
   158.100006               7
   158.199997               7
   158.300003               7
   158.399994               7
   158.500000               7
   158.600006               7
   158.699997               7
   158.800003               7
   158.899994               7
   159.000000               7
   159.100006               7
   159.199997               7
   159.300003               7
   159.399994               7
   159.500000               7
   159.600006               7
   159.699997               7
   159.800003               7
   159.899994               7
   160.000000               7
   160.100006               7
   160.199997               7
   160.300003               7
   160.399994               7
   160.500000               7
   160.600006               7
   160.699997               7
   160.800003               7
   160.899994               7
   161.000000               7
   161.100006               7
   161.199997               7
   161.300003               7
   161.399994               7
   161.500000               7
   161.600006               7
   161.699997               7
   161.800003               7
   161.899994               7
   162.000000               7
   162.100006               7
   162.199997               7
   162.300003               7
   162.399994               7
   162.500000               7
   162.600006               7
   162.699997               7
   162.800003               7
   162.899994               7
   163.000000               7
   163.100006               7
   163.199997               7
   163.300003               7
   163.399994               7
   163.500000               7
   163.600006               7
   163.699997               7
   163.800003               7
   163.899994               7
   164.000000               7
   164.100006               7
   164.199997               7
   164.300003               7
   164.399994               7
   164.500000               7
   164.600006               7
   164.699997               7
   164.800003               7
   164.899994               7
   165.000000               7
   165.100006               7
   165.199997               7
   165.300003               7
   165.399994               7
   165.500000               7
   165.600006               7
   165.699997               7
   165.800003               7
   165.899994               7
   166.000000               7
   166.100006               7
   166.199997               7
   166.300003               7
   166.399994               7
   166.500000               7
   166.600006               7
   166.699997               7
   166.800003               7
   166.899994               7
   167.000000               7
   167.100006               7
   167.199997               7
   167.300003               7
   167.399994               7
   167.500000               7
   167.600006               7
   167.699997               7
   167.800003               7
   167.899994               7
   168.000000               7
   168.100006               7
   168.199997               7
   168.300003               7
   168.399994               7
   168.500000               7
   168.600006               7
   168.699997               7
   168.800003               7
   168.899994               7
   169.000000               7
   169.100006               7
   169.199997               7
   169.300003               7
   169.399994               7
   169.500000               7
   169.600006               7
   169.699997               7
   169.800003               7
   169.899994               7
   170.000000               7
   170.100006               7
   170.199997               7
   170.300003               7
   170.399994               7
   170.500000               7
   170.600006               7
   170.699997               7
   170.800003               7
   170.899994               8
   171.000000               8
   171.100006               8
   171.199997               8
   171.300003               8
   171.399994               8
   171.500000               8
   171.600006               8
   171.699997               8
   171.800003               8
   171.899994               8
   172.000000               8
   172.100006               8
   172.199997               8
   172.300003               8
   172.399994               8
   172.500000               8
   172.600006               8
   172.699997               8
   172.800003               8
   172.899994               8
   173.000000               8
   173.100006               8
   173.199997               8
   173.300003               8
   173.399994               8
   173.500000               8
   173.600006               8
   173.699997               8
   173.800003               8
   173.899994               8
   174.000000               8
   174.100006               8
   174.199997               8
   174.300003               8
   174.399994               8
   174.500000               8
   174.600006               8
   174.699997               8
   174.800003               8
   174.899994               8
   175.000000               8
   175.100006               8
   175.199997               8
   175.300003               8
   175.399994               8
   175.500000               8
   175.600006               8
   175.699997               8
   175.800003               8
   175.899994               8
   176.000000               8
   176.100006               8
   176.199997               8
   176.300003               8
   176.399994               8
   176.500000               8
   176.600006               8
   176.699997               8
   176.800003               8
   176.899994               8
   177.000000               8
   177.100006               8
   177.199997               8
   177.300003               8
   177.399994               8
   177.500000               8
   177.600006               8
   177.699997               8
   177.800003               8
   177.899994               8
   178.000000               8
   178.100006               8
   178.199997               8
   178.300003               8
   178.399994               8
   178.500000               8
   178.600006               8
   178.699997               8
   178.800003               8
   178.899994               8
   179.000000               8
   179.100006               8
   179.199997               8
   179.300003               8
   179.399994               8
   179.500000               8
   179.600006               8
   179.699997               8
   179.800003               8
   179.899994               8
   180.000000               8
   180.100006               8
   180.199997               8
   180.300003               8
   180.399994               8
   180.500000               8
   180.600006               8
   180.699997               8
   180.800003               8
   180.899994               8
   181.000000               8
   181.100006               8
   181.199997               8
   181.300003               8
   181.399994               8
   181.500000               8
   181.600006               8
   181.699997               8
   181.800003               8
   181.899994               8
   182.000000               8
   182.100006               8
   182.199997               8
   182.300003               8
   182.399994               8
   182.500000               8
   182.600006               8
   182.699997               8
   182.800003               8
   182.899994               8
   183.000000               8
   183.100006               8
   183.199997               8
   183.300003               8
   183.399994               8
   183.500000               8
   183.600006               8
   183.699997               8
   183.800003               8
   183.899994               8
   184.000000               8
   184.100006               8
   184.199997               8
   184.300003               8
   184.399994               8
   184.500000               8
   184.600006               8
   184.699997               8
   184.800003               8
   184.899994               8
   185.000000               8
   185.100006               8
   185.199997               8
   185.300003               8
   185.399994               8
   185.500000               8
   185.600006               8
   185.699997               8
   185.800003               8
   185.899994               8
   186.000000               8
   186.100006               8
   186.199997               8
   186.300003               8
   186.399994               8
   186.500000               8
   186.600006               8
   186.699997               8
   186.800003               8
   186.899994               8
   187.000000               8
   187.100006               8
   187.199997               8
   187.300003               8
   187.399994               8
   187.500000               8
   187.600006               8
   187.699997               8
   187.800003               8
   187.899994               8
   188.000000               8
   188.100006               8
   188.199997               8
   188.300003               8
   188.399994               8
   188.500000               8
   188.600006               8
   188.699997               8
   188.800003               8
   188.899994               8
   189.000000               8
   189.100006               8
   189.199997               8
   189.300003               8
   189.399994               8
   189.500000               8
   189.600006               8
   189.699997               8
   189.800003               8
   189.899994               8
   190.000000               8
   190.100006               8
   190.199997               8
   190.300003               8
   190.399994               8
   190.500000               8
   190.600006               8
   190.699997               8
   190.800003               8
   190.899994               8
   191.000000               8
   191.100006               8
   191.199997               8
   191.300003               8
   191.399994               8
   191.500000               8
   191.600006               8
   191.699997               8
   191.800003               8
   191.899994               8
   192.000000               8
   192.100006               8
   192.199997               8
   192.300003               8
   192.399994               8
   192.500000               8
   192.600006               8
   192.699997               8
   192.800003               8
   192.899994               8
   193.000000               8
   193.100006               8
   193.199997               8
   193.300003               8
   193.399994               8
   193.500000               8
   193.600006               8
   193.699997               8
   193.800003               8
   193.899994               8
   194.000000               9
   194.100006               9
   194.199997               9
   194.300003               9
   194.399994               9
   194.500000               9
   194.600006               9
   194.699997               9
   194.800003               9
   194.899994               9
   195.000000               9
   195.100006               9
   195.199997               9
   195.300003               9
   195.399994               9
   195.500000               9
   195.600006               9
   195.699997               9
   195.800003               9
   195.899994               9
   196.000000               9
   196.100006               9
   196.199997               9
   196.300003               9
   196.399994               9
   196.500000               9
   196.600006               9
   196.699997               9
   196.800003               9
   196.899994               9
   197.000000               9
   197.100006               9
   197.199997               9
   197.300003               9
   197.399994               9
   197.500000               9
   197.600006               9
   197.699997               9
   197.800003               9
   197.899994               9
   198.000000               9
   198.100006               9
   198.199997               9
   198.300003               9
   198.399994               9
   198.500000               9
   198.600006               9
   198.699997               9
   198.800003               9
   198.899994               9
   199.000000               9
   199.100006               9
   199.199997               9
   199.300003               9
   199.399994               9
   199.500000               9
   199.600006               9
   199.699997               9
   199.800003               9
   199.899994               9
   200.000000               9
   200.100006               9
   200.199997               9
   200.300003               9
   200.399994               9
   200.500000               9
   200.600006               9
   200.699997               9
   200.800003               9
   200.899994               9
   201.000000               9
   201.100006               9
   201.199997               9
   201.300003               9
   201.399994               9
   201.500000               9
   201.600006               9
   201.699997               9
   201.800003               9
   201.899994               9
   202.000000               9
   202.100006               9
   202.199997               9
   202.300003               9
   202.399994               9
   202.500000               9
   202.600006               9
   202.699997               9
   202.800003               9
   202.899994               9
   203.000000               9
   203.100006               9
   203.199997               9
   203.300003               9
   203.399994               9
   203.500000               9
   203.600006               9
   203.699997               9
   203.800003               9
   203.899994               9
   204.000000               9
   204.100006               9
   204.199997               9
   204.300003               9
   204.399994               9
   204.500000               9
   204.600006               9
   204.699997               9
   204.800003               9
   204.899994               9
   205.000000              10
   205.100006              10
   205.199997              10
   205.300003              10
   205.399994              10
   205.500000              10
   205.600006              10
   205.699997              10
   205.800003              10
   205.899994              10
   206.000000              10
   206.100006              10
   206.199997              10
   206.300003              10
   206.399994              10
   206.500000              10
   206.600006              10
   206.699997              10
   206.800003              10
   206.899994              10
   207.000000              10
   207.100006              10
   207.199997              10
   207.300003              10
   207.399994              10
   207.500000              10
   207.600006              10
   207.699997              10
   207.800003              10
   207.899994              10
   208.000000              10
   208.100006              10
   208.199997              10
   208.300003              10
   208.399994              10
   208.500000              10
   208.600006              10
   208.699997              10
   208.800003              10
   208.899994              10
   209.000000              10
   209.100006              10
   209.199997              10
   209.300003              10
   209.399994              10
   209.500000              10
   209.600006              10
   209.699997              10
   209.800003              10
   209.899994              10
   210.000000              10
   210.100006              10
   210.199997              10
   210.300003              10
   210.399994              10
   210.500000              10
   210.600006              10
   210.699997              10
   210.800003              10
   210.899994              10
   211.000000              10
   211.100006              10
   211.199997              10
   211.300003              10
   211.399994              10
   211.500000              10
   211.600006              10
   211.699997              10
   211.800003              10
   211.899994              10
   212.000000              10
   212.100006              10
   212.199997              10
   212.300003              10
   212.399994              10
   212.500000              10
   212.600006              10
   212.699997              10
   212.800003              10
   212.899994              10
   213.000000              10
   213.100006              10
   213.199997              10
   213.300003              10
   213.399994              10
   213.500000              10
   213.600006              10
   213.699997              10
   213.800003              10
   213.899994              10
   214.000000              10
   214.100006              10
   214.199997              10
   214.300003              10
   214.399994              10
   214.500000              10
   214.600006              10
   214.699997              10
   214.800003              10
   214.899994              10
   215.000000              10
   215.100006              10
   215.199997              10
   215.300003              10
   215.399994              10
   215.500000              10
   215.600006              10
   215.699997              10
   215.800003              10
   215.899994              10
   216.000000              10
   216.100006              10
   216.199997              10
   216.300003              10
   216.399994              10
   216.500000              10
   216.600006              10
   216.699997              10
   216.800003              10
   216.899994              10
   217.000000              10
   217.100006              10
   217.199997              10
   217.300003              10
   217.399994              10
   217.500000              10
   217.600006              10
   217.699997              10
   217.800003              10
   217.899994              10
   218.000000              10
   218.100006              10
   218.199997              10
   218.300003              10
   218.399994              10
   218.500000              10
   218.600006              10
   218.699997              10
   218.800003              10
   218.899994              10
   219.000000              10
   219.100006              10
   219.199997              10
   219.300003              10
   219.399994              10
   219.500000              10
   219.600006              10
   219.699997              10
   219.800003              10
   219.899994              10
   220.000000              10
   220.100006              10
   220.199997              10
   220.300003              10
   220.399994              10
   220.500000              10
   220.600006              10
   220.699997              10
   220.800003              10
   220.899994              10
   221.000000              10
   221.100006              10
   221.199997              10
   221.300003              10
   221.399994              10
   221.500000              10
   221.600006              10
   221.699997              10
   221.800003              10
   221.899994              10
   222.000000              10
   222.100006              10
   222.199997              10
   222.300003              10
   222.399994              10
   222.500000              10
   222.600006              10
   222.699997              10
   222.800003              10
   222.899994              10
   223.000000              10
   223.100006              10
   223.199997              10
   223.300003              10
   223.399994              10
   223.500000              10
   223.600006              10
   223.699997              10
   223.800003              10
   223.899994              10
   224.000000              10
   224.100006              10
   224.199997              10
   224.300003              10
   224.399994              10
   224.500000              10
   224.600006              10
   224.699997              10
   224.800003              10
   224.899994              10
   225.000000              10
   225.100006              10
   225.199997              10
   225.300003              10
   225.399994              10
   225.500000              10
   225.600006              10
   225.699997              10
   225.800003              10
   225.899994              10
   226.000000              10
   226.100006              10
   226.199997              10
   226.300003              10
   226.399994              10
   226.500000              10
   226.600006              10
   226.699997              10
   226.800003              10
   226.899994              10
   227.000000              10
   227.100006              10
   227.199997              10
   227.300003              10
   227.399994              10
   227.500000              10
   227.600006              10
   227.699997              10
   227.800003              10
   227.899994              10
   228.000000              10
   228.100006              10
   228.199997              10
   228.300003              10
   228.399994              10
   228.500000              10
   228.600006              10
   228.699997              10
   228.800003              10
   228.899994              10
   229.000000              10
   229.100006              10
   229.199997              10
   229.300003              10
   229.399994              10
   229.500000              10
   229.600006              11
   229.699997              11
   229.800003              11
   229.899994              11
   230.000000              11
   230.100006              11
   230.199997              11
   230.300003              11
   230.399994              11
   230.500000              11
   230.600006              11
   230.699997              11
   230.800003              11
   230.899994              11
   231.000000              11
   231.100006              11
   231.199997              11
   231.300003              11
   231.399994              11
   231.500000              11
   231.600006              11
   231.699997              11
   231.800003              11
   231.899994              11
   232.000000              11
   232.100006              11
   232.199997              12
   232.300003              12
   232.399994              12
   232.500000              12
   232.600006              12
   232.699997              12
   232.800003              12
   232.899994              12
   233.000000              12
   233.100006              12
   233.199997              12
   233.300003              12
   233.399994              12
   233.500000              12
   233.600006              12
   233.699997              12
   233.800003              12
   233.899994              12
   234.000000              12
   234.100006              12
   234.199997              12
   234.300003              12
   234.399994              12
   234.500000              12
   234.600006              12
   234.699997              12
   234.800003              12
   234.899994              12
   235.000000              12
   235.100006              12
   235.199997              12
   235.300003              12
   235.399994              12
   235.500000              12
   235.600006              12
   235.699997              12
   235.800003              12
   235.899994              12
   236.000000              12
   236.100006              12
   236.199997              12
   236.300003              12
   236.399994              12
   236.500000              12
   236.600006              12
   236.699997              12
   236.800003              12
   236.899994              12
   237.000000              12
   237.100006              12
   237.199997              12
   237.300003              12
   237.399994              12
   237.500000              12
   237.600006              12
   237.699997              12
   237.800003              12
   237.899994              12
