 Permeation events over simulation time.
 t(ns) Number of events
   0.00000000               0
  0.100000001               0
  0.200000003               0
  0.300000012               0
  0.400000006               0
  0.500000000               0
  0.600000024               0
  0.699999988               0
  0.800000012               0
  0.899999976               0
   1.00000000               0
   1.10000002               0
   1.20000005               0
   1.29999995               0
   1.39999998               0
   1.50000000               0
   1.60000002               0
   1.70000005               0
   1.79999995               0
   1.89999998               0
   2.00000000               0
   2.09999990               0
   2.20000005               0
   2.29999995               0
   2.40000010               0
   2.50000000               0
   2.59999990               0
   2.70000005               0
   2.79999995               0
   2.90000010               0
   3.00000000               0
   3.09999990               0
   3.20000005               0
   3.29999995               0
   3.40000010               0
   3.50000000               0
   3.59999990               0
   3.70000005               0
   3.79999995               0
   3.90000010               0
   4.00000000               0
   4.09999990               0
   4.19999981               0
   4.30000019               0
   4.40000010               0
   4.50000000               0
   4.59999990               0
   4.69999981               0
   4.80000019               0
   4.90000010               0
   5.00000000               0
   5.09999990               0
   5.19999981               0
   5.30000019               0
   5.40000010               0
   5.50000000               0
   5.59999990               0
   5.69999981               0
   5.80000019               0
   5.90000010               0
   6.00000000               0
   6.09999990               0
   6.19999981               0
   6.30000019               0
   6.40000010               0
   6.50000000               0
   6.59999990               0
   6.69999981               0
   6.80000019               0
   6.90000010               0
   7.00000000               0
   7.09999990               0
   7.19999981               0
   7.30000019               0
   7.40000010               0
   7.50000000               0
   7.59999990               0
   7.69999981               0
   7.80000019               0
   7.90000010               0
   8.00000000               0
   8.10000038               0
   8.19999981               0
   8.30000019               0
   8.39999962               0
   8.50000000               0
   8.60000038               0
   8.69999981               0
   8.80000019               0
   8.89999962               0
   9.00000000               0
   9.10000038               0
   9.19999981               0
   9.30000019               0
   9.39999962               0
   9.50000000               0
   9.60000038               0
   9.69999981               0
   9.80000019               0
   9.89999962               0
   10.0000000               0
   10.1000004               0
   10.1999998               0
   10.3000002               0
   10.3999996               0
   10.5000000               0
   10.6000004               0
   10.6999998               0
   10.8000002               0
   10.8999996               0
   11.0000000               0
   11.1000004               0
   11.1999998               0
   11.3000002               0
   11.3999996               0
   11.5000000               0
   11.6000004               0
   11.6999998               0
   11.8000002               0
   11.8999996               0
   12.0000000               0
   12.1000004               0
   12.1999998               0
   12.3000002               0
   12.3999996               0
   12.5000000               0
   12.6000004               0
   12.6999998               0
   12.8000002               0
   12.8999996               0
   13.0000000               0
   13.1000004               0
   13.1999998               0
   13.3000002               0
   13.3999996               0
   13.5000000               0
   13.6000004               0
   13.6999998               0
   13.8000002               0
   13.8999996               0
   14.0000000               0
   14.1000004               0
   14.1999998               0
   14.3000002               0
   14.3999996               0
   14.5000000               0
   14.6000004               0
   14.6999998               0
   14.8000002               0
   14.8999996               0
   15.0000000               0
   15.1000004               0
   15.1999998               0
   15.3000002               0
   15.3999996               0
   15.5000000               0
   15.6000004               0
   15.6999998               0
   15.8000002               0
   15.8999996               0
   16.0000000               0
   16.1000004               0
   16.2000008               0
   16.2999992               0
   16.3999996               0
   16.5000000               0
   16.6000004               0
   16.7000008               0
   16.7999992               0
   16.8999996               0
   17.0000000               0
   17.1000004               0
   17.2000008               0
   17.2999992               0
   17.3999996               0
   17.5000000               0
   17.6000004               0
   17.7000008               0
   17.7999992               0
   17.8999996               0
   18.0000000               0
   18.1000004               0
   18.2000008               0
   18.2999992               0
   18.3999996               0
   18.5000000               0
   18.6000004               0
   18.7000008               0
   18.7999992               0
   18.8999996               0
   19.0000000               0
   19.1000004               0
   19.2000008               0
   19.2999992               0
   19.3999996               0
   19.5000000               0
   19.6000004               0
   19.7000008               0
   19.7999992               0
   19.8999996               0
   20.0000000               0
   20.1000004               0
   20.2000008               0
   20.2999992               0
   20.3999996               0
   20.5000000               0
   20.6000004               0
   20.7000008               0
   20.7999992               0
   20.8999996               0
   21.0000000               0
   21.1000004               0
   21.2000008               0
   21.2999992               0
   21.3999996               0
   21.5000000               0
   21.6000004               0
   21.7000008               0
   21.7999992               0
   21.8999996               0
   22.0000000               0
   22.1000004               0
   22.2000008               0
   22.2999992               0
   22.3999996               0
   22.5000000               0
   22.6000004               0
   22.7000008               0
   22.7999992               0
   22.8999996               0
   23.0000000               0
   23.1000004               0
   23.2000008               0
   23.2999992               0
   23.3999996               0
   23.5000000               0
   23.6000004               0
   23.7000008               0
   23.7999992               0
   23.8999996               0
   24.0000000               0
   24.1000004               0
   24.2000008               0
   24.2999992               0
   24.3999996               0
   24.5000000               0
   24.6000004               0
   24.7000008               0
   24.7999992               0
   24.8999996               0
   25.0000000               0
   25.1000004               0
   25.2000008               0
   25.2999992               0
   25.3999996               0
   25.5000000               0
   25.6000004               0
   25.7000008               0
   25.7999992               0
   25.8999996               0
   26.0000000               0
   26.1000004               0
   26.2000008               0
   26.2999992               0
   26.3999996               0
   26.5000000               0
   26.6000004               0
   26.7000008               0
   26.7999992               0
   26.8999996               0
   27.0000000               0
   27.1000004               0
   27.2000008               0
   27.2999992               0
   27.3999996               0
   27.5000000               0
   27.6000004               0
   27.7000008               0
   27.7999992               0
   27.8999996               0
   28.0000000               0
   28.1000004               0
   28.2000008               0
   28.2999992               0
   28.3999996               0
   28.5000000               0
   28.6000004               0
   28.7000008               0
   28.7999992               0
   28.8999996               0
   29.0000000               0
   29.1000004               0
   29.2000008               0
   29.2999992               0
   29.3999996               0
   29.5000000               0
   29.6000004               0
   29.7000008               0
   29.7999992               0
   29.8999996               0
   30.0000000               0
   30.1000004               0
   30.2000008               0
   30.2999992               0
   30.3999996               0
   30.5000000               0
   30.6000004               0
   30.7000008               0
   30.7999992               0
   30.8999996               0
   31.0000000               0
   31.1000004               0
   31.2000008               0
   31.2999992               0
   31.3999996               0
   31.5000000               0
   31.6000004               0
   31.7000008               0
   31.7999992               0
   31.8999996               0
   32.0000000               0
   32.0999985               0
   32.2000008               0
   32.2999992               0
   32.4000015               0
   32.5000000               0
   32.5999985               0
   32.7000008               0
   32.7999992               0
   32.9000015               0
   33.0000000               0
   33.0999985               0
   33.2000008               0
   33.2999992               0
   33.4000015               0
   33.5000000               0
   33.5999985               0
   33.7000008               0
   33.7999992               0
   33.9000015               0
   34.0000000               0
   34.0999985               0
   34.2000008               0
   34.2999992               0
   34.4000015               0
   34.5000000               0
   34.5999985               0
   34.7000008               0
   34.7999992               0
   34.9000015               0
   35.0000000               0
   35.0999985               0
   35.2000008               0
   35.2999992               0
   35.4000015               0
   35.5000000               0
   35.5999985               0
   35.7000008               0
   35.7999992               0
   35.9000015               0
   36.0000000               0
   36.0999985               0
   36.2000008               0
   36.2999992               0
   36.4000015               0
   36.5000000               0
   36.5999985               0
   36.7000008               0
   36.7999992               0
   36.9000015               0
   37.0000000               0
   37.0999985               0
   37.2000008               0
   37.2999992               0
   37.4000015               0
   37.5000000               0
   37.5999985               0
   37.7000008               0
   37.7999992               0
   37.9000015               0
   38.0000000               0
   38.0999985               0
   38.2000008               0
   38.2999992               0
   38.4000015               0
   38.5000000               0
   38.5999985               0
   38.7000008               0
   38.7999992               0
   38.9000015               0
   39.0000000               0
   39.0999985               0
   39.2000008               0
   39.2999992               0
   39.4000015               0
   39.5000000               0
   39.5999985               0
   39.7000008               0
   39.7999992               0
   39.9000015               0
   40.0000000               0
   40.0999985               0
   40.2000008               0
   40.2999992               0
   40.4000015               0
   40.5000000               0
   40.5999985               0
   40.7000008               0
   40.7999992               0
   40.9000015               0
   41.0000000               0
   41.0999985               0
   41.2000008               0
   41.2999992               0
   41.4000015               0
   41.5000000               0
   41.5999985               0
   41.7000008               0
   41.7999992               0
   41.9000015               0
   42.0000000               0
   42.0999985               0
   42.2000008               0
   42.2999992               0
   42.4000015               0
   42.5000000               0
   42.5999985               0
   42.7000008               0
   42.7999992               0
   42.9000015               0
   43.0000000               0
   43.0999985               0
   43.2000008               0
   43.2999992               0
   43.4000015               0
   43.5000000               0
   43.5999985               0
   43.7000008               0
   43.7999992               0
   43.9000015               0
   44.0000000               0
   44.0999985               0
   44.2000008               0
   44.2999992               0
   44.4000015               0
   44.5000000               0
   44.5999985               0
   44.7000008               0
   44.7999992               0
   44.9000015               0
   45.0000000               0
   45.0999985               0
   45.2000008               0
   45.2999992               0
   45.4000015               0
   45.5000000               0
   45.5999985               0
   45.7000008               0
   45.7999992               0
   45.9000015               0
   46.0000000               0
   46.0999985               0
   46.2000008               0
   46.2999992               0
   46.4000015               1
   46.5000000               2
   46.5999985               2
   46.7000008               2
   46.7999992               2
   46.9000015               2
   47.0000000               2
   47.0999985               2
   47.2000008               2
   47.2999992               2
   47.4000015               2
   47.5000000               2
   47.5999985               2
   47.7000008               2
   47.7999992               2
   47.9000015               2
   48.0000000               2
   48.0999985               2
   48.2000008               2
   48.2999992               2
   48.4000015               2
   48.5000000               2
   48.5999985               2
   48.7000008               2
   48.7999992               2
   48.9000015               2
   49.0000000               2
   49.0999985               2
   49.2000008               2
   49.2999992               2
   49.4000015               2
   49.5000000               2
   49.5999985               2
   49.7000008               2
   49.7999992               2
   49.9000015               2
   50.0000000               2
   50.0999985               2
   50.2000008               2
   50.2999992               2
   50.4000015               2
   50.5000000               2
   50.5999985               2
   50.7000008               2
   50.7999992               2
   50.9000015               2
   51.0000000               2
   51.0999985               2
   51.2000008               2
   51.2999992               2
   51.4000015               2
   51.5000000               2
   51.5999985               2
   51.7000008               2
   51.7999992               2
   51.9000015               2
   52.0000000               2
   52.0999985               2
   52.2000008               2
   52.2999992               2
   52.4000015               2
   52.5000000               2
   52.5999985               2
   52.7000008               2
   52.7999992               2
   52.9000015               2
   53.0000000               2
   53.0999985               2
   53.2000008               2
   53.2999992               2
   53.4000015               2
   53.5000000               2
   53.5999985               2
   53.7000008               2
   53.7999992               2
   53.9000015               2
   54.0000000               2
   54.0999985               2
   54.2000008               2
   54.2999992               2
   54.4000015               2
   54.5000000               2
   54.5999985               2
   54.7000008               2
   54.7999992               2
   54.9000015               2
   55.0000000               2
   55.0999985               2
   55.2000008               2
   55.2999992               2
   55.4000015               2
   55.5000000               2
   55.5999985               2
   55.7000008               2
   55.7999992               2
   55.9000015               2
   56.0000000               2
   56.0999985               2
   56.2000008               2
   56.2999992               2
   56.4000015               2
   56.5000000               2
   56.5999985               2
   56.7000008               2
   56.7999992               2
   56.9000015               2
   57.0000000               2
   57.0999985               2
   57.2000008               2
   57.2999992               2
   57.4000015               2
   57.5000000               2
   57.5999985               3
   57.7000008               3
   57.7999992               3
   57.9000015               3
   58.0000000               3
   58.0999985               3
   58.2000008               3
   58.2999992               3
   58.4000015               3
   58.5000000               3
   58.5999985               3
   58.7000008               3
   58.7999992               3
   58.9000015               3
   59.0000000               3
   59.0999985               3
   59.2000008               3
   59.2999992               3
   59.4000015               3
   59.5000000               3
   59.5999985               3
   59.7000008               3
   59.7999992               3
   59.9000015               3
   60.0000000               3
   60.0999985               3
   60.2000008               3
   60.2999992               3
   60.4000015               3
   60.5000000               3
   60.5999985               3
   60.7000008               3
   60.7999992               3
   60.9000015               3
   61.0000000               3
   61.0999985               3
   61.2000008               3
   61.2999992               3
   61.4000015               3
   61.5000000               3
   61.5999985               3
   61.7000008               3
   61.7999992               3
   61.9000015               3
   62.0000000               3
   62.0999985               3
   62.2000008               3
   62.2999992               3
   62.4000015               3
   62.5000000               3
   62.5999985               3
   62.7000008               3
   62.7999992               3
   62.9000015               3
   63.0000000               3
   63.0999985               3
   63.2000008               3
   63.2999992               3
   63.4000015               3
   63.5000000               3
   63.5999985               3
   63.7000008               3
   63.7999992               3
   63.9000015               3
   64.0000000               3
   64.0999985               3
   64.1999969               3
   64.3000031               3
   64.4000015               3
   64.5000000               3
   64.5999985               3
   64.6999969               3
   64.8000031               3
   64.9000015               3
   65.0000000               3
   65.0999985               3
   65.1999969               3
   65.3000031               3
   65.4000015               3
   65.5000000               3
   65.5999985               3
   65.6999969               3
   65.8000031               3
   65.9000015               3
   66.0000000               3
   66.0999985               3
   66.1999969               3
   66.3000031               3
   66.4000015               3
   66.5000000               3
   66.5999985               3
   66.6999969               3
   66.8000031               3
   66.9000015               3
   67.0000000               3
   67.0999985               3
   67.1999969               3
   67.3000031               3
   67.4000015               3
   67.5000000               3
   67.5999985               3
   67.6999969               3
   67.8000031               3
   67.9000015               3
   68.0000000               3
   68.0999985               3
   68.1999969               3
   68.3000031               3
   68.4000015               3
   68.5000000               3
   68.5999985               3
   68.6999969               3
   68.8000031               3
   68.9000015               3
   69.0000000               3
   69.0999985               3
   69.1999969               3
   69.3000031               3
   69.4000015               3
   69.5000000               3
   69.5999985               3
   69.6999969               3
   69.8000031               3
   69.9000015               3
   70.0000000               3
   70.0999985               3
   70.1999969               3
   70.3000031               3
   70.4000015               3
   70.5000000               3
   70.5999985               3
   70.6999969               3
   70.8000031               3
   70.9000015               3
   71.0000000               3
   71.0999985               3
   71.1999969               3
   71.3000031               3
   71.4000015               3
   71.5000000               3
   71.5999985               3
   71.6999969               3
   71.8000031               3
   71.9000015               3
   72.0000000               3
   72.0999985               3
   72.1999969               3
   72.3000031               3
   72.4000015               3
   72.5000000               3
   72.5999985               3
   72.6999969               3
   72.8000031               3
   72.9000015               3
   73.0000000               3
   73.0999985               3
   73.1999969               3
   73.3000031               3
   73.4000015               3
   73.5000000               3
   73.5999985               3
   73.6999969               3
   73.8000031               3
   73.9000015               3
   74.0000000               3
   74.0999985               3
   74.1999969               3
   74.3000031               3
   74.4000015               3
   74.5000000               3
   74.5999985               3
   74.6999969               3
   74.8000031               3
   74.9000015               3
   75.0000000               3
   75.0999985               3
   75.1999969               3
   75.3000031               3
   75.4000015               3
   75.5000000               3
   75.5999985               3
   75.6999969               3
   75.8000031               3
   75.9000015               3
   76.0000000               3
   76.0999985               3
   76.1999969               3
   76.3000031               3
   76.4000015               3
   76.5000000               3
   76.5999985               3
   76.6999969               3
   76.8000031               3
   76.9000015               3
   77.0000000               3
   77.0999985               3
   77.1999969               3
   77.3000031               3
   77.4000015               3
   77.5000000               3
   77.5999985               3
   77.6999969               3
   77.8000031               3
   77.9000015               3
   78.0000000               3
   78.0999985               3
   78.1999969               3
   78.3000031               3
   78.4000015               3
   78.5000000               3
   78.5999985               3
   78.6999969               3
   78.8000031               3
   78.9000015               3
   79.0000000               3
   79.0999985               3
   79.1999969               3
   79.3000031               3
   79.4000015               3
   79.5000000               3
   79.5999985               3
   79.6999969               3
   79.8000031               3
   79.9000015               3
   80.0000000               3
   80.0999985               3
   80.1999969               3
   80.3000031               3
   80.4000015               3
   80.5000000               3
   80.5999985               3
   80.6999969               3
   80.8000031               3
   80.9000015               3
   81.0000000               3
   81.0999985               3
   81.1999969               3
   81.3000031               3
   81.4000015               3
   81.5000000               3
   81.5999985               3
   81.6999969               3
   81.8000031               3
   81.9000015               3
   82.0000000               3
   82.0999985               3
   82.1999969               3
   82.3000031               3
   82.4000015               3
   82.5000000               3
   82.5999985               3
   82.6999969               3
   82.8000031               3
   82.9000015               3
   83.0000000               3
   83.0999985               3
   83.1999969               3
   83.3000031               3
   83.4000015               3
   83.5000000               3
   83.5999985               3
   83.6999969               3
   83.8000031               3
   83.9000015               3
   84.0000000               3
   84.0999985               3
   84.1999969               3
   84.3000031               3
   84.4000015               3
   84.5000000               3
   84.5999985               4
   84.6999969               5
   84.8000031               5
   84.9000015               5
   85.0000000               5
   85.0999985               5
   85.1999969               5
   85.3000031               5
   85.4000015               5
   85.5000000               5
   85.5999985               5
   85.6999969               5
   85.8000031               5
   85.9000015               5
   86.0000000               5
   86.0999985               5
   86.1999969               5
   86.3000031               5
   86.4000015               5
   86.5000000               5
   86.5999985               5
   86.6999969               5
   86.8000031               5
   86.9000015               5
   87.0000000               5
   87.0999985               5
   87.1999969               5
   87.3000031               5
   87.4000015               5
   87.5000000               5
   87.5999985               5
   87.6999969               5
   87.8000031               5
   87.9000015               5
   88.0000000               5
   88.0999985               5
   88.1999969               5
   88.3000031               5
   88.4000015               5
   88.5000000               5
   88.5999985               5
   88.6999969               5
   88.8000031               5
   88.9000015               5
   89.0000000               5
   89.0999985               5
   89.1999969               5
   89.3000031               5
   89.4000015               5
   89.5000000               5
   89.5999985               5
   89.6999969               5
   89.8000031               5
   89.9000015               5
   90.0000000               5
   90.0999985               5
   90.1999969               5
   90.3000031               5
   90.4000015               5
   90.5000000               5
   90.5999985               5
   90.6999969               5
   90.8000031               5
   90.9000015               5
   91.0000000               5
   91.0999985               5
   91.1999969               5
   91.3000031               5
   91.4000015               5
   91.5000000               5
   91.5999985               5
   91.6999969               5
   91.8000031               5
   91.9000015               5
   92.0000000               5
   92.0999985               5
   92.1999969               5
   92.3000031               5
   92.4000015               5
   92.5000000               5
   92.5999985               5
   92.6999969               5
   92.8000031               5
   92.9000015               5
   93.0000000               5
   93.0999985               5
   93.1999969               5
   93.3000031               5
   93.4000015               5
   93.5000000               5
   93.5999985               5
   93.6999969               5
   93.8000031               5
   93.9000015               5
   94.0000000               5
   94.0999985               5
   94.1999969               5
   94.3000031               5
   94.4000015               5
   94.5000000               5
   94.5999985               5
   94.6999969               5
   94.8000031               5
   94.9000015               5
   95.0000000               5
   95.0999985               5
   95.1999969               5
   95.3000031               5
   95.4000015               5
   95.5000000               5
   95.5999985               5
   95.6999969               5
   95.8000031               5
   95.9000015               5
   96.0000000               5
   96.0999985               5
   96.1999969               5
   96.3000031               5
   96.4000015               5
   96.5000000               5
   96.5999985               5
   96.6999969               5
   96.8000031               5
   96.9000015               5
   97.0000000               5
   97.0999985               5
   97.1999969               5
   97.3000031               5
   97.4000015               5
   97.5000000               5
   97.5999985               5
   97.6999969               5
   97.8000031               5
   97.9000015               5
   98.0000000               5
   98.0999985               5
   98.1999969               5
   98.3000031               5
   98.4000015               5
   98.5000000               5
   98.5999985               5
   98.6999969               5
   98.8000031               5
   98.9000015               5
   99.0000000               5
   99.0999985               5
   99.1999969               5
   99.3000031               5
   99.4000015               5
   99.5000000               5
   99.5999985               5
   99.6999969               5
   99.8000031               5
   99.9000015               5
   100.000000               5
   100.099998               5
   100.199997               5
   100.300003               5
   100.400002               5
   100.500000               5
   100.599998               5
   100.699997               5
   100.800003               5
   100.900002               5
   101.000000               5
   101.099998               5
   101.199997               5
   101.300003               5
   101.400002               5
   101.500000               5
   101.599998               5
   101.699997               5
   101.800003               5
   101.900002               5
   102.000000               5
   102.099998               5
   102.199997               5
   102.300003               5
   102.400002               5
   102.500000               5
   102.599998               5
   102.699997               5
   102.800003               5
   102.900002               5
   103.000000               5
   103.099998               5
   103.199997               5
   103.300003               5
   103.400002               5
   103.500000               5
   103.599998               5
   103.699997               5
   103.800003               5
   103.900002               5
   104.000000               5
   104.099998               5
   104.199997               5
   104.300003               5
   104.400002               5
   104.500000               5
   104.599998               5
   104.699997               5
   104.800003               5
   104.900002               5
   105.000000               5
   105.099998               5
   105.199997               5
   105.300003               5
   105.400002               5
   105.500000               5
   105.599998               5
   105.699997               5
   105.800003               5
   105.900002               5
   106.000000               5
   106.099998               5
   106.199997               5
   106.300003               5
   106.400002               5
   106.500000               5
   106.599998               5
   106.699997               5
   106.800003               5
   106.900002               5
   107.000000               5
   107.099998               5
   107.199997               5
   107.300003               5
   107.400002               5
   107.500000               5
   107.599998               5
   107.699997               5
   107.800003               5
   107.900002               5
   108.000000               5
   108.099998               5
   108.199997               5
   108.300003               5
   108.400002               5
   108.500000               5
   108.599998               5
   108.699997               5
   108.800003               5
   108.900002               5
   109.000000               5
   109.099998               5
   109.199997               5
   109.300003               5
   109.400002               5
   109.500000               5
   109.599998               5
   109.699997               5
   109.800003               5
   109.900002               5
   110.000000               5
   110.099998               5
   110.199997               5
   110.300003               5
   110.400002               5
   110.500000               5
   110.599998               5
   110.699997               5
   110.800003               5
   110.900002               5
   111.000000               5
   111.099998               5
   111.199997               5
   111.300003               5
   111.400002               5
   111.500000               5
   111.599998               5
   111.699997               5
   111.800003               5
   111.900002               5
   112.000000               5
   112.099998               5
   112.199997               5
   112.300003               5
   112.400002               5
   112.500000               5
   112.599998               5
   112.699997               5
   112.800003               5
   112.900002               5
   113.000000               5
   113.099998               5
   113.199997               5
   113.300003               5
   113.400002               5
   113.500000               5
   113.599998               5
   113.699997               5
   113.800003               5
   113.900002               5
   114.000000               5
   114.099998               5
   114.199997               5
   114.300003               5
   114.400002               5
   114.500000               5
   114.599998               5
   114.699997               5
   114.800003               5
   114.900002               5
   115.000000               5
   115.099998               5
   115.199997               5
   115.300003               5
   115.400002               5
   115.500000               5
   115.599998               5
   115.699997               5
   115.800003               5
   115.900002               5
   116.000000               5
   116.099998               5
   116.199997               5
   116.300003               5
   116.400002               5
   116.500000               5
   116.599998               5
   116.699997               5
   116.800003               5
   116.900002               5
   117.000000               5
   117.099998               5
   117.199997               5
   117.300003               5
   117.400002               5
   117.500000               5
   117.599998               5
   117.699997               5
   117.800003               5
   117.900002               6
   118.000000               7
   118.099998               7
   118.199997               7
   118.300003               7
   118.400002               7
   118.500000               7
   118.599998               7
   118.699997               7
   118.800003               7
   118.900002               7
   119.000000               7
   119.099998               7
   119.199997               7
   119.300003               7
   119.400002               7
   119.500000               7
   119.599998               7
   119.699997               7
   119.800003               7
   119.900002               7
   120.000000               7
   120.099998               7
   120.199997               7
   120.300003               7
   120.400002               7
   120.500000               7
   120.599998               7
   120.699997               7
   120.800003               7
   120.900002               7
   121.000000               7
   121.099998               7
   121.199997               7
   121.300003               7
   121.400002               7
   121.500000               7
   121.599998               7
   121.699997               7
   121.800003               7
   121.900002               7
   122.000000               7
   122.099998               7
   122.199997               7
   122.300003               7
   122.400002               7
   122.500000               7
   122.599998               7
   122.699997               7
   122.800003               7
   122.900002               7
   123.000000               7
   123.099998               7
   123.199997               7
   123.300003               7
   123.400002               7
   123.500000               7
   123.599998               7
   123.699997               7
   123.800003               7
   123.900002               7
   124.000000               7
   124.099998               7
   124.199997               7
   124.300003               7
   124.400002               7
   124.500000               7
   124.599998               7
   124.699997               7
   124.800003               7
   124.900002               7
   125.000000               7
   125.099998               7
   125.199997               7
   125.300003               7
   125.400002               7
   125.500000               7
   125.599998               7
   125.699997               7
   125.800003               7
   125.900002               7
   126.000000               7
   126.099998               7
   126.199997               7
   126.300003               7
   126.400002               7
   126.500000               7
   126.599998               7
   126.699997               7
   126.800003               7
   126.900002               7
   127.000000               7
   127.099998               7
   127.199997               7
   127.300003               7
   127.400002               7
   127.500000               7
   127.599998               7
   127.699997               7
   127.800003               7
   127.900002               7
   128.000000               7
   128.100006               7
   128.199997               7
   128.300003               7
   128.399994               7
   128.500000               7
   128.600006               7
   128.699997               7
   128.800003               7
   128.899994               7
   129.000000               7
   129.100006               7
   129.199997               7
   129.300003               7
   129.399994               7
   129.500000               7
   129.600006               7
   129.699997               8
   129.800003               9
   129.899994               9
   130.000000               9
   130.100006               9
   130.199997               9
   130.300003               9
   130.399994               9
   130.500000               9
   130.600006               9
   130.699997               9
   130.800003               9
   130.899994               9
   131.000000               9
   131.100006               9
   131.199997               9
   131.300003               9
   131.399994               9
   131.500000               9
   131.600006               9
   131.699997               9
   131.800003               9
   131.899994               9
   132.000000               9
   132.100006               9
   132.199997               9
   132.300003               9
   132.399994               9
   132.500000               9
   132.600006               9
   132.699997               9
   132.800003               9
   132.899994               9
   133.000000               9
   133.100006               9
   133.199997               9
   133.300003               9
   133.399994               9
   133.500000               9
   133.600006               9
   133.699997               9
   133.800003               9
   133.899994               9
   134.000000               9
   134.100006               9
   134.199997               9
   134.300003               9
   134.399994               9
   134.500000               9
   134.600006               9
   134.699997               9
   134.800003               9
   134.899994               9
   135.000000               9
   135.100006               9
   135.199997               9
   135.300003               9
   135.399994               9
   135.500000               9
   135.600006               9
   135.699997               9
   135.800003               9
   135.899994               9
   136.000000               9
   136.100006               9
   136.199997               9
   136.300003               9
   136.399994               9
   136.500000               9
   136.600006               9
   136.699997               9
   136.800003               9
   136.899994               9
   137.000000               9
   137.100006               9
   137.199997               9
   137.300003               9
   137.399994               9
   137.500000               9
   137.600006               9
   137.699997               9
   137.800003               9
   137.899994               9
   138.000000               9
   138.100006               9
   138.199997               9
   138.300003               9
   138.399994               9
   138.500000               9
   138.600006               9
   138.699997               9
   138.800003               9
   138.899994               9
   139.000000               9
   139.100006               9
   139.199997               9
   139.300003               9
   139.399994               9
   139.500000               9
   139.600006               9
   139.699997               9
   139.800003               9
   139.899994               9
   140.000000               9
   140.100006               9
   140.199997               9
   140.300003               9
   140.399994               9
   140.500000               9
   140.600006               9
   140.699997               9
   140.800003               9
   140.899994               9
   141.000000               9
   141.100006               9
   141.199997               9
   141.300003               9
   141.399994               9
   141.500000               9
   141.600006               9
   141.699997               9
   141.800003               9
   141.899994               9
   142.000000               9
   142.100006               9
   142.199997               9
   142.300003               9
   142.399994               9
   142.500000               9
   142.600006               9
   142.699997               9
   142.800003               9
   142.899994               9
   143.000000               9
   143.100006               9
   143.199997               9
   143.300003               9
   143.399994               9
   143.500000               9
   143.600006               9
   143.699997               9
   143.800003               9
   143.899994               9
   144.000000               9
   144.100006               9
   144.199997               9
   144.300003               9
   144.399994               9
   144.500000               9
   144.600006               9
   144.699997               9
   144.800003               9
   144.899994               9
   145.000000               9
   145.100006               9
   145.199997               9
   145.300003               9
   145.399994               9
   145.500000               9
   145.600006               9
   145.699997               9
   145.800003               9
   145.899994               9
   146.000000               9
   146.100006               9
   146.199997               9
   146.300003               9
   146.399994               9
   146.500000               9
   146.600006               9
   146.699997               9
   146.800003               9
   146.899994               9
   147.000000               9
   147.100006               9
   147.199997               9
   147.300003               9
   147.399994               9
   147.500000               9
   147.600006               9
   147.699997               9
   147.800003               9
   147.899994               9
   148.000000               9
   148.100006               9
   148.199997               9
   148.300003               9
   148.399994               9
   148.500000               9
   148.600006               9
   148.699997               9
   148.800003               9
   148.899994               9
   149.000000               9
   149.100006               9
   149.199997               9
   149.300003               9
   149.399994               9
   149.500000               9
   149.600006               9
   149.699997               9
   149.800003               9
   149.899994               9
   150.000000               9
   150.100006               9
   150.199997               9
   150.300003               9
   150.399994               9
   150.500000               9
   150.600006               9
   150.699997               9
   150.800003               9
   150.899994               9
   151.000000               9
   151.100006               9
   151.199997               9
   151.300003               9
   151.399994               9
   151.500000               9
   151.600006               9
   151.699997               9
   151.800003               9
   151.899994               9
   152.000000               9
   152.100006               9
   152.199997               9
   152.300003               9
   152.399994               9
   152.500000               9
   152.600006               9
   152.699997               9
   152.800003               9
   152.899994               9
   153.000000              10
   153.100006              11
   153.199997              11
   153.300003              11
   153.399994              11
   153.500000              11
   153.600006              11
   153.699997              11
   153.800003              11
   153.899994              11
   154.000000              11
   154.100006              11
   154.199997              11
   154.300003              12
   154.399994              12
   154.500000              12
   154.600006              12
   154.699997              12
   154.800003              12
   154.899994              12
   155.000000              12
   155.100006              12
   155.199997              12
   155.300003              12
   155.399994              12
   155.500000              12
   155.600006              12
   155.699997              12
   155.800003              12
   155.899994              12
   156.000000              12
   156.100006              12
   156.199997              12
   156.300003              12
   156.399994              12
   156.500000              12
   156.600006              12
   156.699997              12
   156.800003              12
   156.899994              12
   157.000000              12
   157.100006              12
   157.199997              12
   157.300003              12
   157.399994              12
   157.500000              12
   157.600006              12
   157.699997              12
   157.800003              12
   157.899994              12
   158.000000              12
   158.100006              12
   158.199997              12
   158.300003              12
   158.399994              12
   158.500000              12
   158.600006              12
   158.699997              12
   158.800003              12
   158.899994              12
   159.000000              12
   159.100006              12
   159.199997              12
   159.300003              12
   159.399994              12
   159.500000              12
   159.600006              12
   159.699997              12
   159.800003              12
   159.899994              12
   160.000000              12
   160.100006              12
   160.199997              12
   160.300003              12
   160.399994              12
   160.500000              12
   160.600006              12
   160.699997              12
   160.800003              12
   160.899994              12
   161.000000              12
   161.100006              12
   161.199997              12
   161.300003              12
   161.399994              12
   161.500000              12
   161.600006              12
   161.699997              12
   161.800003              12
   161.899994              12
   162.000000              12
   162.100006              12
   162.199997              12
   162.300003              12
   162.399994              12
   162.500000              12
   162.600006              12
   162.699997              12
   162.800003              12
   162.899994              12
   163.000000              12
   163.100006              12
   163.199997              12
   163.300003              12
   163.399994              12
   163.500000              12
   163.600006              12
   163.699997              12
   163.800003              12
   163.899994              12
   164.000000              12
   164.100006              12
   164.199997              12
   164.300003              12
   164.399994              12
   164.500000              12
   164.600006              12
   164.699997              12
   164.800003              12
   164.899994              12
   165.000000              12
   165.100006              12
   165.199997              12
   165.300003              12
   165.399994              12
   165.500000              12
   165.600006              12
   165.699997              12
   165.800003              12
   165.899994              12
   166.000000              12
   166.100006              12
   166.199997              12
   166.300003              12
   166.399994              12
   166.500000              12
   166.600006              12
   166.699997              12
   166.800003              12
   166.899994              12
   167.000000              12
   167.100006              12
   167.199997              12
   167.300003              12
   167.399994              12
   167.500000              12
   167.600006              12
   167.699997              12
   167.800003              12
   167.899994              12
   168.000000              12
   168.100006              12
   168.199997              12
   168.300003              12
   168.399994              12
   168.500000              12
   168.600006              12
   168.699997              12
   168.800003              12
   168.899994              12
   169.000000              12
   169.100006              12
   169.199997              12
   169.300003              12
   169.399994              12
   169.500000              12
   169.600006              12
   169.699997              12
   169.800003              12
   169.899994              12
   170.000000              12
   170.100006              12
   170.199997              12
   170.300003              12
   170.399994              12
   170.500000              12
   170.600006              12
   170.699997              12
   170.800003              12
   170.899994              12
   171.000000              12
   171.100006              12
   171.199997              12
   171.300003              12
   171.399994              12
   171.500000              12
   171.600006              12
   171.699997              12
   171.800003              12
   171.899994              12
   172.000000              12
   172.100006              12
   172.199997              12
   172.300003              12
   172.399994              12
   172.500000              12
   172.600006              12
   172.699997              12
   172.800003              12
   172.899994              12
   173.000000              12
   173.100006              12
   173.199997              12
   173.300003              12
   173.399994              12
   173.500000              12
   173.600006              12
   173.699997              12
   173.800003              12
   173.899994              12
   174.000000              12
   174.100006              12
   174.199997              12
   174.300003              12
   174.399994              12
   174.500000              12
   174.600006              12
   174.699997              12
   174.800003              12
   174.899994              12
   175.000000              12
   175.100006              12
   175.199997              12
   175.300003              12
   175.399994              12
   175.500000              12
   175.600006              12
   175.699997              12
   175.800003              12
   175.899994              12
   176.000000              12
   176.100006              12
   176.199997              12
   176.300003              12
   176.399994              12
   176.500000              12
   176.600006              12
   176.699997              12
   176.800003              12
   176.899994              12
   177.000000              12
   177.100006              12
   177.199997              12
   177.300003              12
   177.399994              12
   177.500000              12
   177.600006              12
   177.699997              12
   177.800003              12
   177.899994              12
   178.000000              13
   178.100006              14
   178.199997              14
   178.300003              14
   178.399994              14
   178.500000              14
   178.600006              14
   178.699997              14
   178.800003              14
   178.899994              14
   179.000000              14
   179.100006              14
   179.199997              14
   179.300003              14
   179.399994              14
   179.500000              14
   179.600006              14
   179.699997              14
   179.800003              14
   179.899994              14
   180.000000              14
   180.100006              14
   180.199997              14
   180.300003              14
   180.399994              14
   180.500000              14
   180.600006              14
   180.699997              14
   180.800003              14
   180.899994              14
   181.000000              14
   181.100006              14
   181.199997              14
   181.300003              14
   181.399994              14
   181.500000              14
   181.600006              14
   181.699997              14
   181.800003              14
   181.899994              14
   182.000000              14
   182.100006              14
   182.199997              14
   182.300003              14
   182.399994              14
   182.500000              14
   182.600006              14
   182.699997              14
   182.800003              14
   182.899994              14
   183.000000              14
   183.100006              14
   183.199997              14
   183.300003              14
   183.399994              14
   183.500000              14
   183.600006              14
   183.699997              14
   183.800003              14
   183.899994              14
   184.000000              14
   184.100006              14
   184.199997              14
   184.300003              14
   184.399994              14
   184.500000              14
   184.600006              14
   184.699997              14
   184.800003              14
   184.899994              14
   185.000000              14
   185.100006              14
   185.199997              14
   185.300003              14
   185.399994              14
   185.500000              14
   185.600006              14
   185.699997              14
   185.800003              14
   185.899994              14
   186.000000              14
   186.100006              14
   186.199997              14
   186.300003              14
   186.399994              14
   186.500000              14
   186.600006              14
   186.699997              14
   186.800003              14
   186.899994              14
   187.000000              14
   187.100006              14
   187.199997              14
   187.300003              14
   187.399994              14
   187.500000              14
   187.600006              14
   187.699997              14
   187.800003              14
   187.899994              14
   188.000000              14
   188.100006              14
   188.199997              14
   188.300003              14
   188.399994              14
   188.500000              14
   188.600006              14
   188.699997              14
   188.800003              14
   188.899994              14
   189.000000              14
   189.100006              14
   189.199997              14
   189.300003              14
   189.399994              14
   189.500000              14
   189.600006              14
   189.699997              14
   189.800003              14
   189.899994              14
   190.000000              14
   190.100006              14
   190.199997              14
   190.300003              14
   190.399994              14
   190.500000              14
   190.600006              14
   190.699997              14
   190.800003              14
   190.899994              14
   191.000000              14
   191.100006              14
   191.199997              14
   191.300003              14
   191.399994              14
   191.500000              14
   191.600006              14
   191.699997              14
   191.800003              14
   191.899994              14
   192.000000              14
   192.100006              14
   192.199997              14
   192.300003              14
   192.399994              14
   192.500000              14
   192.600006              14
   192.699997              14
   192.800003              14
   192.899994              14
   193.000000              14
   193.100006              14
   193.199997              14
   193.300003              14
   193.399994              14
   193.500000              14
   193.600006              14
   193.699997              14
   193.800003              14
   193.899994              14
   194.000000              14
   194.100006              14
   194.199997              14
   194.300003              14
   194.399994              14
   194.500000              14
   194.600006              14
   194.699997              14
   194.800003              14
   194.899994              14
   195.000000              14
   195.100006              14
   195.199997              14
   195.300003              14
   195.399994              14
   195.500000              14
   195.600006              14
   195.699997              14
   195.800003              14
   195.899994              14
   196.000000              14
   196.100006              14
   196.199997              14
   196.300003              14
   196.399994              14
   196.500000              14
   196.600006              14
   196.699997              14
   196.800003              14
   196.899994              14
   197.000000              14
   197.100006              14
   197.199997              14
   197.300003              14
   197.399994              14
   197.500000              14
   197.600006              14
   197.699997              14
   197.800003              14
   197.899994              14
   198.000000              14
   198.100006              14
   198.199997              14
   198.300003              14
   198.399994              14
   198.500000              14
   198.600006              14
   198.699997              14
   198.800003              14
   198.899994              14
   199.000000              14
   199.100006              14
   199.199997              14
   199.300003              14
   199.399994              14
   199.500000              14
   199.600006              14
   199.699997              14
   199.800003              14
   199.899994              14
   200.000000              14
