  0.200000003               0
  0.300000012               0
  0.400000006               0
  0.500000000               0
  0.600000024               0
  0.699999988               0
  0.800000012               0
  0.899999976               0
   1.00000000               0
   1.10000002               0
   1.20000005               0
   1.29999995               0
   1.39999998               0
   1.50000000               0
   1.60000002               0
   1.70000005               0
   1.79999995               0
   1.89999998               0
   2.00000000               0
   2.09999990               0
   2.20000005               0
   2.29999995               0
   2.40000010               0
   2.50000000               0
   2.59999990               0
   2.70000005               0
   2.79999995               0
   2.90000010               0
   3.00000000               0
   3.09999990               0
   3.20000005               0
   3.29999995               0
   3.40000010               0
   3.50000000               0
   3.59999990               0
   3.70000005               0
   3.79999995               0
   3.90000010               0
   4.00000000               0
   4.09999990               0
   4.19999981               0
   4.30000019               0
   4.40000010               0
   4.50000000               0
   4.59999990               0
   4.69999981               0
   4.80000019               0
   4.90000010               0
   5.00000000               0
   5.09999990               0
   5.19999981               0
   5.30000019               0
   5.40000010               0
   5.50000000               0
   5.59999990               0
   5.69999981               0
   5.80000019               0
   5.90000010               0
   6.00000000               0
   6.09999990               0
   6.19999981               0
   6.30000019               0
   6.40000010               0
   6.50000000               0
   6.59999990               0
   6.69999981               0
   6.80000019               0
   6.90000010               0
   7.00000000               0
   7.09999990               0
   7.19999981               0
   7.30000019               0
   7.40000010               0
   7.50000000               0
   7.59999990               0
   7.69999981               0
   7.80000019               0
   7.90000010               0
   8.00000000               0
   8.10000038               0
   8.19999981               0
   8.30000019               1
   8.39999962               1
   8.50000000               1
   8.60000038               1
   8.69999981               1
   8.80000019               1
   8.89999962               1
   9.00000000               1
   9.10000038               1
   9.19999981               1
   9.30000019               1
   9.39999962               1
   9.50000000               1
   9.60000038               1
   9.69999981               1
   9.80000019               1
   9.89999962               1
   10.0000000               1
   10.1000004               1
   10.1999998               1
   10.3000002               1
   10.3999996               1
   10.5000000               1
   10.6000004               1
   10.6999998               1
   10.8000002               1
   10.8999996               1
   11.0000000               1
   11.1000004               1
   11.1999998               1
   11.3000002               1
   11.3999996               1
   11.5000000               1
   11.6000004               1
   11.6999998               1
   11.8000002               1
   11.8999996               1
   12.0000000               1
   12.1000004               1
   12.1999998               1
   12.3000002               1
   12.3999996               1
   12.5000000               1
   12.6000004               1
   12.6999998               1
   12.8000002               1
   12.8999996               1
   13.0000000               1
   13.1000004               1
   13.1999998               1
   13.3000002               1
   13.3999996               1
   13.5000000               1
   13.6000004               1
   13.6999998               1
   13.8000002               1
   13.8999996               1
   14.0000000               1
   14.1000004               1
   14.1999998               1
   14.3000002               1
   14.3999996               1
   14.5000000               1
   14.6000004               1
   14.6999998               1
   14.8000002               1
   14.8999996               1
   15.0000000               1
   15.1000004               1
   15.1999998               1
   15.3000002               1
   15.3999996               1
   15.5000000               1
   15.6000004               1
   15.6999998               1
   15.8000002               1
   15.8999996               1
   16.0000000               1
   16.1000004               1
   16.2000008               1
   16.2999992               1
   16.3999996               1
   16.5000000               1
   16.6000004               1
   16.7000008               1
   16.7999992               1
   16.8999996               1
   17.0000000               1
   17.1000004               1
   17.2000008               1
   17.2999992               1
   17.3999996               1
   17.5000000               1
   17.6000004               1
   17.7000008               2
   17.7999992               3
   17.8999996               3
   18.0000000               3
   18.1000004               3
   18.2000008               3
   18.2999992               3
   18.3999996               3
   18.5000000               3
   18.6000004               3
   18.7000008               3
   18.7999992               3
   18.8999996               3
   19.0000000               3
   19.1000004               3
   19.2000008               3
   19.2999992               3
   19.3999996               3
   19.5000000               3
   19.6000004               3
   19.7000008               3
   19.7999992               3
   19.8999996               3
   20.0000000               3
   20.1000004               3
   20.2000008               3
   20.2999992               3
   20.3999996               3
   20.5000000               3
   20.6000004               3
   20.7000008               3
   20.7999992               3
   20.8999996               3
   21.0000000               3
   21.1000004               3
   21.2000008               3
   21.2999992               3
   21.3999996               3
   21.5000000               3
   21.6000004               3
   21.7000008               3
   21.7999992               3
   21.8999996               3
   22.0000000               3
   22.1000004               3
   22.2000008               3
   22.2999992               3
   22.3999996               3
   22.5000000               3
   22.6000004               3
   22.7000008               3
   22.7999992               3
   22.8999996               3
   23.0000000               3
   23.1000004               3
   23.2000008               3
   23.2999992               3
   23.3999996               3
   23.5000000               3
   23.6000004               3
   23.7000008               3
   23.7999992               3
   23.8999996               3
   24.0000000               3
   24.1000004               3
   24.2000008               3
   24.2999992               3
   24.3999996               3
   24.5000000               3
   24.6000004               3
   24.7000008               3
   24.7999992               3
   24.8999996               3
   25.0000000               3
   25.1000004               3
   25.2000008               3
   25.2999992               3
   25.3999996               3
   25.5000000               3
   25.6000004               3
   25.7000008               3
   25.7999992               3
   25.8999996               3
   26.0000000               3
   26.1000004               3
   26.2000008               3
   26.2999992               3
   26.3999996               3
   26.5000000               3
   26.6000004               3
   26.7000008               3
   26.7999992               3
   26.8999996               3
   27.0000000               3
   27.1000004               3
   27.2000008               3
   27.2999992               3
   27.3999996               3
   27.5000000               3
   27.6000004               3
   27.7000008               3
   27.7999992               3
   27.8999996               3
   28.0000000               3
   28.1000004               3
   28.2000008               3
   28.2999992               3
   28.3999996               3
   28.5000000               3
   28.6000004               3
   28.7000008               3
   28.7999992               3
   28.8999996               3
   29.0000000               3
   29.1000004               3
   29.2000008               3
   29.2999992               3
   29.3999996               3
   29.5000000               3
   29.6000004               3
   29.7000008               3
   29.7999992               3
   29.8999996               3
   30.0000000               3
   30.1000004               3
   30.2000008               3
   30.2999992               3
   30.3999996               3
   30.5000000               3
   30.6000004               3
   30.7000008               3
   30.7999992               3
   30.8999996               3
   31.0000000               3
   31.1000004               3
   31.2000008               3
   31.2999992               3
   31.3999996               3
   31.5000000               3
   31.6000004               3
   31.7000008               3
   31.7999992               3
   31.8999996               3
   32.0000000               3
   32.0999985               3
   32.2000008               3
   32.2999992               3
   32.4000015               3
   32.5000000               3
   32.5999985               3
   32.7000008               3
   32.7999992               3
   32.9000015               3
   33.0000000               3
   33.0999985               3
   33.2000008               3
   33.2999992               3
   33.4000015               3
   33.5000000               3
   33.5999985               3
   33.7000008               3
   33.7999992               3
   33.9000015               3
   34.0000000               3
   34.0999985               3
   34.2000008               3
   34.2999992               3
   34.4000015               3
   34.5000000               3
   34.5999985               3
   34.7000008               3
   34.7999992               3
   34.9000015               3
   35.0000000               3
   35.0999985               3
   35.2000008               3
   35.2999992               3
   35.4000015               3
   35.5000000               3
   35.5999985               3
   35.7000008               3
   35.7999992               3
   35.9000015               3
   36.0000000               3
   36.0999985               3
   36.2000008               3
   36.2999992               3
   36.4000015               3
   36.5000000               3
   36.5999985               3
   36.7000008               3
   36.7999992               3
   36.9000015               3
   37.0000000               3
   37.0999985               3
   37.2000008               3
   37.2999992               3
   37.4000015               3
   37.5000000               3
   37.5999985               3
   37.7000008               3
   37.7999992               3
   37.9000015               3
   38.0000000               3
   38.0999985               3
   38.2000008               3
   38.2999992               3
   38.4000015               3
   38.5000000               3
   38.5999985               3
   38.7000008               3
   38.7999992               3
   38.9000015               3
   39.0000000               3
   39.0999985               3
   39.2000008               3
   39.2999992               3
   39.4000015               3
   39.5000000               3
   39.5999985               3
   39.7000008               3
   39.7999992               3
   39.9000015               3
   40.0000000               3
   40.0999985               3
   40.2000008               3
   40.2999992               3
   40.4000015               3
   40.5000000               3
   40.5999985               3
   40.7000008               3
   40.7999992               3
   40.9000015               3
   41.0000000               3
   41.0999985               3
   41.2000008               3
   41.2999992               3
   41.4000015               3
   41.5000000               3
   41.5999985               3
   41.7000008               3
   41.7999992               3
   41.9000015               3
   42.0000000               3
   42.0999985               3
   42.2000008               3
   42.2999992               3
   42.4000015               3
   42.5000000               3
   42.5999985               3
   42.7000008               3
   42.7999992               3
   42.9000015               3
   43.0000000               3
   43.0999985               3
   43.2000008               3
   43.2999992               3
   43.4000015               3
   43.5000000               3
   43.5999985               3
   43.7000008               3
   43.7999992               3
   43.9000015               3
   44.0000000               3
   44.0999985               3
   44.2000008               3
   44.2999992               3
   44.4000015               3
   44.5000000               3
   44.5999985               3
   44.7000008               3
   44.7999992               3
   44.9000015               3
   45.0000000               3
   45.0999985               3
   45.2000008               3
   45.2999992               3
   45.4000015               3
   45.5000000               3
   45.5999985               3
   45.7000008               3
   45.7999992               3
   45.9000015               3
   46.0000000               3
   46.0999985               3
   46.2000008               3
   46.2999992               3
   46.4000015               3
   46.5000000               4
   46.5999985               4
   46.7000008               4
   46.7999992               4
   46.9000015               4
   47.0000000               4
   47.0999985               4
   47.2000008               4
   47.2999992               4
   47.4000015               5
   47.5000000               5
   47.5999985               5
   47.7000008               5
   47.7999992               5
   47.9000015               5
   48.0000000               5
   48.0999985               5
   48.2000008               5
   48.2999992               5
   48.4000015               5
   48.5000000               5
   48.5999985               5
   48.7000008               5
   48.7999992               5
   48.9000015               5
   49.0000000               5
   49.0999985               5
   49.2000008               5
   49.2999992               5
   49.4000015               5
   49.5000000               5
   49.5999985               5
   49.7000008               5
   49.7999992               5
   49.9000015               5
   50.0000000               5
   50.0999985               5
   50.2000008               5
   50.2999992               5
   50.4000015               5
   50.5000000               5
   50.5999985               5
   50.7000008               5
   50.7999992               5
   50.9000015               5
   51.0000000               5
   51.0999985               5
   51.2000008               5
   51.2999992               5
   51.4000015               5
   51.5000000               5
   51.5999985               5
   51.7000008               5
   51.7999992               5
   51.9000015               5
   52.0000000               5
   52.0999985               5
   52.2000008               5
   52.2999992               5
   52.4000015               5
   52.5000000               5
   52.5999985               5
   52.7000008               5
   52.7999992               5
   52.9000015               5
   53.0000000               5
   53.0999985               5
   53.2000008               5
   53.2999992               5
   53.4000015               5
   53.5000000               5
   53.5999985               5
   53.7000008               5
   53.7999992               5
   53.9000015               5
   54.0000000               5
   54.0999985               5
   54.2000008               5
   54.2999992               5
   54.4000015               5
   54.5000000               5
   54.5999985               5
   54.7000008               5
   54.7999992               5
   54.9000015               5
   55.0000000               5
   55.0999985               5
   55.2000008               5
   55.2999992               5
   55.4000015               5
   55.5000000               5
   55.5999985               5
   55.7000008               5
   55.7999992               5
   55.9000015               5
   56.0000000               5
   56.0999985               5
   56.2000008               5
   56.2999992               5
   56.4000015               5
   56.5000000               5
   56.5999985               6
   56.7000008               6
   56.7999992               6
   56.9000015               6
   57.0000000               6
   57.0999985               6
   57.2000008               6
   57.2999992               6
   57.4000015               6
   57.5000000               6
   57.5999985               6
   57.7000008               6
   57.7999992               6
   57.9000015               6
   58.0000000               6
   58.0999985               6
   58.2000008               6
   58.2999992               6
   58.4000015               6
   58.5000000               6
   58.5999985               6
   58.7000008               6
   58.7999992               6
   58.9000015               6
   59.0000000               6
   59.0999985               6
   59.2000008               6
   59.2999992               6
   59.4000015               6
   59.5000000               6
   59.5999985               6
   59.7000008               6
   59.7999992               6
   59.9000015               6
   60.0000000               6
   60.0999985               6
   60.2000008               6
   60.2999992               6
   60.4000015               6
   60.5000000               6
   60.5999985               6
   60.7000008               6
   60.7999992               6
   60.9000015               6
   61.0000000               6
   61.0999985               6
   61.2000008               6
   61.2999992               6
   61.4000015               6
   61.5000000               6
   61.5999985               6
   61.7000008               6
   61.7999992               6
   61.9000015               6
   62.0000000               6
   62.0999985               6
   62.2000008               6
   62.2999992               6
   62.4000015               6
   62.5000000               6
   62.5999985               6
   62.7000008               6
   62.7999992               6
   62.9000015               6
   63.0000000               6
   63.0999985               6
   63.2000008               6
   63.2999992               6
   63.4000015               6
   63.5000000               6
   63.5999985               6
   63.7000008               6
   63.7999992               6
   63.9000015               6
   64.0000000               6
   64.0999985               6
   64.1999969               6
   64.3000031               6
   64.4000015               6
   64.5000000               6
   64.5999985               6
   64.6999969               6
   64.8000031               6
   64.9000015               6
   65.0000000               6
   65.0999985               6
   65.1999969               6
   65.3000031               6
   65.4000015               6
   65.5000000               6
   65.5999985               6
   65.6999969               6
   65.8000031               6
   65.9000015               6
   66.0000000               6
   66.0999985               6
   66.1999969               6
   66.3000031               6
   66.4000015               6
   66.5000000               6
   66.5999985               6
   66.6999969               6
   66.8000031               6
   66.9000015               6
   67.0000000               6
   67.0999985               6
   67.1999969               6
   67.3000031               6
   67.4000015               6
   67.5000000               6
   67.5999985               6
   67.6999969               6
   67.8000031               6
   67.9000015               6
   68.0000000               6
   68.0999985               6
   68.1999969               6
   68.3000031               6
   68.4000015               6
   68.5000000               6
   68.5999985               6
   68.6999969               6
   68.8000031               6
   68.9000015               6
   69.0000000               6
   69.0999985               6
   69.1999969               6
   69.3000031               6
   69.4000015               6
   69.5000000               6
   69.5999985               6
   69.6999969               6
   69.8000031               6
   69.9000015               6
   70.0000000               6
   70.0999985               6
   70.1999969               6
   70.3000031               6
   70.4000015               6
   70.5000000               6
   70.5999985               6
   70.6999969               6
   70.8000031               7
   70.9000015               8
   71.0000000               8
   71.0999985               8
   71.1999969               8
   71.3000031               8
   71.4000015               8
   71.5000000               8
   71.5999985               8
   71.6999969               8
   71.8000031               8
   71.9000015               8
   72.0000000               8
   72.0999985               8
   72.1999969               8
   72.3000031               8
   72.4000015               8
   72.5000000               8
   72.5999985               8
   72.6999969               8
   72.8000031               8
   72.9000015               8
   73.0000000               8
   73.0999985               8
   73.1999969               8
   73.3000031               8
   73.4000015               8
   73.5000000               8
   73.5999985               8
   73.6999969               8
   73.8000031               9
   73.9000015               9
   74.0000000               9
   74.0999985               9
   74.1999969               9
   74.3000031               9
   74.4000015               9
   74.5000000               9
   74.5999985               9
   74.6999969               9
   74.8000031               9
   74.9000015               9
   75.0000000               9
   75.0999985               9
   75.1999969               9
   75.3000031               9
   75.4000015               9
   75.5000000               9
   75.5999985               9
   75.6999969               9
   75.8000031               9
   75.9000015               9
   76.0000000               9
   76.0999985               9
   76.1999969               9
   76.3000031               9
   76.4000015               9
   76.5000000               9
   76.5999985               9
   76.6999969               9
   76.8000031               9
   76.9000015               9
   77.0000000               9
   77.0999985               9
   77.1999969               9
   77.3000031               9
   77.4000015               9
   77.5000000               9
   77.5999985               9
   77.6999969               9
   77.8000031               9
   77.9000015               9
   78.0000000               9
   78.0999985               9
   78.1999969               9
   78.3000031               9
   78.4000015               9
   78.5000000               9
   78.5999985               9
   78.6999969               9
   78.8000031               9
   78.9000015               9
   79.0000000               9
   79.0999985               9
   79.1999969               9
   79.3000031               9
   79.4000015               9
   79.5000000               9
   79.5999985               9
   79.6999969               9
   79.8000031               9
   79.9000015               9
   80.0000000               9
