 Permeation events over simulation time.
 t(ns) Number of events
   0.00000000               0
   1.00000000               0
   2.00000000               0
   3.00000000               0
   4.00000000               0
   5.00000000               0
   6.00000000               0
   7.00000000               0
   8.00000000               0
   9.00000000               0
   10.0000000               0
   11.0000000               0
   12.0000000               0
   13.0000000               0
   14.0000000               0
   15.0000000               0
   16.0000000               0
   17.0000000               0
   18.0000000               0
   19.0000000               0
   20.0000000               0
   21.0000000               0
   22.0000000               0
   23.0000000               0
   24.0000000               0
   25.0000000               0
   26.0000000               0
   27.0000000               0
   28.0000000               0
   29.0000000               0
   30.0000000               0
   31.0000000               0
   32.0000000               0
   33.0000000               0
   34.0000000               0
   35.0000000               0
   36.0000000               0
   37.0000000               0
   38.0000000               0
   39.0000000               0
   40.0000000               0
   41.0000000               0
   42.0000000               0
   43.0000000               0
   44.0000000               0
   45.0000000               0
   46.0000000               0
   47.0000000               0
   48.0000000               0
   49.0000000               0
   50.0000000               0
   51.0000000               0
   52.0000000               0
   53.0000000               0
   54.0000000               0
   55.0000000               0
   56.0000000               0
   57.0000000               0
   58.0000000               0
   59.0000000               0
   60.0000000               0
   61.0000000               0
   62.0000000               0
   63.0000000               0
   64.0000000               0
   65.0000000               0
   66.0000000               0
   67.0000000               0
   68.0000000               0
   69.0000000               0
   70.0000000               0
   71.0000000               0
   72.0000000               0
   73.0000000               0
   74.0000000               0
   75.0000000               0
   76.0000000               0
   77.0000000               0
   78.0000000               0
   79.0000000               0
   80.0000000               0
   81.0000000               0
   82.0000000               0
   83.0000000               0
   84.0000000               0
   85.0000000               0
   86.0000000               0
   87.0000000               0
   88.0000000               0
   89.0000000               0
   90.0000000               0
   91.0000000               0
   92.0000000               0
   93.0000000               0
   94.0000000               0
   95.0000000               0
   96.0000000               0
   97.0000000               0
   98.0000000               0
   99.0000000               0
   100.000000               0
   101.000000               1
   102.000000               1
   103.000000               1
   104.000000               1
   105.000000               1
   106.000000               1
   107.000000               1
   108.000000               1
   109.000000               1
   110.000000               1
   111.000000               1
   112.000000               1
   113.000000               1
   114.000000               1
   115.000000               1
   116.000000               1
   117.000000               1
   118.000000               1
   119.000000               1
   120.000000               1
   121.000000               1
   122.000000               1
   123.000000               1
   124.000000               1
   125.000000               1
   126.000000               1
   127.000000               1
   128.000000               1
   129.000000               1
   130.000000               1
   131.000000               1
   132.000000               1
   133.000000               1
   134.000000               1
   135.000000               1
   136.000000               1
   137.000000               1
   138.000000               1
   139.000000               1
   140.000000               1
   141.000000               1
   142.000000               1
   143.000000               1
   144.000000               1
   145.000000               1
   146.000000               1
   147.000000               1
   148.000000               1
   149.000000               1
   150.000000               1
   151.000000               1
   152.000000               1
   153.000000               1
   154.000000               1
   155.000000               1
   156.000000               1
   157.000000               1
   158.000000               1
   159.000000               1
   160.000000               1
   161.000000               1
   162.000000               1
   163.000000               1
   164.000000               1
   165.000000               1
   166.000000               1
   167.000000               1
   168.000000               1
   169.000000               1
   170.000000               1
   171.000000               1
   172.000000               1
   173.000000               1
   174.000000               1
   175.000000               1
   176.000000               1
   177.000000               1
   178.000000               1
   179.000000               1
   180.000000               1
   181.000000               1
   182.000000               1
   183.000000               1
   184.000000               1
   185.000000               1
   186.000000               1
   187.000000               1
   188.000000               1
   189.000000               1
   190.000000               1
   191.000000               1
   192.000000               1
   193.000000               1
   194.000000               1
   195.000000               1
   196.000000               1
   197.000000               1
   198.000000               1
   199.000000               1
   200.000000               1
   201.000000               1
   202.000000               1
   203.000000               1
   204.000000               1
   205.000000               1
   206.000000               1
   207.000000               2
   208.000000               2
   209.000000               2
   210.000000               2
   211.000000               2
   212.000000               2
   213.000000               2
   214.000000               2
   215.000000               2
   216.000000               2
   217.000000               2
   218.000000               2
   219.000000               2
   220.000000               2
   221.000000               2
   222.000000               2
   223.000000               2
   224.000000               2
   225.000000               2
   226.000000               2
   227.000000               2
   228.000000               2
   229.000000               2
   230.000000               2
   231.000000               2
   232.000000               2
   233.000000               2
   234.000000               2
   235.000000               2
   236.000000               2
   237.000000               2
   238.000000               2
   239.000000               2
   240.000000               2
   241.000000               2
   242.000000               2
   243.000000               2
   244.000000               2
   245.000000               2
   246.000000               2
   247.000000               2
   248.000000               2
   249.000000               2
   250.000000               2
   251.000000               2
   252.000000               2
   253.000000               2
   254.000000               2
   255.000000               2
   256.000000               2
   257.000000               2
   258.000000               2
   259.000000               2
   260.000000               3
   261.000000               3
   262.000000               3
   263.000000               3
   264.000000               3
   265.000000               3
   266.000000               3
   267.000000               3
   268.000000               3
   269.000000               3
   270.000000               4
   271.000000               4
   272.000000               4
   273.000000               4
   274.000000               4
   275.000000               4
   276.000000               4
   277.000000               4
   278.000000               4
   279.000000               4
   280.000000               4
   281.000000               5
   282.000000               5
   283.000000               5
   284.000000               5
   285.000000               5
   286.000000               5
   287.000000               5
   288.000000               5
   289.000000               5
   290.000000               5
   291.000000               5
   292.000000               5
   293.000000               5
   294.000000               5
   295.000000               5
   296.000000               5
   297.000000               5
   298.000000               5
   299.000000               5
   300.000000               5
   301.000000               5
   302.000000               5
   303.000000               5
   304.000000               5
   305.000000               5
   306.000000               5
   307.000000               5
   308.000000               5
   309.000000               5
   310.000000               5
   311.000000               5
   312.000000               5
   313.000000               5
   314.000000               5
   315.000000               6
   316.000000               6
   317.000000               6
   318.000000               6
   319.000000               6
   320.000000               6
   321.000000               6
   322.000000               6
   323.000000               6
   324.000000               6
   325.000000               6
   326.000000               6
   327.000000               6
   328.000000               6
   329.000000               6
   330.000000               6
   331.000000               6
   332.000000               6
   333.000000               6
   334.000000               6
   335.000000               6
   336.000000               6
   337.000000               6
   338.000000               6
   339.000000               6
   340.000000               6
   341.000000               6
   342.000000               6
   343.000000               6
   344.000000               6
   345.000000               6
   346.000000               6
   347.000000               6
   348.000000               6
   349.000000               6
   350.000000               6
   351.000000               6
   352.000000               6
   353.000000               6
   354.000000               6
   355.000000               6
   356.000000               6
   357.000000               6
   358.000000               6
   359.000000               6
   360.000000               6
   361.000000               6
   362.000000               6
   363.000000               6
   364.000000               6
   365.000000               6
   366.000000               6
   367.000000               6
   368.000000               6
   369.000000               6
   370.000000               7
   371.000000               7
   372.000000               7
   373.000000               7
   374.000000               7
   375.000000               7
   376.000000               7
   377.000000               7
   378.000000               7
   379.000000               7
   380.000000               7
   381.000000               7
   382.000000               7
   383.000000               7
   384.000000               7
   385.000000               7
   386.000000               7
   387.000000               7
   388.000000               7
   389.000000               7
   390.000000               7
   391.000000               7
   392.000000               7
   393.000000               7
   394.000000               7
   395.000000               7
   396.000000               7
   397.000000               7
   398.000000               7
   399.000000               7
   400.000000               7
   401.000000               7
   402.000000               7
   403.000000               7
   404.000000               7
   405.000000               7
   406.000000               7
   407.000000               7
   408.000000               7
   409.000000               7
   410.000000               7
   411.000000               7
   412.000000               7
   413.000000               7
   414.000000               7
   415.000000               7
   416.000000               7
   417.000000               7
   418.000000               7
   419.000000               7
   420.000000               7
   421.000000               7
   422.000000               7
   423.000000               7
   424.000000               7
   425.000000               7
   426.000000               7
   427.000000               7
   428.000000               7
   429.000000               7
   430.000000               7
   431.000000               7
   432.000000               7
   433.000000               7
   434.000000               7
   435.000000               7
   436.000000               7
   437.000000               7
   438.000000               7
   439.000000               7
   440.000000               7
   441.000000               7
   442.000000               7
   443.000000               7
   444.000000               7
   445.000000               7
   446.000000               7
   447.000000               7
   448.000000               7
   449.000000               7
   450.000000               7
   451.000000               7
   452.000000               7
   453.000000               7
   454.000000               7
   455.000000               7
   456.000000               7
   457.000000               7
   458.000000               7
   459.000000               7
   460.000000               7
   461.000000               7
   462.000000               7
   463.000000               7
   464.000000               7
   465.000000               7
   466.000000               7
   467.000000               7
   468.000000               7
   469.000000               7
   470.000000               8
   471.000000               8
   472.000000               8
   473.000000               8
   474.000000               8
   475.000000               8
   476.000000               8
   477.000000               8
   478.000000               8
   479.000000               8
   480.000000               8
   481.000000               8
   482.000000               8
   483.000000               8
   484.000000               8
   485.000000               8
   486.000000               8
   487.000000               8
   488.000000               8
   489.000000               8
   490.000000               8
   491.000000               8
   492.000000               8
   493.000000               8
   494.000000               8
   495.000000               8
   496.000000               8
   497.000000               8
   498.000000               8
   499.000000               8
   500.000000               8
   501.000000               8
   502.000000               8
   503.000000               8
   504.000000               8
   505.000000               8
   506.000000               8
   507.000000               8
   508.000000               8
   509.000000               8
   510.000000               8
   511.000000               8
   512.000000               8
   513.000000               8
   514.000000               8
   515.000000               8
   516.000000               8
   517.000000               8
   518.000000               8
   519.000000               8
   520.000000               9
   521.000000               9
   522.000000              10
   523.000000              10
   524.000000              10
   525.000000              10
   526.000000              10
   527.000000              10
   528.000000              10
   529.000000              10
   530.000000              10
   531.000000              10
   532.000000              10
   533.000000              10
   534.000000              10
   535.000000              10
   536.000000              10
   537.000000              10
   538.000000              10
   539.000000              10
   540.000000              10
   541.000000              10
   542.000000              10
   543.000000              10
   544.000000              10
   545.000000              10
   546.000000              10
   547.000000              10
   548.000000              10
   549.000000              10
   550.000000              10
   551.000000              10
   552.000000              10
   553.000000              10
   554.000000              10
   555.000000              10
   556.000000              10
   557.000000              10
   558.000000              10
   559.000000              10
   560.000000              10
   561.000000              10
   562.000000              10
   563.000000              10
   564.000000              10
   565.000000              10
   566.000000              10
   567.000000              10
   568.000000              10
   569.000000              10
   570.000000              10
   571.000000              10
   572.000000              10
   573.000000              10
   574.000000              10
   575.000000              10
   576.000000              10
   577.000000              10
   578.000000              10
   579.000000              10
   580.000000              10
   581.000000              10
   582.000000              10
   583.000000              10
   584.000000              10
   585.000000              10
   586.000000              10
   587.000000              10
   588.000000              10
   589.000000              10
   590.000000              10
   591.000000              10
   592.000000              10
   593.000000              10
   594.000000              10
   595.000000              10
   596.000000              10
   597.000000              10
   598.000000              10
   599.000000              10
   600.000000              10
   601.000000              10
   602.000000              10
   603.000000              10
   604.000000              10
   605.000000              10
   606.000000              10
   607.000000              10
   608.000000              10
   609.000000              10
   610.000000              10
   611.000000              10
   612.000000              10
   613.000000              10
   614.000000              10
   615.000000              10
   616.000000              10
   617.000000              10
   618.000000              10
   619.000000              10
   620.000000              10
   621.000000              10
   622.000000              10
   623.000000              10
   624.000000              10
   625.000000              10
   626.000000              10
   627.000000              10
   628.000000              11
   629.000000              11
   630.000000              11
   631.000000              12
   632.000000              12
   633.000000              12
   634.000000              12
   635.000000              12
   636.000000              12
   637.000000              12
   638.000000              12
   639.000000              12
   640.000000              12
   641.000000              12
   642.000000              12
   643.000000              12
   644.000000              12
   645.000000              12
   646.000000              12
   647.000000              12
   648.000000              12
   649.000000              13
   650.000000              13
   651.000000              13
   652.000000              13
   653.000000              13
   654.000000              13
   655.000000              13
   656.000000              13
   657.000000              13
   658.000000              13
   659.000000              13
   660.000000              14
   661.000000              14
   662.000000              14
   663.000000              14
   664.000000              14
   665.000000              14
   666.000000              14
   667.000000              14
   668.000000              14
   669.000000              14
   670.000000              14
   671.000000              14
   672.000000              14
   673.000000              14
   674.000000              14
   675.000000              14
   676.000000              15
   677.000000              15
   678.000000              15
   679.000000              15
   680.000000              15
   681.000000              15
   682.000000              15
   683.000000              15
   684.000000              15
   685.000000              15
   686.000000              15
   687.000000              15
   688.000000              15
   689.000000              15
   690.000000              15
   691.000000              15
   692.000000              15
   693.000000              15
   694.000000              15
   695.000000              15
   696.000000              15
   697.000000              15
   698.000000              15
   699.000000              15
   700.000000              15
   701.000000              15
   702.000000              15
   703.000000              15
   704.000000              15
   705.000000              15
   706.000000              15
   707.000000              15
   708.000000              15
   709.000000              15
   710.000000              15
   711.000000              15
   712.000000              15
   713.000000              15
   714.000000              15
   715.000000              15
   716.000000              15
   717.000000              15
   718.000000              15
   719.000000              15
   720.000000              15
   721.000000              15
   722.000000              15
   723.000000              15
   724.000000              15
   725.000000              15
   726.000000              15
   727.000000              15
   728.000000              15
   729.000000              15
   730.000000              15
   731.000000              15
   732.000000              15
   733.000000              15
   734.000000              15
   735.000000              15
   736.000000              15
   737.000000              15
   738.000000              15
   739.000000              15
   740.000000              15
   741.000000              15
   742.000000              15
   743.000000              15
   744.000000              15
   745.000000              15
   746.000000              15
   747.000000              15
   748.000000              15
   749.000000              15
   750.000000              15
   751.000000              15
   752.000000              15
   753.000000              15
   754.000000              15
   755.000000              15
   756.000000              15
   757.000000              15
   758.000000              15
   759.000000              15
   760.000000              15
   761.000000              15
   762.000000              15
   763.000000              15
   764.000000              15
   765.000000              15
   766.000000              15
   767.000000              15
   768.000000              15
   769.000000              15
   770.000000              15
   771.000000              15
   772.000000              15
   773.000000              15
   774.000000              15
   775.000000              15
   776.000000              15
   777.000000              15
   778.000000              15
   779.000000              15
   780.000000              15
   781.000000              15
   782.000000              15
   783.000000              15
   784.000000              15
   785.000000              15
   786.000000              15
   787.000000              15
   788.000000              15
   789.000000              15
   790.000000              15
   791.000000              15
   792.000000              15
   793.000000              15
   794.000000              15
   795.000000              15
   796.000000              15
   797.000000              15
   798.000000              15
   799.000000              15
   800.000000              15
   801.000000              15
   802.000000              15
   803.000000              15
   804.000000              15
   805.000000              15
   806.000000              15
   807.000000              15
   808.000000              15
   809.000000              15
   810.000000              15
   811.000000              15
   812.000000              15
   813.000000              15
   814.000000              15
   815.000000              15
   816.000000              15
   817.000000              15
   818.000000              15
   819.000000              15
   820.000000              15
   821.000000              15
   822.000000              15
   823.000000              15
   824.000000              15
   825.000000              15
   826.000000              15
   827.000000              15
   828.000000              15
   829.000000              15
   830.000000              15
   831.000000              15
   832.000000              15
   833.000000              15
   834.000000              15
   835.000000              15
   836.000000              15
   837.000000              15
   838.000000              15
   839.000000              15
   840.000000              15
   841.000000              15
   842.000000              15
   843.000000              15
   844.000000              15
   845.000000              15
   846.000000              15
   847.000000              15
   848.000000              15
   849.000000              15
   850.000000              15
   851.000000              15
   852.000000              15
   853.000000              15
   854.000000              15
   855.000000              15
   856.000000              15
   857.000000              15
   858.000000              15
   859.000000              15
   860.000000              15
   861.000000              15
   862.000000              15
   863.000000              15
   864.000000              15
   865.000000              15
   866.000000              15
   867.000000              15
   868.000000              15
   869.000000              15
   870.000000              15
   871.000000              15
   872.000000              15
   873.000000              15
   874.000000              15
   875.000000              15
   876.000000              15
   877.000000              16
   878.000000              16
   879.000000              16
   880.000000              16
   881.000000              16
   882.000000              16
   883.000000              16
   884.000000              16
   885.000000              16
   886.000000              16
   887.000000              16
   888.000000              16
   889.000000              16
   890.000000              16
   891.000000              16
   892.000000              16
   893.000000              16
   894.000000              16
   895.000000              16
   896.000000              16
   897.000000              16
   898.000000              16
   899.000000              16
   900.000000              16
   901.000000              16
   902.000000              16
   903.000000              16
   904.000000              16
   905.000000              16
   906.000000              16
   907.000000              16
   908.000000              16
   909.000000              16
   910.000000              16
   911.000000              16
   912.000000              16
   913.000000              16
   914.000000              16
   915.000000              16
   916.000000              16
   917.000000              16
   918.000000              16
   919.000000              16
   920.000000              16
   921.000000              17
   922.000000              17
   923.000000              17
   924.000000              17
   925.000000              17
   926.000000              17
   927.000000              17
   928.000000              17
   929.000000              17
   930.000000              17
   931.000000              17
   932.000000              17
   933.000000              17
   934.000000              17
   935.000000              17
   936.000000              17
   937.000000              17
   938.000000              17
   939.000000              17
   940.000000              17
   941.000000              17
   942.000000              17
   943.000000              17
   944.000000              17
   945.000000              17
   946.000000              17
   947.000000              17
   948.000000              17
   949.000000              17
   950.000000              17
   951.000000              17
   952.000000              17
   953.000000              17
   954.000000              17
   955.000000              17
   956.000000              17
   957.000000              17
   958.000000              17
   959.000000              17
   960.000000              17
   961.000000              17
   962.000000              17
   963.000000              17
   964.000000              17
   965.000000              17
   966.000000              17
   967.000000              17
   968.000000              17
   969.000000              17
   970.000000              17
   971.000000              17
   972.000000              17
   973.000000              17
   974.000000              17
   975.000000              17
   976.000000              17
   977.000000              17
   978.000000              17
   979.000000              17
   980.000000              18
   981.000000              18
   982.000000              18
   983.000000              18
   984.000000              18
   985.000000              18
   986.000000              18
   987.000000              18
   988.000000              18
   989.000000              18
   990.000000              18
   991.000000              18
   992.000000              18
   993.000000              18
   994.000000              18
   995.000000              18
   996.000000              18
   997.000000              18
   998.000000              18
   999.000000              18
   1000.00000              18
