 Permeation events over simulation time.
 t(ns) Number of events
   0.00000000               0
   1.00000000               0
   2.00000000               0
   3.00000000               0
   4.00000000               0
   5.00000000               0
   6.00000000               0
   7.00000000               0
   8.00000000               0
   9.00000000               0
   10.0000000               0
   11.0000000               0
   12.0000000               0
   13.0000000               0
   14.0000000               0
   15.0000000               0
   16.0000000               0
   17.0000000               0
   18.0000000               0
   19.0000000               0
   20.0000000               0
   21.0000000               0
   22.0000000               0
   23.0000000               0
   24.0000000               0
   25.0000000               0
   26.0000000               0
   27.0000000               0
   28.0000000               0
   29.0000000               0
   30.0000000               0
   31.0000000               0
   32.0000000               0
   33.0000000               0
   34.0000000               0
   35.0000000               0
   36.0000000               0
   37.0000000               0
   38.0000000               0
   39.0000000               0
   40.0000000               0
   41.0000000               0
   42.0000000               0
   43.0000000               0
   44.0000000               0
   45.0000000               0
   46.0000000               0
   47.0000000               0
   48.0000000               0
   49.0000000               0
   50.0000000               0
   51.0000000               0
   52.0000000               0
   53.0000000               0
   54.0000000               0
   55.0000000               0
   56.0000000               0
   57.0000000               0
   58.0000000               0
   59.0000000               0
   60.0000000               0
   61.0000000               0
   62.0000000               0
   63.0000000               0
   64.0000000               0
   65.0000000               0
   66.0000000               0
   67.0000000               0
   68.0000000               0
   69.0000000               0
   70.0000000               0
   71.0000000               0
   72.0000000               0
   73.0000000               0
   74.0000000               0
   75.0000000               0
   76.0000000               0
   77.0000000               0
   78.0000000               0
   79.0000000               0
   80.0000000               0
   81.0000000               0
   82.0000000               0
   83.0000000               0
   84.0000000               0
   85.0000000               0
   86.0000000               0
   87.0000000               0
   88.0000000               0
   89.0000000               0
   90.0000000               0
   91.0000000               0
   92.0000000               0
   93.0000000               0
   94.0000000               0
   95.0000000               0
   96.0000000               0
   97.0000000               0
   98.0000000               0
   99.0000000               0
   100.000000               0
   101.000000               0
   102.000000               0
   103.000000               0
   104.000000               0
   105.000000               0
   106.000000               0
   107.000000               0
   108.000000               0
   109.000000               0
   110.000000               0
   111.000000               0
   112.000000               0
   113.000000               0
   114.000000               0
   115.000000               0
   116.000000               0
   117.000000               0
   118.000000               0
   119.000000               0
   120.000000               0
   121.000000               0
   122.000000               0
   123.000000               0
   124.000000               0
   125.000000               0
   126.000000               0
   127.000000               0
   128.000000               0
   129.000000               0
   130.000000               0
   131.000000               0
   132.000000               0
   133.000000               0
   134.000000               0
   135.000000               0
   136.000000               0
   137.000000               0
   138.000000               0
   139.000000               0
   140.000000               0
   141.000000               0
   142.000000               0
   143.000000               0
   144.000000               0
   145.000000               0
   146.000000               0
   147.000000               0
   148.000000               0
   149.000000               0
   150.000000               0
   151.000000               0
   152.000000               0
   153.000000               0
   154.000000               0
   155.000000               1
   156.000000               2
   157.000000               2
   158.000000               2
   159.000000               2
   160.000000               2
   161.000000               2
   162.000000               2
   163.000000               2
   164.000000               2
   165.000000               2
   166.000000               2
   167.000000               2
   168.000000               2
   169.000000               2
   170.000000               2
   171.000000               2
   172.000000               2
   173.000000               2
   174.000000               2
   175.000000               2
   176.000000               2
   177.000000               2
   178.000000               2
   179.000000               2
   180.000000               2
   181.000000               2
   182.000000               2
   183.000000               2
   184.000000               2
   185.000000               3
   186.000000               4
   187.000000               5
   188.000000               5
   189.000000               5
   190.000000               5
   191.000000               5
   192.000000               5
   193.000000               5
   194.000000               5
   195.000000               5
   196.000000               5
   197.000000               5
   198.000000               5
   199.000000               5
   200.000000               5
   201.000000               5
   202.000000               5
   203.000000               5
   204.000000               5
   205.000000               5
   206.000000               5
   207.000000               5
   208.000000               5
   209.000000               5
   210.000000               5
   211.000000               5
   212.000000               5
   213.000000               5
   214.000000               5
   215.000000               5
   216.000000               5
   217.000000               5
   218.000000               5
   219.000000               5
   220.000000               5
   221.000000               5
   222.000000               5
   223.000000               5
   224.000000               5
   225.000000               5
   226.000000               5
   227.000000               5
   228.000000               5
   229.000000               5
   230.000000               5
   231.000000               5
   232.000000               5
   233.000000               5
   234.000000               5
   235.000000               5
   236.000000               5
   237.000000               5
   238.000000               5
   239.000000               5
   240.000000               5
   241.000000               5
   242.000000               5
   243.000000               5
   244.000000               5
   245.000000               5
   246.000000               5
   247.000000               5
   248.000000               5
   249.000000               5
   250.000000               5
   251.000000               5
   252.000000               5
   253.000000               5
   254.000000               5
   255.000000               5
   256.000000               5
   257.000000               5
   258.000000               5
   259.000000               5
   260.000000               5
   261.000000               6
   262.000000               7
   263.000000               7
   264.000000               7
   265.000000               7
   266.000000               7
   267.000000               7
   268.000000               7
   269.000000               7
   270.000000               7
   271.000000               7
   272.000000               7
   273.000000               7
   274.000000               7
   275.000000               7
   276.000000               7
   277.000000               7
   278.000000               7
   279.000000               7
   280.000000               7
   281.000000               7
   282.000000               7
   283.000000               7
   284.000000               7
   285.000000               7
   286.000000               7
   287.000000               7
   288.000000               7
   289.000000               7
   290.000000               7
   291.000000               7
   292.000000               7
   293.000000               7
   294.000000               7
   295.000000               7
   296.000000               7
   297.000000               7
   298.000000               7
   299.000000               7
   300.000000               7
   301.000000               7
   302.000000               7
   303.000000               7
   304.000000               7
   305.000000               7
   306.000000               7
   307.000000               7
   308.000000               7
   309.000000               7
   310.000000               7
   311.000000               7
   312.000000               7
   313.000000               7
   314.000000               7
   315.000000               7
   316.000000               7
   317.000000               7
   318.000000               7
   319.000000               7
   320.000000               7
   321.000000               7
   322.000000               7
   323.000000               7
   324.000000               7
   325.000000               7
   326.000000               7
   327.000000               8
   328.000000               9
   329.000000              10
   330.000000              10
   331.000000              10
   332.000000              10
   333.000000              10
   334.000000              10
   335.000000              10
   336.000000              10
   337.000000              10
   338.000000              10
   339.000000              10
   340.000000              10
   341.000000              10
   342.000000              10
   343.000000              10
   344.000000              10
   345.000000              10
   346.000000              10
   347.000000              10
   348.000000              10
   349.000000              10
   350.000000              10
   351.000000              10
   352.000000              10
   353.000000              10
   354.000000              10
   355.000000              10
   356.000000              10
   357.000000              10
   358.000000              10
   359.000000              10
   360.000000              10
   361.000000              10
   362.000000              10
   363.000000              10
   364.000000              10
   365.000000              10
   366.000000              10
   367.000000              10
   368.000000              10
   369.000000              10
   370.000000              10
   371.000000              10
   372.000000              10
   373.000000              10
   374.000000              10
   375.000000              10
   376.000000              10
   377.000000              10
   378.000000              10
   379.000000              10
   380.000000              10
   381.000000              10
   382.000000              10
   383.000000              10
   384.000000              10
   385.000000              10
   386.000000              10
   387.000000              10
   388.000000              10
   389.000000              10
   390.000000              10
   391.000000              10
   392.000000              10
   393.000000              10
   394.000000              10
   395.000000              10
   396.000000              10
   397.000000              10
   398.000000              11
   399.000000              12
   400.000000              13
   401.000000              13
   402.000000              13
   403.000000              13
   404.000000              13
   405.000000              13
   406.000000              13
   407.000000              13
   408.000000              13
   409.000000              13
   410.000000              13
   411.000000              13
   412.000000              13
   413.000000              13
   414.000000              13
   415.000000              13
   416.000000              13
   417.000000              13
   418.000000              13
   419.000000              13
   420.000000              13
   421.000000              13
   422.000000              13
   423.000000              13
   424.000000              13
   425.000000              13
   426.000000              13
   427.000000              13
   428.000000              13
   429.000000              13
   430.000000              13
   431.000000              13
   432.000000              13
   433.000000              13
   434.000000              13
   435.000000              13
   436.000000              13
   437.000000              13
   438.000000              13
   439.000000              13
   440.000000              13
   441.000000              13
   442.000000              13
   443.000000              13
   444.000000              13
   445.000000              13
   446.000000              13
   447.000000              13
   448.000000              13
   449.000000              13
   450.000000              13
   451.000000              13
   452.000000              13
   453.000000              13
   454.000000              13
   455.000000              13
   456.000000              13
   457.000000              13
   458.000000              13
   459.000000              13
   460.000000              13
   461.000000              13
   462.000000              13
   463.000000              13
   464.000000              13
   465.000000              13
   466.000000              13
   467.000000              13
   468.000000              13
   469.000000              13
   470.000000              13
   471.000000              13
   472.000000              13
   473.000000              13
   474.000000              13
   475.000000              13
   476.000000              13
   477.000000              13
   478.000000              13
   479.000000              13
   480.000000              13
   481.000000              13
   482.000000              13
   483.000000              13
   484.000000              13
   485.000000              13
   486.000000              13
   487.000000              13
   488.000000              13
   489.000000              13
   490.000000              13
   491.000000              13
   492.000000              13
   493.000000              13
   494.000000              13
   495.000000              13
   496.000000              13
   497.000000              13
   498.000000              13
   499.000000              13
   500.000000              13
   501.000000              13
   502.000000              13
   503.000000              13
   504.000000              13
   505.000000              13
   506.000000              13
   507.000000              13
   508.000000              13
   509.000000              13
   510.000000              13
   511.000000              13
   512.000000              13
   513.000000              13
   514.000000              13
   515.000000              13
   516.000000              13
   517.000000              13
   518.000000              13
   519.000000              13
   520.000000              13
   521.000000              13
   522.000000              13
   523.000000              13
   524.000000              13
   525.000000              13
   526.000000              13
   527.000000              13
   528.000000              13
   529.000000              13
   530.000000              13
   531.000000              13
   532.000000              13
   533.000000              13
   534.000000              13
   535.000000              13
   536.000000              13
   537.000000              13
   538.000000              13
   539.000000              13
   540.000000              13
   541.000000              13
   542.000000              13
   543.000000              13
   544.000000              13
   545.000000              13
   546.000000              13
   547.000000              13
   548.000000              13
   549.000000              13
   550.000000              13
   551.000000              13
   552.000000              13
   553.000000              13
   554.000000              13
   555.000000              13
   556.000000              13
   557.000000              13
   558.000000              13
   559.000000              13
   560.000000              13
   561.000000              13
   562.000000              13
   563.000000              13
   564.000000              13
   565.000000              13
   566.000000              13
   567.000000              13
   568.000000              13
   569.000000              13
   570.000000              13
   571.000000              13
   572.000000              13
   573.000000              13
   574.000000              13
   575.000000              13
   576.000000              13
   577.000000              13
   578.000000              13
   579.000000              13
   580.000000              13
   581.000000              13
   582.000000              13
   583.000000              13
   584.000000              14
   585.000000              15
   586.000000              16
   587.000000              16
   588.000000              16
   589.000000              16
   590.000000              16
   591.000000              16
   592.000000              16
   593.000000              16
   594.000000              16
   595.000000              16
   596.000000              16
   597.000000              16
   598.000000              16
   599.000000              16
   600.000000              16
   601.000000              16
   602.000000              16
   603.000000              16
   604.000000              16
   605.000000              16
   606.000000              16
   607.000000              16
   608.000000              16
   609.000000              16
   610.000000              16
   611.000000              16
   612.000000              16
   613.000000              16
   614.000000              16
   615.000000              16
   616.000000              16
   617.000000              16
   618.000000              16
   619.000000              16
   620.000000              16
   621.000000              16
   622.000000              16
   623.000000              16
   624.000000              16
   625.000000              17
   626.000000              18
   627.000000              18
   628.000000              18
   629.000000              18
   630.000000              18
   631.000000              18
   632.000000              18
   633.000000              18
   634.000000              18
   635.000000              18
   636.000000              18
   637.000000              18
   638.000000              18
   639.000000              18
   640.000000              18
   641.000000              18
   642.000000              18
   643.000000              18
   644.000000              18
   645.000000              18
   646.000000              18
   647.000000              18
   648.000000              18
   649.000000              18
   650.000000              18
   651.000000              18
   652.000000              18
   653.000000              18
   654.000000              18
   655.000000              18
   656.000000              18
   657.000000              18
   658.000000              19
   659.000000              20
   660.000000              20
   661.000000              20
   662.000000              20
   663.000000              20
   664.000000              20
   665.000000              20
   666.000000              20
   667.000000              20
   668.000000              20
   669.000000              20
   670.000000              20
   671.000000              20
   672.000000              20
   673.000000              20
   674.000000              20
   675.000000              20
   676.000000              20
   677.000000              20
   678.000000              20
   679.000000              20
   680.000000              21
   681.000000              22
   682.000000              23
   683.000000              23
   684.000000              23
   685.000000              23
   686.000000              23
   687.000000              23
   688.000000              23
   689.000000              23
   690.000000              23
   691.000000              23
   692.000000              24
   693.000000              25
   694.000000              25
   695.000000              25
   696.000000              25
   697.000000              25
   698.000000              25
   699.000000              25
   700.000000              25
   701.000000              25
   702.000000              25
   703.000000              25
   704.000000              25
   705.000000              25
   706.000000              25
   707.000000              25
   708.000000              25
   709.000000              25
   710.000000              25
   711.000000              25
   712.000000              25
   713.000000              25
   714.000000              25
   715.000000              25
   716.000000              25
   717.000000              25
   718.000000              25
   719.000000              25
   720.000000              25
   721.000000              25
   722.000000              25
   723.000000              25
   724.000000              25
   725.000000              25
   726.000000              25
   727.000000              25
   728.000000              25
   729.000000              25
   730.000000              25
   731.000000              25
   732.000000              25
   733.000000              25
   734.000000              25
   735.000000              25
   736.000000              25
   737.000000              25
   738.000000              25
   739.000000              25
   740.000000              25
   741.000000              25
   742.000000              25
   743.000000              25
   744.000000              25
   745.000000              25
   746.000000              25
   747.000000              26
   748.000000              27
   749.000000              28
   750.000000              28
   751.000000              28
   752.000000              28
   753.000000              28
   754.000000              28
   755.000000              28
   756.000000              28
   757.000000              28
   758.000000              28
   759.000000              28
   760.000000              28
   761.000000              28
   762.000000              28
   763.000000              28
   764.000000              28
   765.000000              28
   766.000000              28
   767.000000              28
   768.000000              28
   769.000000              28
   770.000000              28
   771.000000              28
   772.000000              28
   773.000000              28
   774.000000              28
   775.000000              28
   776.000000              28
   777.000000              28
   778.000000              28
   779.000000              28
   780.000000              28
   781.000000              28
   782.000000              28
   783.000000              28
   784.000000              28
   785.000000              28
   786.000000              28
   787.000000              28
   788.000000              28
   789.000000              28
   790.000000              28
   791.000000              28
   792.000000              28
   793.000000              28
   794.000000              28
   795.000000              28
   796.000000              28
   797.000000              28
   798.000000              28
   799.000000              28
   800.000000              28
   801.000000              28
   802.000000              28
   803.000000              28
   804.000000              28
   805.000000              28
   806.000000              28
   807.000000              28
   808.000000              28
   809.000000              28
   810.000000              28
   811.000000              28
   812.000000              28
   813.000000              28
   814.000000              28
   815.000000              28
   816.000000              28
   817.000000              28
   818.000000              28
   819.000000              28
   820.000000              28
   821.000000              28
   822.000000              28
   823.000000              28
   824.000000              28
   825.000000              28
   826.000000              28
   827.000000              28
   828.000000              28
   829.000000              28
   830.000000              28
   831.000000              28
   832.000000              28
   833.000000              28
   834.000000              28
   835.000000              28
   836.000000              28
   837.000000              28
   838.000000              28
   839.000000              28
   840.000000              28
   841.000000              28
   842.000000              28
   843.000000              28
   844.000000              28
   845.000000              28
   846.000000              28
   847.000000              28
   848.000000              28
   849.000000              28
   850.000000              28
   851.000000              28
   852.000000              28
   853.000000              29
   854.000000              30
   855.000000              30
   856.000000              30
   857.000000              30
   858.000000              30
   859.000000              30
   860.000000              30
   861.000000              30
   862.000000              30
   863.000000              30
   864.000000              30
   865.000000              30
   866.000000              30
   867.000000              30
   868.000000              30
   869.000000              30
   870.000000              30
   871.000000              30
   872.000000              30
   873.000000              30
   874.000000              30
   875.000000              30
   876.000000              30
   877.000000              30
   878.000000              30
   879.000000              30
   880.000000              30
   881.000000              30
   882.000000              30
   883.000000              30
   884.000000              30
   885.000000              30
   886.000000              30
   887.000000              30
   888.000000              30
   889.000000              31
   890.000000              32
   891.000000              32
   892.000000              32
   893.000000              32
   894.000000              32
   895.000000              32
   896.000000              32
   897.000000              32
   898.000000              32
   899.000000              32
   900.000000              32
