 Permeation events over simulation time.
 t(ns) Number of events
   0.00000000               0
   1.00000000               0
   2.00000000               0
   3.00000000               0
   4.00000000               0
   5.00000000               0
   6.00000000               0
   7.00000000               0
   8.00000000               0
   9.00000000               0
   10.0000000               1
   11.0000000               2
   12.0000000               2
   13.0000000               2
   14.0000000               3
   15.0000000               4
   16.0000000               4
   17.0000000               4
   18.0000000               4
   19.0000000               4
   20.0000000               5
   21.0000000               7
   22.0000000               8
   23.0000000               8
   24.0000000               8
   25.0000000               9
   26.0000000              10
   27.0000000              11
   28.0000000              11
   29.0000000              11
   30.0000000              11
   31.0000000              11
   32.0000000              11
   33.0000000              11
   34.0000000              11
   35.0000000              11
   36.0000000              11
   37.0000000              11
   38.0000000              11
   39.0000000              11
   40.0000000              12
   41.0000000              13
   42.0000000              14
   43.0000000              14
   44.0000000              14
   45.0000000              14
   46.0000000              14
   47.0000000              15
   48.0000000              16
   49.0000000              16
   50.0000000              17
   51.0000000              17
   52.0000000              18
   53.0000000              18
   54.0000000              18
   55.0000000              19
   56.0000000              19
   57.0000000              19
   58.0000000              19
   59.0000000              20
   60.0000000              20
   61.0000000              20
   62.0000000              20
   63.0000000              20
   64.0000000              21
   65.0000000              22
   66.0000000              22
   67.0000000              22
   68.0000000              22
   69.0000000              22
   70.0000000              22
   71.0000000              23
   72.0000000              24
   73.0000000              25
   74.0000000              26
   75.0000000              26
   76.0000000              27
   77.0000000              27
   78.0000000              27
   79.0000000              27
   80.0000000              27
   81.0000000              27
   82.0000000              27
   83.0000000              28
   84.0000000              28
   85.0000000              28
   86.0000000              28
   87.0000000              28
   88.0000000              28
   89.0000000              29
   90.0000000              31
   91.0000000              32
   92.0000000              32
   93.0000000              32
   94.0000000              32
   95.0000000              32
   96.0000000              32
   97.0000000              32
   98.0000000              32
   99.0000000              32
   100.000000              32
   101.000000              33
   102.000000              35
   103.000000              37
   104.000000              38
   105.000000              39
   106.000000              40
   107.000000              41
   108.000000              42
   109.000000              43
   110.000000              43
   111.000000              43
   112.000000              43
   113.000000              43
   114.000000              44
   115.000000              45
   116.000000              45
   117.000000              45
   118.000000              45
   119.000000              45
   120.000000              45
   121.000000              45
   122.000000              45
   123.000000              45
   124.000000              46
   125.000000              47
   126.000000              48
   127.000000              49
   128.000000              49
   129.000000              49
   130.000000              49
   131.000000              49
   132.000000              49
   133.000000              49
   134.000000              49
   135.000000              49
   136.000000              49
   137.000000              50
   138.000000              51
   139.000000              51
   140.000000              51
   141.000000              51
   142.000000              51
   143.000000              51
   144.000000              51
   145.000000              51
   146.000000              51
   147.000000              51
   148.000000              51
   149.000000              51
   150.000000              51
   151.000000              51
   152.000000              52
   153.000000              53
   154.000000              54
   155.000000              54
   156.000000              54
   157.000000              54
   158.000000              54
   159.000000              54
   160.000000              54
   161.000000              54
   162.000000              54
   163.000000              54
   164.000000              55
   165.000000              55
   166.000000              55
   167.000000              55
   168.000000              55
   169.000000              55
   170.000000              55
   171.000000              55
   172.000000              55
   173.000000              55
   174.000000              55
   175.000000              55
   176.000000              56
   177.000000              58
   178.000000              59
   179.000000              59
   180.000000              59
   181.000000              59
   182.000000              59
   183.000000              59
   184.000000              59
   185.000000              59
   186.000000              59
   187.000000              59
   188.000000              59
   189.000000              59
   190.000000              59
   191.000000              59
   192.000000              59
   193.000000              59
   194.000000              59
   195.000000              59
   196.000000              59
   197.000000              60
   198.000000              61
   199.000000              62
   200.000000              63
   201.000000              63
   202.000000              63
   203.000000              63
   204.000000              63
   205.000000              63
   206.000000              64
   207.000000              65
   208.000000              65
   209.000000              66
   210.000000              67
   211.000000              67
   212.000000              67
   213.000000              67
   214.000000              67
   215.000000              67
   216.000000              67
   217.000000              67
   218.000000              67
   219.000000              69
   220.000000              71
   221.000000              71
   222.000000              71
   223.000000              71
   224.000000              71
   225.000000              71
   226.000000              71
   227.000000              71
   228.000000              71
   229.000000              71
   230.000000              71
   231.000000              73
   232.000000              75
   233.000000              75
   234.000000              75
   235.000000              76
   236.000000              76
   237.000000              76
   238.000000              76
   239.000000              76
   240.000000              76
   241.000000              76
   242.000000              76
   243.000000              76
   244.000000              76
   245.000000              76
   246.000000              76
   247.000000              77
   248.000000              78
   249.000000              79
   250.000000              81
   251.000000              82
   252.000000              82
   253.000000              82
   254.000000              82
   255.000000              82
   256.000000              82
   257.000000              82
   258.000000              82
   259.000000              82
   260.000000              82
   261.000000              82
   262.000000              82
   263.000000              82
   264.000000              82
   265.000000              84
   266.000000              86
   267.000000              87
   268.000000              88
   269.000000              88
   270.000000              88
   271.000000              89
   272.000000              90
   273.000000              91
   274.000000              92
   275.000000              93
   276.000000              94
   277.000000              94
   278.000000              94
   279.000000              94
   280.000000              94
   281.000000              94
   282.000000              94
   283.000000              94
   284.000000              94
   285.000000              94
   286.000000              94
   287.000000              95
   288.000000              96
   289.000000              96
   290.000000              96
   291.000000              97
   292.000000              97
   293.000000              97
   294.000000              97
   295.000000              97
   296.000000              97
   297.000000              97
   298.000000              97
   299.000000              97
   300.000000              97
   301.000000              98
   302.000000              99
   303.000000              99
   304.000000              99
   305.000000              99
   306.000000              99
   307.000000              99
   308.000000              99
   309.000000              99
   310.000000              99
   311.000000              99
   312.000000              99
   313.000000              99
   314.000000              99
   315.000000             100
   316.000000             101
   317.000000             101
   318.000000             102
   319.000000             102
   320.000000             103
   321.000000             104
   322.000000             104
   323.000000             104
   324.000000             104
   325.000000             104
   326.000000             105
   327.000000             106
   328.000000             107
   329.000000             108
   330.000000             108
   331.000000             108
   332.000000             108
   333.000000             108
   334.000000             108
   335.000000             108
   336.000000             108
   337.000000             108
   338.000000             108
   339.000000             108
   340.000000             108
   341.000000             108
   342.000000             110
   343.000000             112
   344.000000             114
   345.000000             116
   346.000000             117
   347.000000             117
   348.000000             117
   349.000000             117
   350.000000             117
   351.000000             117
   352.000000             117
   353.000000             117
   354.000000             117
   355.000000             117
   356.000000             117
   357.000000             117
   358.000000             117
   359.000000             117
   360.000000             117
   361.000000             119
   362.000000             120
   363.000000             120
   364.000000             120
   365.000000             120
   366.000000             121
   367.000000             122
   368.000000             122
   369.000000             123
   370.000000             124
   371.000000             124
   372.000000             124
   373.000000             124
   374.000000             124
   375.000000             124
   376.000000             125
   377.000000             127
   378.000000             128
   379.000000             128
   380.000000             129
   381.000000             129
   382.000000             129
   383.000000             129
   384.000000             129
   385.000000             129
   386.000000             129
   387.000000             129
   388.000000             129
   389.000000             129
   390.000000             129
   391.000000             129
   392.000000             129
   393.000000             129
   394.000000             130
   395.000000             131
   396.000000             131
   397.000000             131
   398.000000             131
   399.000000             131
   400.000000             131
   401.000000             131
   402.000000             131
   403.000000             132
   404.000000             133
   405.000000             133
   406.000000             134
   407.000000             135
   408.000000             136
   409.000000             136
   410.000000             136
   411.000000             136
   412.000000             137
   413.000000             138
   414.000000             138
   415.000000             138
   416.000000             138
   417.000000             138
   418.000000             138
   419.000000             139
   420.000000             140
   421.000000             140
   422.000000             141
   423.000000             142
   424.000000             142
   425.000000             142
   426.000000             142
   427.000000             143
   428.000000             144
   429.000000             144
   430.000000             144
   431.000000             145
   432.000000             146
   433.000000             146
   434.000000             146
   435.000000             146
   436.000000             146
   437.000000             146
   438.000000             146
   439.000000             147
   440.000000             147
   441.000000             147
   442.000000             147
   443.000000             147
   444.000000             147
   445.000000             147
   446.000000             147
   447.000000             147
   448.000000             147
   449.000000             147
   450.000000             147
   451.000000             147
   452.000000             147
   453.000000             147
   454.000000             147
   455.000000             148
   456.000000             149
   457.000000             149
   458.000000             149
   459.000000             149
   460.000000             149
   461.000000             149
   462.000000             149
   463.000000             149
   464.000000             149
   465.000000             149
   466.000000             149
   467.000000             150
   468.000000             151
   469.000000             151
   470.000000             151
   471.000000             151
   472.000000             151
   473.000000             151
   474.000000             151
   475.000000             152
   476.000000             154
   477.000000             155
   478.000000             158
   479.000000             159
   480.000000             159
   481.000000             159
   482.000000             159
   483.000000             159
   484.000000             159
   485.000000             159
   486.000000             159
   487.000000             159
   488.000000             159
   489.000000             159
   490.000000             159
   491.000000             160
   492.000000             160
   493.000000             160
   494.000000             160
   495.000000             160
   496.000000             160
   497.000000             161
   498.000000             162
   499.000000             163
   500.000000             163
   501.000000             163
   502.000000             164
   503.000000             167
   504.000000             169
   505.000000             169
   506.000000             169
   507.000000             169
   508.000000             170
   509.000000             171
   510.000000             171
   511.000000             171
   512.000000             171
   513.000000             171
   514.000000             172
   515.000000             174
   516.000000             176
   517.000000             177
   518.000000             177
   519.000000             177
   520.000000             177
   521.000000             177
   522.000000             177
   523.000000             178
   524.000000             179
   525.000000             179
   526.000000             179
   527.000000             179
   528.000000             179
   529.000000             179
   530.000000             179
   531.000000             179
   532.000000             179
   533.000000             179
   534.000000             179
   535.000000             179
   536.000000             179
   537.000000             179
   538.000000             179
   539.000000             179
   540.000000             179
   541.000000             179
   542.000000             179
   543.000000             179
   544.000000             180
   545.000000             183
   546.000000             184
   547.000000             184
   548.000000             184
   549.000000             184
   550.000000             184
   551.000000             184
   552.000000             184
   553.000000             184
   554.000000             184
   555.000000             185
   556.000000             186
   557.000000             186
   558.000000             186
   559.000000             186
   560.000000             186
   561.000000             186
   562.000000             186
   563.000000             186
   564.000000             186
   565.000000             186
   566.000000             186
   567.000000             186
   568.000000             186
   569.000000             186
   570.000000             186
   571.000000             186
   572.000000             187
   573.000000             189
   574.000000             190
   575.000000             190
   576.000000             190
   577.000000             190
   578.000000             190
   579.000000             190
   580.000000             190
   581.000000             190
   582.000000             190
   583.000000             190
   584.000000             190
   585.000000             190
   586.000000             190
   587.000000             190
   588.000000             190
   589.000000             190
   590.000000             191
   591.000000             192
   592.000000             192
   593.000000             194
   594.000000             196
   595.000000             197
   596.000000             198
   597.000000             198
   598.000000             198
   599.000000             198
   600.000000             198
   601.000000             198
   602.000000             198
   603.000000             199
   604.000000             200
   605.000000             200
   606.000000             200
   607.000000             200
   608.000000             201
   609.000000             201
   610.000000             201
   611.000000             201
   612.000000             201
   613.000000             202
   614.000000             203
   615.000000             203
   616.000000             203
   617.000000             203
   618.000000             203
   619.000000             204
   620.000000             204
   621.000000             204
   622.000000             204
   623.000000             205
   624.000000             208
   625.000000             211
   626.000000             212
   627.000000             212
   628.000000             212
   629.000000             212
   630.000000             213
   631.000000             214
   632.000000             214
   633.000000             214
   634.000000             214
   635.000000             214
   636.000000             215
   637.000000             216
   638.000000             216
   639.000000             216
   640.000000             216
   641.000000             216
   642.000000             216
   643.000000             216
   644.000000             217
   645.000000             217
   646.000000             217
   647.000000             217
   648.000000             218
   649.000000             219
   650.000000             219
   651.000000             219
   652.000000             219
   653.000000             219
   654.000000             219
   655.000000             220
   656.000000             220
   657.000000             220
   658.000000             220
   659.000000             221
   660.000000             222
   661.000000             222
   662.000000             222
   663.000000             222
   664.000000             223
   665.000000             224
   666.000000             225
   667.000000             225
   668.000000             226
   669.000000             227
   670.000000             227
   671.000000             227
   672.000000             227
   673.000000             227
   674.000000             227
   675.000000             227
   676.000000             227
   677.000000             227
   678.000000             227
   679.000000             227
   680.000000             227
   681.000000             227
   682.000000             228
   683.000000             229
   684.000000             229
   685.000000             229
   686.000000             229
   687.000000             229
   688.000000             229
   689.000000             229
   690.000000             229
   691.000000             231
   692.000000             232
   693.000000             232
   694.000000             233
   695.000000             234
   696.000000             234
   697.000000             234
   698.000000             234
   699.000000             234
   700.000000             234
   701.000000             234
   702.000000             234
   703.000000             234
   704.000000             234
   705.000000             234
   706.000000             234
   707.000000             234
   708.000000             234
   709.000000             234
   710.000000             234
   711.000000             235
   712.000000             237
   713.000000             238
   714.000000             238
   715.000000             241
   716.000000             243
   717.000000             244
   718.000000             244
   719.000000             245
   720.000000             246
   721.000000             247
   722.000000             247
   723.000000             247
   724.000000             247
   725.000000             247
   726.000000             247
   727.000000             247
   728.000000             247
   729.000000             247
   730.000000             248
   731.000000             249
   732.000000             249
   733.000000             250
   734.000000             252
   735.000000             252
   736.000000             253
   737.000000             254
   738.000000             254
   739.000000             254
   740.000000             254
   741.000000             254
   742.000000             254
   743.000000             254
   744.000000             254
   745.000000             254
   746.000000             254
   747.000000             254
   748.000000             254
   749.000000             254
   750.000000             254
   751.000000             254
   752.000000             254
   753.000000             255
   754.000000             255
   755.000000             255
   756.000000             255
   757.000000             255
   758.000000             255
   759.000000             255
   760.000000             255
   761.000000             255
   762.000000             255
   763.000000             255
   764.000000             255
   765.000000             255
   766.000000             255
   767.000000             255
   768.000000             255
   769.000000             255
   770.000000             256
   771.000000             257
   772.000000             257
   773.000000             257
   774.000000             257
   775.000000             257
   776.000000             257
   777.000000             258
   778.000000             259
   779.000000             259
   780.000000             259
   781.000000             259
   782.000000             259
   783.000000             259
   784.000000             259
   785.000000             259
   786.000000             259
   787.000000             260
   788.000000             261
   789.000000             261
   790.000000             261
   791.000000             261
   792.000000             261
   793.000000             261
   794.000000             261
   795.000000             261
   796.000000             261
   797.000000             261
   798.000000             261
   799.000000             261
   800.000000             261
   801.000000             261
   802.000000             261
   803.000000             262
   804.000000             263
   805.000000             263
   806.000000             263
   807.000000             263
   808.000000             263
   809.000000             263
   810.000000             263
   811.000000             263
   812.000000             264
   813.000000             264
   814.000000             264
   815.000000             264
   816.000000             264
   817.000000             264
   818.000000             264
   819.000000             264
   820.000000             265
   821.000000             265
   822.000000             265
   823.000000             265
   824.000000             265
   825.000000             265
   826.000000             265
   827.000000             266
   828.000000             267
   829.000000             267
   830.000000             269
   831.000000             271
   832.000000             271
   833.000000             271
   834.000000             271
   835.000000             271
   836.000000             271
   837.000000             271
   838.000000             271
   839.000000             271
   840.000000             271
   841.000000             271
   842.000000             271
   843.000000             271
   844.000000             273
   845.000000             274
   846.000000             275
   847.000000             276
   848.000000             277
   849.000000             278
   850.000000             279
   851.000000             281
   852.000000             283
   853.000000             283
   854.000000             284
   855.000000             284
   856.000000             284
   857.000000             284
   858.000000             284
   859.000000             284
   860.000000             285
   861.000000             286
   862.000000             286
   863.000000             286
   864.000000             286
   865.000000             286
   866.000000             286
   867.000000             286
   868.000000             286
   869.000000             286
   870.000000             286
   871.000000             287
   872.000000             288
   873.000000             288
   874.000000             288
   875.000000             289
   876.000000             291
   877.000000             292
   878.000000             292
   879.000000             293
   880.000000             294
   881.000000             295
   882.000000             298
   883.000000             301
   884.000000             303
   885.000000             303
   886.000000             303
   887.000000             304
   888.000000             305
   889.000000             305
   890.000000             305
   891.000000             305
   892.000000             305
   893.000000             305
   894.000000             305
   895.000000             305
   896.000000             305
   897.000000             305
   898.000000             305
   899.000000             305
   900.000000             305
   901.000000             305
   902.000000             305
   903.000000             306
   904.000000             308
   905.000000             310
   906.000000             310
   907.000000             310
   908.000000             310
   909.000000             310
   910.000000             311
   911.000000             313
   912.000000             314
   913.000000             315
   914.000000             317
   915.000000             317
   916.000000             317
   917.000000             317
   918.000000             317
   919.000000             317
   920.000000             317
   921.000000             317
   922.000000             317
   923.000000             317
   924.000000             317
   925.000000             317
   926.000000             317
   927.000000             317
   928.000000             317
   929.000000             318
   930.000000             319
   931.000000             319
   932.000000             319
   933.000000             319
   934.000000             319
   935.000000             319
   936.000000             319
   937.000000             319
   938.000000             320
   939.000000             321
   940.000000             322
   941.000000             322
   942.000000             322
   943.000000             322
   944.000000             322
   945.000000             322
   946.000000             322
   947.000000             322
   948.000000             322
   949.000000             322
   950.000000             322
   951.000000             322
   952.000000             322
   953.000000             322
   954.000000             322
   955.000000             322
   956.000000             322
   957.000000             322
   958.000000             322
   959.000000             322
   960.000000             322
   961.000000             322
   962.000000             323
   963.000000             324
   964.000000             324
   965.000000             324
   966.000000             324
   967.000000             324
   968.000000             324
   969.000000             324
   970.000000             324
   971.000000             324
   972.000000             324
   973.000000             324
   974.000000             325
   975.000000             325
   976.000000             325
   977.000000             325
   978.000000             325
   979.000000             325
   980.000000             325
   981.000000             325
   982.000000             326
   983.000000             328
   984.000000             329
   985.000000             330
   986.000000             331
   987.000000             331
   988.000000             331
   989.000000             332
   990.000000             333
   991.000000             334
   992.000000             334
   993.000000             334
   994.000000             334
   995.000000             334
   996.000000             334
   997.000000             334
   998.000000             334
   999.000000             334
   1000.00000             334
