 Permeation events over simulation time.
 t(ns) Number of events
   0.00000000               0
   1.00000000               0
   2.00000000               0
   3.00000000               0
   4.00000000               0
   5.00000000               0
   6.00000000               0
   7.00000000               0
   8.00000000               0
   9.00000000               0
   10.0000000               0
   11.0000000               0
   12.0000000               0
   13.0000000               0
   14.0000000               0
   15.0000000               0
   16.0000000               0
   17.0000000               0
   18.0000000               0
   19.0000000               0
   20.0000000               0
   21.0000000               0
   22.0000000               0
   23.0000000               0
   24.0000000               0
   25.0000000               0
   26.0000000               0
   27.0000000               0
   28.0000000               0
   29.0000000               0
   30.0000000               0
   31.0000000               0
   32.0000000               0
   33.0000000               0
   34.0000000               0
   35.0000000               0
   36.0000000               0
   37.0000000               0
   38.0000000               0
   39.0000000               1
   40.0000000               2
   41.0000000               4
   42.0000000               5
   43.0000000               5
   44.0000000               5
   45.0000000               5
   46.0000000               5
   47.0000000               5
   48.0000000               5
   49.0000000               5
   50.0000000               5
   51.0000000               5
   52.0000000               5
   53.0000000               5
   54.0000000               5
   55.0000000               5
   56.0000000               5
   57.0000000               5
   58.0000000               5
   59.0000000               5
   60.0000000               5
   61.0000000               5
   62.0000000               6
   63.0000000               7
   64.0000000               7
   65.0000000               7
   66.0000000               7
   67.0000000               7
   68.0000000               8
   69.0000000               9
   70.0000000              10
   71.0000000              11
   72.0000000              12
   73.0000000              13
   74.0000000              13
   75.0000000              13
   76.0000000              13
   77.0000000              13
   78.0000000              13
   79.0000000              13
   80.0000000              13
   81.0000000              13
   82.0000000              13
   83.0000000              13
   84.0000000              13
   85.0000000              13
   86.0000000              13
   87.0000000              14
   88.0000000              15
   89.0000000              15
   90.0000000              15
   91.0000000              15
   92.0000000              15
   93.0000000              15
   94.0000000              15
   95.0000000              15
   96.0000000              15
   97.0000000              15
   98.0000000              16
   99.0000000              17
   100.000000              17
   101.000000              17
   102.000000              17
   103.000000              17
   104.000000              17
   105.000000              17
   106.000000              17
   107.000000              17
   108.000000              17
   109.000000              17
   110.000000              17
   111.000000              17
   112.000000              17
   113.000000              17
   114.000000              17
   115.000000              17
   116.000000              17
   117.000000              17
   118.000000              17
   119.000000              17
   120.000000              17
   121.000000              17
   122.000000              17
   123.000000              17
   124.000000              18
   125.000000              19
   126.000000              19
   127.000000              19
   128.000000              19
   129.000000              20
   130.000000              21
   131.000000              21
   132.000000              21
   133.000000              21
   134.000000              21
   135.000000              21
   136.000000              21
   137.000000              21
   138.000000              22
   139.000000              22
   140.000000              22
   141.000000              22
   142.000000              22
   143.000000              22
   144.000000              22
   145.000000              22
   146.000000              22
   147.000000              22
   148.000000              22
   149.000000              22
   150.000000              22
   151.000000              22
   152.000000              23
   153.000000              23
   154.000000              23
   155.000000              23
   156.000000              23
   157.000000              23
   158.000000              23
   159.000000              23
   160.000000              24
   161.000000              25
   162.000000              25
   163.000000              26
   164.000000              26
   165.000000              27
   166.000000              28
   167.000000              28
   168.000000              28
   169.000000              28
   170.000000              28
   171.000000              28
   172.000000              28
   173.000000              28
   174.000000              28
   175.000000              28
   176.000000              28
   177.000000              28
   178.000000              28
   179.000000              28
   180.000000              29
   181.000000              29
   182.000000              29
   183.000000              29
   184.000000              29
   185.000000              29
   186.000000              29
   187.000000              29
   188.000000              29
   189.000000              29
   190.000000              29
   191.000000              29
   192.000000              29
   193.000000              29
   194.000000              29
   195.000000              29
   196.000000              29
   197.000000              29
   198.000000              29
   199.000000              29
   200.000000              29
   201.000000              29
   202.000000              29
   203.000000              29
   204.000000              29
   205.000000              29
   206.000000              30
   207.000000              31
   208.000000              31
   209.000000              31
   210.000000              31
   211.000000              31
   212.000000              31
   213.000000              31
   214.000000              31
   215.000000              31
   216.000000              31
   217.000000              31
   218.000000              31
   219.000000              31
   220.000000              31
   221.000000              31
   222.000000              31
   223.000000              31
   224.000000              31
   225.000000              31
   226.000000              33
   227.000000              34
   228.000000              34
   229.000000              34
   230.000000              34
   231.000000              34
   232.000000              34
   233.000000              34
   234.000000              34
   235.000000              34
   236.000000              34
   237.000000              34
   238.000000              34
   239.000000              34
   240.000000              34
   241.000000              34
   242.000000              34
   243.000000              34
   244.000000              34
   245.000000              34
   246.000000              34
   247.000000              34
   248.000000              34
   249.000000              34
   250.000000              34
   251.000000              34
   252.000000              34
   253.000000              34
   254.000000              34
   255.000000              34
   256.000000              34
   257.000000              34
   258.000000              34
   259.000000              34
   260.000000              34
   261.000000              34
   262.000000              34
   263.000000              34
   264.000000              34
   265.000000              34
   266.000000              35
   267.000000              36
   268.000000              36
   269.000000              36
   270.000000              37
   271.000000              38
   272.000000              38
   273.000000              38
   274.000000              38
   275.000000              38
   276.000000              38
   277.000000              38
   278.000000              38
   279.000000              38
   280.000000              38
   281.000000              38
   282.000000              39
   283.000000              40
   284.000000              40
   285.000000              40
   286.000000              40
   287.000000              41
   288.000000              41
   289.000000              41
   290.000000              42
   291.000000              43
   292.000000              44
   293.000000              45
   294.000000              45
   295.000000              45
   296.000000              45
   297.000000              46
   298.000000              47
   299.000000              47
   300.000000              47
   301.000000              47
   302.000000              47
   303.000000              47
   304.000000              48
   305.000000              49
   306.000000              50
   307.000000              51
   308.000000              51
   309.000000              51
   310.000000              51
   311.000000              51
   312.000000              53
   313.000000              55
   314.000000              57
   315.000000              58
   316.000000              58
   317.000000              58
   318.000000              58
   319.000000              58
   320.000000              58
   321.000000              58
   322.000000              58
   323.000000              58
   324.000000              58
   325.000000              59
   326.000000              59
   327.000000              59
   328.000000              59
   329.000000              59
   330.000000              59
   331.000000              59
   332.000000              59
   333.000000              59
   334.000000              59
   335.000000              60
   336.000000              60
   337.000000              60
   338.000000              60
   339.000000              60
   340.000000              60
   341.000000              60
   342.000000              60
   343.000000              60
   344.000000              60
   345.000000              60
   346.000000              60
   347.000000              60
   348.000000              61
   349.000000              61
   350.000000              63
   351.000000              63
   352.000000              63
   353.000000              63
   354.000000              63
   355.000000              63
   356.000000              64
   357.000000              64
   358.000000              64
   359.000000              64
   360.000000              64
   361.000000              64
   362.000000              64
   363.000000              64
   364.000000              65
   365.000000              66
   366.000000              66
   367.000000              66
   368.000000              66
   369.000000              66
   370.000000              66
   371.000000              66
   372.000000              66
   373.000000              66
   374.000000              67
   375.000000              69
   376.000000              70
   377.000000              70
   378.000000              70
   379.000000              70
   380.000000              70
   381.000000              71
   382.000000              71
   383.000000              72
   384.000000              73
   385.000000              73
   386.000000              73
   387.000000              73
   388.000000              73
   389.000000              73
   390.000000              73
   391.000000              73
   392.000000              73
   393.000000              73
   394.000000              73
   395.000000              73
   396.000000              73
   397.000000              73
   398.000000              74
   399.000000              74
   400.000000              74
   401.000000              74
   402.000000              74
   403.000000              74
   404.000000              74
   405.000000              74
   406.000000              74
   407.000000              74
   408.000000              74
   409.000000              74
   410.000000              74
   411.000000              74
   412.000000              74
   413.000000              74
   414.000000              74
   415.000000              74
   416.000000              74
   417.000000              74
   418.000000              74
   419.000000              74
   420.000000              74
   421.000000              74
   422.000000              74
   423.000000              74
   424.000000              74
   425.000000              74
   426.000000              74
   427.000000              74
   428.000000              74
   429.000000              74
   430.000000              74
   431.000000              74
   432.000000              74
   433.000000              74
   434.000000              74
   435.000000              74
   436.000000              74
   437.000000              74
   438.000000              74
   439.000000              74
   440.000000              74
   441.000000              74
   442.000000              74
   443.000000              74
   444.000000              74
   445.000000              74
   446.000000              74
   447.000000              74
   448.000000              74
   449.000000              74
   450.000000              74
   451.000000              74
   452.000000              74
   453.000000              74
   454.000000              74
   455.000000              74
   456.000000              74
   457.000000              74
   458.000000              74
   459.000000              74
   460.000000              74
   461.000000              74
   462.000000              74
   463.000000              74
   464.000000              74
   465.000000              74
   466.000000              74
   467.000000              74
   468.000000              75
   469.000000              76
   470.000000              76
   471.000000              76
   472.000000              77
   473.000000              78
   474.000000              78
   475.000000              78
   476.000000              78
   477.000000              78
   478.000000              78
   479.000000              78
   480.000000              78
   481.000000              78
   482.000000              78
   483.000000              79
   484.000000              81
   485.000000              82
   486.000000              82
   487.000000              82
   488.000000              82
   489.000000              82
   490.000000              82
   491.000000              82
   492.000000              82
   493.000000              82
   494.000000              82
   495.000000              82
   496.000000              82
   497.000000              82
   498.000000              82
   499.000000              82
   500.000000              82
   501.000000              82
   502.000000              82
   503.000000              82
   504.000000              82
   505.000000              82
   506.000000              82
   507.000000              83
   508.000000              83
   509.000000              83
   510.000000              83
   511.000000              83
   512.000000              83
   513.000000              83
   514.000000              83
   515.000000              83
   516.000000              83
   517.000000              83
   518.000000              83
   519.000000              83
   520.000000              83
   521.000000              83
   522.000000              83
   523.000000              83
   524.000000              83
   525.000000              83
   526.000000              83
   527.000000              83
   528.000000              83
   529.000000              83
   530.000000              83
   531.000000              84
   532.000000              84
   533.000000              84
   534.000000              84
   535.000000              84
   536.000000              84
   537.000000              84
   538.000000              84
   539.000000              84
   540.000000              84
   541.000000              84
   542.000000              84
   543.000000              85
   544.000000              86
   545.000000              86
   546.000000              86
   547.000000              86
   548.000000              87
   549.000000              88
   550.000000              88
   551.000000              90
   552.000000              93
   553.000000              93
   554.000000              93
   555.000000              93
   556.000000              93
   557.000000              93
   558.000000              93
   559.000000              93
   560.000000              93
   561.000000              93
   562.000000              93
   563.000000              93
   564.000000              93
   565.000000              93
   566.000000              93
   567.000000              93
   568.000000              93
   569.000000              93
   570.000000              93
   571.000000              93
   572.000000              93
   573.000000              93
   574.000000              93
   575.000000              94
   576.000000              94
   577.000000              94
   578.000000              94
   579.000000              94
   580.000000              94
   581.000000              94
   582.000000              94
   583.000000              94
   584.000000              94
   585.000000              94
   586.000000              94
   587.000000              94
   588.000000              94
   589.000000              94
   590.000000              94
   591.000000              94
   592.000000              94
   593.000000              94
   594.000000              94
   595.000000              94
   596.000000              94
   597.000000              94
   598.000000              94
   599.000000              94
   600.000000              94
   601.000000              94
   602.000000              95
   603.000000              96
   604.000000              96
   605.000000              96
   606.000000              96
   607.000000              96
   608.000000              96
   609.000000              96
   610.000000              96
   611.000000              96
   612.000000              96
   613.000000              96
   614.000000              96
   615.000000              96
   616.000000              96
   617.000000              96
   618.000000              96
   619.000000              96
   620.000000              96
   621.000000              96
   622.000000              96
   623.000000              96
   624.000000              96
   625.000000              96
   626.000000              96
   627.000000              96
   628.000000              96
   629.000000              96
   630.000000              96
   631.000000              96
   632.000000              96
   633.000000              96
   634.000000              96
   635.000000              96
   636.000000              96
   637.000000              96
   638.000000              96
   639.000000              96
   640.000000              96
   641.000000              96
   642.000000              96
   643.000000              96
   644.000000              96
   645.000000              96
   646.000000              96
   647.000000              96
   648.000000              96
   649.000000              96
   650.000000              96
   651.000000              96
   652.000000              97
   653.000000              97
   654.000000              97
   655.000000              97
   656.000000              97
   657.000000              97
   658.000000              97
   659.000000              97
   660.000000              97
   661.000000              98
   662.000000              99
   663.000000              99
   664.000000              99
   665.000000              99
   666.000000             100
   667.000000             101
   668.000000             101
   669.000000             101
   670.000000             101
   671.000000             101
   672.000000             101
   673.000000             101
   674.000000             101
   675.000000             101
   676.000000             101
   677.000000             101
   678.000000             101
   679.000000             101
   680.000000             101
   681.000000             101
   682.000000             101
   683.000000             101
   684.000000             101
   685.000000             101
   686.000000             101
   687.000000             101
   688.000000             101
   689.000000             101
   690.000000             101
   691.000000             101
   692.000000             101
   693.000000             101
   694.000000             101
   695.000000             102
   696.000000             104
   697.000000             105
   698.000000             105
   699.000000             105
   700.000000             105
   701.000000             105
   702.000000             105
   703.000000             105
   704.000000             105
   705.000000             105
   706.000000             105
   707.000000             105
   708.000000             105
   709.000000             105
   710.000000             105
   711.000000             105
   712.000000             105
   713.000000             105
   714.000000             105
   715.000000             105
   716.000000             105
   717.000000             105
   718.000000             105
   719.000000             105
   720.000000             106
   721.000000             106
   722.000000             107
   723.000000             107
   724.000000             107
   725.000000             107
   726.000000             107
   727.000000             107
   728.000000             107
   729.000000             107
   730.000000             107
   731.000000             107
   732.000000             108
   733.000000             108
   734.000000             108
   735.000000             108
   736.000000             108
   737.000000             108
   738.000000             108
   739.000000             108
   740.000000             108
   741.000000             109
   742.000000             110
   743.000000             111
   744.000000             112
   745.000000             113
   746.000000             113
   747.000000             113
   748.000000             113
   749.000000             113
   750.000000             113
   751.000000             113
   752.000000             114
   753.000000             115
   754.000000             115
   755.000000             115
   756.000000             115
   757.000000             115
   758.000000             115
   759.000000             115
   760.000000             115
   761.000000             115
   762.000000             115
   763.000000             115
   764.000000             115
   765.000000             115
   766.000000             116
   767.000000             117
   768.000000             117
   769.000000             117
   770.000000             117
   771.000000             118
   772.000000             118
   773.000000             118
   774.000000             118
   775.000000             118
   776.000000             118
   777.000000             118
   778.000000             118
   779.000000             118
   780.000000             118
   781.000000             118
   782.000000             119
   783.000000             120
   784.000000             120
   785.000000             120
   786.000000             120
   787.000000             120
   788.000000             120
   789.000000             120
   790.000000             120
   791.000000             120
   792.000000             120
   793.000000             120
   794.000000             120
   795.000000             120
   796.000000             120
   797.000000             120
   798.000000             120
   799.000000             120
   800.000000             120
   801.000000             120
   802.000000             120
   803.000000             120
   804.000000             120
   805.000000             120
   806.000000             121
   807.000000             122
   808.000000             122
   809.000000             122
   810.000000             122
   811.000000             122
   812.000000             122
   813.000000             122
   814.000000             122
   815.000000             122
   816.000000             122
   817.000000             122
   818.000000             122
   819.000000             122
   820.000000             122
   821.000000             122
   822.000000             122
   823.000000             122
   824.000000             122
   825.000000             122
   826.000000             122
   827.000000             122
   828.000000             122
   829.000000             122
   830.000000             122
   831.000000             122
   832.000000             122
   833.000000             122
   834.000000             122
   835.000000             122
   836.000000             122
   837.000000             122
   838.000000             122
   839.000000             122
   840.000000             122
   841.000000             122
   842.000000             122
   843.000000             122
   844.000000             122
   845.000000             122
   846.000000             122
   847.000000             122
   848.000000             122
   849.000000             122
   850.000000             122
   851.000000             122
   852.000000             122
   853.000000             122
   854.000000             122
   855.000000             122
   856.000000             122
   857.000000             122
   858.000000             122
   859.000000             122
   860.000000             122
   861.000000             122
   862.000000             122
   863.000000             122
   864.000000             122
   865.000000             122
   866.000000             122
   867.000000             122
   868.000000             122
   869.000000             122
   870.000000             122
   871.000000             122
   872.000000             123
   873.000000             124
   874.000000             124
   875.000000             124
   876.000000             124
   877.000000             125
   878.000000             125
   879.000000             125
   880.000000             125
   881.000000             125
   882.000000             126
   883.000000             127
   884.000000             127
   885.000000             127
   886.000000             127
   887.000000             127
   888.000000             127
   889.000000             127
   890.000000             127
   891.000000             127
   892.000000             127
   893.000000             127
   894.000000             127
   895.000000             127
   896.000000             127
   897.000000             127
   898.000000             127
   899.000000             127
   900.000000             127
   901.000000             127
   902.000000             127
   903.000000             127
   904.000000             127
   905.000000             127
   906.000000             127
   907.000000             127
   908.000000             127
   909.000000             127
   910.000000             127
   911.000000             127
   912.000000             127
   913.000000             127
   914.000000             127
   915.000000             127
   916.000000             127
   917.000000             127
   918.000000             127
   919.000000             127
   920.000000             127
   921.000000             127
   922.000000             127
   923.000000             127
   924.000000             128
   925.000000             129
   926.000000             130
   927.000000             131
   928.000000             131
   929.000000             131
   930.000000             131
   931.000000             131
   932.000000             131
   933.000000             131
   934.000000             131
   935.000000             131
   936.000000             131
   937.000000             131
   938.000000             131
   939.000000             131
   940.000000             131
   941.000000             131
   942.000000             131
   943.000000             131
   944.000000             131
   945.000000             132
   946.000000             133
   947.000000             133
   948.000000             133
   949.000000             133
   950.000000             133
   951.000000             133
   952.000000             133
   953.000000             133
   954.000000             133
   955.000000             133
   956.000000             133
   957.000000             133
   958.000000             133
   959.000000             134
   960.000000             135
   961.000000             135
   962.000000             135
   963.000000             135
   964.000000             135
   965.000000             135
   966.000000             136
   967.000000             137
   968.000000             137
   969.000000             137
   970.000000             137
   971.000000             137
   972.000000             137
   973.000000             137
   974.000000             138
   975.000000             139
   976.000000             139
   977.000000             139
   978.000000             139
   979.000000             139
   980.000000             140
   981.000000             141
   982.000000             141
   983.000000             141
   984.000000             141
   985.000000             141
   986.000000             141
   987.000000             141
   988.000000             141
   989.000000             141
   990.000000             141
   991.000000             141
   992.000000             141
   993.000000             141
   994.000000             141
   995.000000             141
   996.000000             141
   997.000000             141
   998.000000             141
   999.000000             141
   1000.00000             141
