 Permeation events over simulation time.
 t(ns) Number of events
   0.00000000               0
   1.00000000               0
   2.00000000               0
   3.00000000               0
   4.00000000               0
   5.00000000               1
   6.00000000               2
   7.00000000               2
   8.00000000               2
   9.00000000               2
   10.0000000               2
   11.0000000               2
   12.0000000               2
   13.0000000               2
   14.0000000               2
   15.0000000               2
   16.0000000               2
   17.0000000               3
   18.0000000               4
   19.0000000               4
   20.0000000               5
   21.0000000               5
   22.0000000               5
   23.0000000               5
   24.0000000               5
   25.0000000               5
   26.0000000               5
   27.0000000               5
   28.0000000               5
   29.0000000               5
   30.0000000               5
   31.0000000               5
   32.0000000               5
   33.0000000               5
   34.0000000               5
   35.0000000               5
   36.0000000               6
   37.0000000               8
   38.0000000               8
   39.0000000               9
   40.0000000              11
   41.0000000              12
   42.0000000              12
   43.0000000              13
   44.0000000              13
   45.0000000              13
   46.0000000              13
   47.0000000              13
   48.0000000              13
   49.0000000              13
   50.0000000              13
   51.0000000              13
   52.0000000              13
   53.0000000              13
   54.0000000              13
   55.0000000              13
   56.0000000              13
   57.0000000              13
   58.0000000              14
   59.0000000              15
   60.0000000              15
   61.0000000              15
   62.0000000              15
   63.0000000              15
   64.0000000              15
   65.0000000              15
   66.0000000              15
   67.0000000              15
   68.0000000              15
   69.0000000              15
   70.0000000              15
   71.0000000              15
   72.0000000              16
   73.0000000              16
   74.0000000              16
   75.0000000              16
   76.0000000              16
   77.0000000              16
   78.0000000              16
   79.0000000              16
   80.0000000              16
   81.0000000              16
   82.0000000              16
   83.0000000              16
   84.0000000              16
   85.0000000              16
   86.0000000              16
   87.0000000              17
   88.0000000              17
   89.0000000              17
   90.0000000              17
   91.0000000              17
   92.0000000              17
   93.0000000              18
   94.0000000              19
   95.0000000              19
   96.0000000              19
   97.0000000              19
   98.0000000              19
   99.0000000              19
   100.000000              20
   101.000000              21
   102.000000              21
   103.000000              22
   104.000000              23
   105.000000              23
   106.000000              24
   107.000000              26
   108.000000              26
   109.000000              26
   110.000000              26
   111.000000              26
   112.000000              27
   113.000000              29
   114.000000              31
   115.000000              32
   116.000000              32
   117.000000              32
   118.000000              32
   119.000000              32
   120.000000              32
   121.000000              32
   122.000000              32
   123.000000              32
   124.000000              32
   125.000000              32
   126.000000              33
   127.000000              34
   128.000000              34
   129.000000              34
   130.000000              36
   131.000000              39
   132.000000              41
   133.000000              41
   134.000000              41
   135.000000              41
   136.000000              41
   137.000000              42
   138.000000              43
   139.000000              43
   140.000000              43
   141.000000              43
   142.000000              43
   143.000000              44
   144.000000              45
   145.000000              45
   146.000000              45
   147.000000              45
   148.000000              45
   149.000000              46
   150.000000              47
   151.000000              47
   152.000000              47
   153.000000              47
   154.000000              48
   155.000000              49
   156.000000              49
   157.000000              49
   158.000000              49
   159.000000              49
   160.000000              49
   161.000000              49
   162.000000              49
   163.000000              49
   164.000000              49
   165.000000              49
   166.000000              49
   167.000000              49
   168.000000              49
   169.000000              50
   170.000000              51
   171.000000              51
   172.000000              51
   173.000000              52
   174.000000              52
   175.000000              52
   176.000000              52
   177.000000              52
   178.000000              52
   179.000000              52
   180.000000              52
   181.000000              52
   182.000000              52
   183.000000              52
   184.000000              52
   185.000000              52
   186.000000              52
   187.000000              53
   188.000000              54
   189.000000              54
   190.000000              54
   191.000000              54
   192.000000              54
   193.000000              54
   194.000000              55
   195.000000              55
   196.000000              55
   197.000000              55
   198.000000              55
   199.000000              55
   200.000000              56
   201.000000              57
   202.000000              60
   203.000000              62
   204.000000              62
   205.000000              62
   206.000000              62
   207.000000              62
   208.000000              62
   209.000000              62
   210.000000              62
   211.000000              62
   212.000000              62
   213.000000              62
   214.000000              62
   215.000000              62
   216.000000              62
   217.000000              62
   218.000000              63
   219.000000              63
   220.000000              63
   221.000000              63
   222.000000              63
   223.000000              63
   224.000000              64
   225.000000              65
   226.000000              65
   227.000000              66
   228.000000              66
   229.000000              66
   230.000000              66
   231.000000              67
   232.000000              68
   233.000000              68
   234.000000              69
   235.000000              69
   236.000000              69
   237.000000              69
   238.000000              69
   239.000000              69
   240.000000              69
   241.000000              69
   242.000000              69
   243.000000              69
   244.000000              69
   245.000000              70
   246.000000              71
   247.000000              71
   248.000000              71
   249.000000              71
   250.000000              71
   251.000000              71
   252.000000              71
   253.000000              71
   254.000000              71
   255.000000              71
   256.000000              71
   257.000000              71
   258.000000              72
   259.000000              72
   260.000000              72
   261.000000              72
   262.000000              72
   263.000000              72
   264.000000              72
   265.000000              72
   266.000000              72
   267.000000              72
   268.000000              72
   269.000000              72
   270.000000              72
   271.000000              72
   272.000000              72
   273.000000              72
   274.000000              73
   275.000000              74
   276.000000              74
   277.000000              74
   278.000000              74
   279.000000              74
   280.000000              74
   281.000000              74
   282.000000              74
   283.000000              74
   284.000000              74
   285.000000              75
   286.000000              77
   287.000000              78
   288.000000              78
   289.000000              78
   290.000000              78
   291.000000              79
   292.000000              79
   293.000000              79
   294.000000              79
   295.000000              80
   296.000000              81
   297.000000              82
   298.000000              84
   299.000000              85
   300.000000              85
   301.000000              85
   302.000000              85
   303.000000              85
   304.000000              85
   305.000000              86
   306.000000              87
   307.000000              87
   308.000000              87
   309.000000              87
   310.000000              87
   311.000000              87
   312.000000              87
   313.000000              87
   314.000000              89
   315.000000              90
   316.000000              91
   317.000000              93
   318.000000              94
   319.000000              94
   320.000000              94
   321.000000              94
   322.000000              94
   323.000000              94
   324.000000              94
   325.000000              94
   326.000000              95
   327.000000              96
   328.000000              96
   329.000000              96
   330.000000              96
   331.000000              97
   332.000000              99
   333.000000             100
   334.000000             101
   335.000000             101
   336.000000             102
   337.000000             103
   338.000000             103
   339.000000             103
   340.000000             103
   341.000000             104
   342.000000             105
   343.000000             105
   344.000000             105
   345.000000             105
   346.000000             105
   347.000000             105
   348.000000             105
   349.000000             105
   350.000000             106
   351.000000             106
   352.000000             106
   353.000000             106
   354.000000             106
   355.000000             106
   356.000000             106
   357.000000             107
   358.000000             108
   359.000000             108
   360.000000             108
   361.000000             109
   362.000000             110
   363.000000             110
   364.000000             110
   365.000000             110
   366.000000             110
   367.000000             110
   368.000000             110
   369.000000             111
   370.000000             112
   371.000000             113
   372.000000             114
   373.000000             114
   374.000000             114
   375.000000             115
   376.000000             117
   377.000000             117
   378.000000             117
   379.000000             117
   380.000000             117
   381.000000             117
   382.000000             117
   383.000000             118
   384.000000             119
   385.000000             119
   386.000000             119
   387.000000             119
   388.000000             119
   389.000000             121
   390.000000             125
   391.000000             125
   392.000000             125
   393.000000             125
   394.000000             126
   395.000000             127
   396.000000             128
   397.000000             129
   398.000000             130
   399.000000             131
   400.000000             131
   401.000000             133
   402.000000             135
   403.000000             135
   404.000000             135
   405.000000             135
   406.000000             135
   407.000000             135
   408.000000             135
   409.000000             135
   410.000000             135
   411.000000             135
   412.000000             135
   413.000000             135
   414.000000             135
   415.000000             135
   416.000000             135
   417.000000             135
   418.000000             135
   419.000000             136
   420.000000             138
   421.000000             139
   422.000000             139
   423.000000             139
   424.000000             140
   425.000000             141
   426.000000             141
   427.000000             141
   428.000000             142
   429.000000             144
   430.000000             144
   431.000000             144
   432.000000             145
   433.000000             146
   434.000000             146
   435.000000             147
   436.000000             147
   437.000000             149
   438.000000             151
   439.000000             153
   440.000000             153
   441.000000             153
   442.000000             153
   443.000000             153
   444.000000             153
   445.000000             153
   446.000000             153
   447.000000             153
   448.000000             153
   449.000000             153
   450.000000             153
   451.000000             153
   452.000000             153
   453.000000             153
   454.000000             153
   455.000000             153
   456.000000             153
   457.000000             155
   458.000000             156
   459.000000             156
   460.000000             156
   461.000000             156
   462.000000             157
   463.000000             157
   464.000000             158
   465.000000             158
   466.000000             158
   467.000000             159
   468.000000             161
   469.000000             164
   470.000000             164
   471.000000             164
   472.000000             164
   473.000000             164
   474.000000             164
   475.000000             164
   476.000000             165
   477.000000             167
   478.000000             168
   479.000000             168
   480.000000             168
   481.000000             168
   482.000000             168
   483.000000             168
   484.000000             168
   485.000000             168
   486.000000             168
   487.000000             168
   488.000000             168
   489.000000             168
   490.000000             169
   491.000000             170
   492.000000             170
   493.000000             170
   494.000000             170
   495.000000             171
   496.000000             171
   497.000000             171
   498.000000             171
   499.000000             171
   500.000000             171
   501.000000             171
   502.000000             171
   503.000000             171
   504.000000             171
   505.000000             171
   506.000000             171
   507.000000             171
   508.000000             172
   509.000000             173
   510.000000             174
   511.000000             174
   512.000000             174
   513.000000             174
   514.000000             175
   515.000000             176
   516.000000             176
   517.000000             176
   518.000000             176
   519.000000             176
   520.000000             176
   521.000000             176
   522.000000             176
   523.000000             176
   524.000000             176
   525.000000             176
   526.000000             176
   527.000000             176
   528.000000             176
   529.000000             176
   530.000000             176
   531.000000             176
   532.000000             176
   533.000000             176
   534.000000             176
   535.000000             176
   536.000000             176
   537.000000             176
   538.000000             176
   539.000000             176
   540.000000             176
   541.000000             176
   542.000000             176
   543.000000             176
   544.000000             176
   545.000000             178
   546.000000             180
   547.000000             180
   548.000000             180
   549.000000             180
   550.000000             180
   551.000000             180
   552.000000             180
   553.000000             180
   554.000000             180
   555.000000             181
   556.000000             182
   557.000000             182
   558.000000             182
   559.000000             182
   560.000000             182
   561.000000             183
   562.000000             184
   563.000000             184
   564.000000             184
   565.000000             184
   566.000000             184
   567.000000             184
   568.000000             185
   569.000000             186
   570.000000             186
   571.000000             186
   572.000000             186
   573.000000             186
   574.000000             186
   575.000000             186
   576.000000             186
   577.000000             186
   578.000000             186
   579.000000             186
   580.000000             186
   581.000000             186
   582.000000             186
   583.000000             186
   584.000000             186
   585.000000             186
   586.000000             186
   587.000000             186
   588.000000             186
   589.000000             186
   590.000000             186
   591.000000             186
   592.000000             187
   593.000000             187
   594.000000             187
   595.000000             187
   596.000000             187
   597.000000             188
   598.000000             190
   599.000000             191
   600.000000             191
   601.000000             191
   602.000000             191
   603.000000             191
   604.000000             191
   605.000000             191
   606.000000             191
   607.000000             191
   608.000000             191
   609.000000             191
   610.000000             191
   611.000000             191
   612.000000             191
   613.000000             191
   614.000000             191
   615.000000             191
   616.000000             192
   617.000000             193
   618.000000             194
   619.000000             195
   620.000000             195
   621.000000             195
   622.000000             195
   623.000000             195
   624.000000             195
   625.000000             195
   626.000000             196
   627.000000             197
   628.000000             197
   629.000000             197
   630.000000             197
   631.000000             198
   632.000000             199
   633.000000             199
   634.000000             199
   635.000000             199
   636.000000             199
   637.000000             199
   638.000000             200
   639.000000             201
   640.000000             201
   641.000000             201
   642.000000             201
   643.000000             201
   644.000000             202
   645.000000             203
   646.000000             204
   647.000000             205
   648.000000             205
   649.000000             205
   650.000000             205
   651.000000             205
   652.000000             205
   653.000000             205
   654.000000             205
   655.000000             206
   656.000000             207
   657.000000             208
   658.000000             209
   659.000000             209
   660.000000             209
   661.000000             209
   662.000000             209
   663.000000             209
   664.000000             209
   665.000000             209
   666.000000             209
   667.000000             209
   668.000000             209
   669.000000             209
   670.000000             209
   671.000000             209
   672.000000             209
   673.000000             210
   674.000000             211
   675.000000             211
   676.000000             211
   677.000000             211
   678.000000             211
   679.000000             211
   680.000000             211
   681.000000             211
   682.000000             212
   683.000000             213
   684.000000             213
   685.000000             213
   686.000000             213
   687.000000             213
   688.000000             213
   689.000000             213
   690.000000             213
   691.000000             213
   692.000000             213
   693.000000             213
   694.000000             214
   695.000000             214
   696.000000             214
   697.000000             214
   698.000000             215
   699.000000             216
   700.000000             216
   701.000000             217
   702.000000             218
   703.000000             218
   704.000000             218
   705.000000             218
   706.000000             218
   707.000000             218
   708.000000             219
   709.000000             219
   710.000000             220
   711.000000             221
   712.000000             221
   713.000000             221
   714.000000             221
   715.000000             221
   716.000000             221
   717.000000             222
   718.000000             223
   719.000000             224
   720.000000             225
   721.000000             225
   722.000000             225
   723.000000             226
   724.000000             227
   725.000000             227
   726.000000             227
   727.000000             227
   728.000000             227
   729.000000             227
   730.000000             227
   731.000000             227
   732.000000             227
   733.000000             227
   734.000000             227
   735.000000             227
   736.000000             227
   737.000000             227
   738.000000             229
   739.000000             231
   740.000000             232
   741.000000             233
   742.000000             235
   743.000000             236
   744.000000             236
   745.000000             236
   746.000000             236
   747.000000             236
   748.000000             236
   749.000000             236
   750.000000             236
   751.000000             236
   752.000000             236
   753.000000             236
   754.000000             236
   755.000000             236
   756.000000             236
   757.000000             236
   758.000000             237
   759.000000             238
   760.000000             238
   761.000000             238
   762.000000             238
   763.000000             238
   764.000000             238
   765.000000             239
   766.000000             239
   767.000000             240
   768.000000             241
   769.000000             241
   770.000000             242
   771.000000             243
   772.000000             243
   773.000000             243
   774.000000             243
   775.000000             243
   776.000000             243
   777.000000             243
   778.000000             243
   779.000000             243
   780.000000             244
   781.000000             245
   782.000000             246
   783.000000             247
   784.000000             249
   785.000000             250
   786.000000             250
   787.000000             250
   788.000000             251
   789.000000             252
   790.000000             252
   791.000000             252
   792.000000             252
   793.000000             252
   794.000000             252
   795.000000             252
   796.000000             252
   797.000000             252
   798.000000             252
   799.000000             252
   800.000000             253
   801.000000             254
   802.000000             254
   803.000000             254
   804.000000             254
   805.000000             255
   806.000000             256
   807.000000             256
   808.000000             256
   809.000000             256
   810.000000             256
   811.000000             256
   812.000000             256
   813.000000             256
   814.000000             256
   815.000000             256
   816.000000             256
   817.000000             257
   818.000000             258
   819.000000             258
   820.000000             258
   821.000000             258
   822.000000             258
   823.000000             258
   824.000000             259
   825.000000             260
   826.000000             260
   827.000000             260
   828.000000             260
   829.000000             260
   830.000000             260
   831.000000             260
   832.000000             260
   833.000000             260
   834.000000             260
   835.000000             260
   836.000000             260
   837.000000             260
   838.000000             260
   839.000000             260
   840.000000             260
   841.000000             261
   842.000000             262
   843.000000             262
   844.000000             262
   845.000000             262
   846.000000             262
   847.000000             262
   848.000000             262
   849.000000             262
   850.000000             262
   851.000000             262
   852.000000             262
   853.000000             262
   854.000000             262
   855.000000             263
   856.000000             263
   857.000000             263
   858.000000             264
   859.000000             265
   860.000000             265
   861.000000             265
   862.000000             265
   863.000000             265
   864.000000             265
   865.000000             265
   866.000000             266
   867.000000             267
   868.000000             267
   869.000000             267
   870.000000             267
   871.000000             267
   872.000000             267
   873.000000             267
   874.000000             268
   875.000000             269
   876.000000             269
   877.000000             269
   878.000000             269
   879.000000             270
   880.000000             271
   881.000000             271
   882.000000             271
   883.000000             271
   884.000000             271
   885.000000             271
   886.000000             271
   887.000000             271
   888.000000             271
   889.000000             271
   890.000000             271
   891.000000             271
   892.000000             271
   893.000000             271
   894.000000             271
   895.000000             271
   896.000000             271
   897.000000             272
   898.000000             272
   899.000000             273
   900.000000             274
   901.000000             274
   902.000000             275
   903.000000             277
   904.000000             278
   905.000000             278
   906.000000             278
   907.000000             278
   908.000000             278
   909.000000             278
   910.000000             278
   911.000000             278
   912.000000             278
   913.000000             278
   914.000000             279
   915.000000             280
   916.000000             280
   917.000000             281
   918.000000             281
   919.000000             281
   920.000000             281
   921.000000             281
   922.000000             281
   923.000000             282
   924.000000             284
   925.000000             285
   926.000000             285
   927.000000             285
   928.000000             285
   929.000000             285
   930.000000             285
   931.000000             285
   932.000000             285
   933.000000             285
   934.000000             285
   935.000000             286
   936.000000             287
   937.000000             287
   938.000000             287
   939.000000             287
   940.000000             287
   941.000000             288
   942.000000             288
   943.000000             288
   944.000000             288
   945.000000             288
   946.000000             288
   947.000000             289
   948.000000             292
   949.000000             294
   950.000000             295
   951.000000             296
   952.000000             296
   953.000000             296
   954.000000             298
   955.000000             300
   956.000000             300
   957.000000             300
   958.000000             301
   959.000000             302
   960.000000             303
   961.000000             303
   962.000000             303
   963.000000             303
   964.000000             304
   965.000000             305
   966.000000             305
   967.000000             305
   968.000000             306
   969.000000             307
   970.000000             308
   971.000000             309
   972.000000             309
   973.000000             309
   974.000000             309
   975.000000             309
   976.000000             309
   977.000000             309
   978.000000             309
   979.000000             309
   980.000000             309
   981.000000             309
   982.000000             309
   983.000000             309
   984.000000             309
   985.000000             309
   986.000000             309
   987.000000             310
   988.000000             311
   989.000000             311
   990.000000             313
   991.000000             315
   992.000000             315
   993.000000             316
   994.000000             317
   995.000000             318
   996.000000             318
   997.000000             318
   998.000000             318
   999.000000             318
   1000.00000             318
