 Permeation events over simulation time.
 t(ns) Number of events
   0.00000000               0
   1.00000000               0
   2.00000000               0
   3.00000000               0
   4.00000000               0
   5.00000000               0
   6.00000000               0
   7.00000000               0
   8.00000000               0
   9.00000000               0
   10.0000000               0
   11.0000000               0
   12.0000000               0
   13.0000000               0
   14.0000000               0
   15.0000000               0
   16.0000000               0
   17.0000000               0
   18.0000000               0
   19.0000000               0
   20.0000000               0
   21.0000000               0
   22.0000000               1
   23.0000000               2
   24.0000000               2
   25.0000000               2
   26.0000000               2
   27.0000000               3
   28.0000000               4
   29.0000000               4
   30.0000000               4
   31.0000000               4
   32.0000000               4
   33.0000000               4
   34.0000000               4
   35.0000000               4
   36.0000000               4
   37.0000000               4
   38.0000000               5
   39.0000000               6
   40.0000000               6
   41.0000000               6
   42.0000000               6
   43.0000000               6
   44.0000000               6
   45.0000000               6
   46.0000000               6
   47.0000000               6
   48.0000000               6
   49.0000000               6
   50.0000000               6
   51.0000000               6
   52.0000000               6
   53.0000000               6
   54.0000000               6
   55.0000000               6
   56.0000000               7
   57.0000000               8
   58.0000000               8
   59.0000000               8
   60.0000000               9
   61.0000000              10
   62.0000000              10
   63.0000000              11
   64.0000000              12
   65.0000000              13
   66.0000000              14
   67.0000000              14
   68.0000000              14
   69.0000000              14
   70.0000000              14
   71.0000000              14
   72.0000000              14
   73.0000000              15
   74.0000000              16
   75.0000000              16
   76.0000000              16
   77.0000000              16
   78.0000000              16
   79.0000000              16
   80.0000000              16
   81.0000000              16
   82.0000000              16
   83.0000000              16
   84.0000000              16
   85.0000000              16
   86.0000000              16
   87.0000000              16
   88.0000000              16
   89.0000000              16
   90.0000000              16
   91.0000000              16
   92.0000000              16
   93.0000000              16
   94.0000000              16
   95.0000000              16
   96.0000000              16
   97.0000000              16
   98.0000000              16
   99.0000000              18
   100.000000              20
   101.000000              20
   102.000000              20
   103.000000              21
   104.000000              23
   105.000000              24
   106.000000              24
   107.000000              24
   108.000000              24
   109.000000              24
   110.000000              24
   111.000000              24
   112.000000              24
   113.000000              25
   114.000000              26
   115.000000              26
   116.000000              26
   117.000000              26
   118.000000              26
   119.000000              26
   120.000000              26
   121.000000              26
   122.000000              26
   123.000000              26
   124.000000              27
   125.000000              28
   126.000000              28
   127.000000              28
   128.000000              29
   129.000000              30
   130.000000              30
   131.000000              31
   132.000000              32
   133.000000              33
   134.000000              34
   135.000000              34
   136.000000              34
   137.000000              34
   138.000000              34
   139.000000              34
   140.000000              34
   141.000000              34
   142.000000              34
   143.000000              36
   144.000000              39
   145.000000              40
   146.000000              40
   147.000000              40
   148.000000              40
   149.000000              40
   150.000000              40
   151.000000              40
   152.000000              40
   153.000000              41
   154.000000              42
   155.000000              42
   156.000000              42
   157.000000              42
   158.000000              42
   159.000000              42
   160.000000              42
   161.000000              42
   162.000000              43
   163.000000              44
   164.000000              44
   165.000000              44
   166.000000              44
   167.000000              44
   168.000000              44
   169.000000              44
   170.000000              44
   171.000000              44
   172.000000              45
   173.000000              46
   174.000000              46
   175.000000              46
   176.000000              46
   177.000000              46
   178.000000              47
   179.000000              48
   180.000000              48
   181.000000              48
   182.000000              48
   183.000000              48
   184.000000              48
   185.000000              48
   186.000000              48
   187.000000              48
   188.000000              48
   189.000000              48
   190.000000              48
   191.000000              48
   192.000000              48
   193.000000              49
   194.000000              50
   195.000000              50
   196.000000              50
   197.000000              50
   198.000000              50
   199.000000              50
   200.000000              50
   201.000000              50
   202.000000              50
   203.000000              50
   204.000000              50
   205.000000              50
   206.000000              50
   207.000000              50
   208.000000              50
   209.000000              50
   210.000000              50
   211.000000              50
   212.000000              50
   213.000000              50
   214.000000              50
   215.000000              50
   216.000000              50
   217.000000              51
   218.000000              52
   219.000000              52
   220.000000              52
   221.000000              52
   222.000000              52
   223.000000              52
   224.000000              52
   225.000000              52
   226.000000              52
   227.000000              52
   228.000000              52
   229.000000              52
   230.000000              52
   231.000000              52
   232.000000              53
   233.000000              54
   234.000000              55
   235.000000              55
   236.000000              55
   237.000000              55
   238.000000              55
   239.000000              55
   240.000000              55
   241.000000              56
   242.000000              57
   243.000000              57
   244.000000              57
   245.000000              57
   246.000000              57
   247.000000              57
   248.000000              57
   249.000000              57
   250.000000              57
   251.000000              57
   252.000000              57
   253.000000              57
   254.000000              57
   255.000000              57
   256.000000              57
   257.000000              59
   258.000000              60
   259.000000              60
   260.000000              61
   261.000000              62
   262.000000              62
   263.000000              62
   264.000000              64
   265.000000              66
   266.000000              66
   267.000000              66
   268.000000              66
   269.000000              66
   270.000000              66
   271.000000              68
   272.000000              70
   273.000000              70
   274.000000              70
   275.000000              70
   276.000000              70
   277.000000              70
   278.000000              71
   279.000000              72
   280.000000              72
   281.000000              72
   282.000000              72
   283.000000              72
   284.000000              72
   285.000000              72
   286.000000              72
   287.000000              72
   288.000000              72
   289.000000              72
   290.000000              72
   291.000000              72
   292.000000              72
   293.000000              72
   294.000000              72
   295.000000              72
   296.000000              72
   297.000000              72
   298.000000              72
   299.000000              72
   300.000000              72
   301.000000              72
   302.000000              72
   303.000000              72
   304.000000              72
   305.000000              72
   306.000000              72
   307.000000              73
   308.000000              74
   309.000000              75
   310.000000              75
   311.000000              75
   312.000000              75
   313.000000              75
   314.000000              75
   315.000000              75
   316.000000              75
   317.000000              75
   318.000000              76
   319.000000              77
   320.000000              77
   321.000000              77
   322.000000              77
   323.000000              77
   324.000000              77
   325.000000              77
   326.000000              77
   327.000000              78
   328.000000              79
   329.000000              79
   330.000000              79
   331.000000              79
   332.000000              80
   333.000000              80
   334.000000              80
   335.000000              80
   336.000000              80
   337.000000              81
   338.000000              82
   339.000000              82
   340.000000              82
   341.000000              82
   342.000000              82
   343.000000              82
   344.000000              82
   345.000000              83
   346.000000              84
   347.000000              84
   348.000000              84
   349.000000              85
   350.000000              86
   351.000000              86
   352.000000              86
   353.000000              86
   354.000000              87
   355.000000              89
   356.000000              92
   357.000000              94
   358.000000              94
   359.000000              94
   360.000000              94
   361.000000              94
   362.000000              94
   363.000000              94
   364.000000              94
   365.000000              94
   366.000000              94
   367.000000              94
   368.000000              94
   369.000000              94
   370.000000              94
   371.000000              94
   372.000000              94
   373.000000              94
   374.000000              95
   375.000000              96
   376.000000              96
   377.000000              96
   378.000000              96
   379.000000              96
   380.000000              96
   381.000000              96
   382.000000              98
   383.000000             100
   384.000000             100
   385.000000             100
   386.000000             100
   387.000000             100
   388.000000             100
   389.000000             100
   390.000000             100
   391.000000             100
   392.000000             100
   393.000000             100
   394.000000             100
   395.000000             100
   396.000000             100
   397.000000             100
   398.000000             101
   399.000000             101
   400.000000             101
   401.000000             101
   402.000000             101
   403.000000             101
   404.000000             102
   405.000000             103
   406.000000             103
   407.000000             103
   408.000000             103
   409.000000             103
   410.000000             103
   411.000000             103
   412.000000             103
   413.000000             103
   414.000000             103
   415.000000             103
   416.000000             103
   417.000000             104
   418.000000             105
   419.000000             105
   420.000000             105
   421.000000             105
   422.000000             105
   423.000000             105
   424.000000             106
   425.000000             107
   426.000000             107
   427.000000             107
   428.000000             107
   429.000000             107
   430.000000             107
   431.000000             107
   432.000000             107
   433.000000             107
   434.000000             107
   435.000000             107
   436.000000             107
   437.000000             107
   438.000000             107
   439.000000             107
   440.000000             107
   441.000000             107
   442.000000             107
   443.000000             107
   444.000000             108
   445.000000             109
   446.000000             109
   447.000000             110
   448.000000             111
   449.000000             111
   450.000000             111
   451.000000             111
   452.000000             111
   453.000000             111
   454.000000             111
   455.000000             111
   456.000000             112
   457.000000             113
   458.000000             114
   459.000000             115
   460.000000             115
   461.000000             115
   462.000000             115
   463.000000             115
   464.000000             115
   465.000000             115
   466.000000             115
   467.000000             115
   468.000000             115
   469.000000             115
   470.000000             115
   471.000000             115
   472.000000             115
   473.000000             116
   474.000000             117
   475.000000             117
   476.000000             117
   477.000000             117
   478.000000             117
   479.000000             117
   480.000000             117
   481.000000             118
   482.000000             119
   483.000000             119
   484.000000             120
   485.000000             121
   486.000000             123
   487.000000             126
   488.000000             127
   489.000000             127
   490.000000             127
   491.000000             127
   492.000000             127
   493.000000             127
   494.000000             127
   495.000000             127
   496.000000             127
   497.000000             127
   498.000000             127
   499.000000             128
   500.000000             130
   501.000000             131
   502.000000             131
   503.000000             131
   504.000000             131
   505.000000             131
   506.000000             132
   507.000000             133
   508.000000             133
   509.000000             133
   510.000000             134
   511.000000             135
   512.000000             135
   513.000000             135
   514.000000             135
   515.000000             135
   516.000000             135
   517.000000             135
   518.000000             135
   519.000000             135
   520.000000             135
   521.000000             136
   522.000000             138
   523.000000             139
   524.000000             139
   525.000000             139
   526.000000             139
   527.000000             139
   528.000000             139
   529.000000             139
   530.000000             139
   531.000000             139
   532.000000             139
   533.000000             140
   534.000000             141
   535.000000             141
   536.000000             141
   537.000000             141
   538.000000             141
   539.000000             141
   540.000000             141
   541.000000             142
   542.000000             142
   543.000000             143
   544.000000             144
   545.000000             144
   546.000000             144
   547.000000             144
   548.000000             144
   549.000000             144
   550.000000             144
   551.000000             144
   552.000000             144
   553.000000             144
   554.000000             144
   555.000000             144
   556.000000             144
   557.000000             144
   558.000000             144
   559.000000             144
   560.000000             145
   561.000000             146
   562.000000             146
   563.000000             146
   564.000000             146
   565.000000             146
   566.000000             146
   567.000000             147
   568.000000             148
   569.000000             148
   570.000000             148
   571.000000             148
   572.000000             148
   573.000000             149
   574.000000             150
   575.000000             150
   576.000000             150
   577.000000             150
   578.000000             150
   579.000000             151
   580.000000             152
   581.000000             152
   582.000000             153
   583.000000             154
   584.000000             154
   585.000000             154
   586.000000             154
   587.000000             154
   588.000000             154
   589.000000             154
   590.000000             154
   591.000000             154
   592.000000             154
   593.000000             154
   594.000000             154
   595.000000             154
   596.000000             155
   597.000000             157
   598.000000             159
   599.000000             159
   600.000000             159
   601.000000             159
   602.000000             159
   603.000000             159
   604.000000             159
   605.000000             159
   606.000000             159
   607.000000             159
   608.000000             159
   609.000000             159
   610.000000             160
   611.000000             161
   612.000000             161
   613.000000             162
   614.000000             163
   615.000000             163
   616.000000             163
   617.000000             163
   618.000000             163
   619.000000             163
   620.000000             163
   621.000000             163
   622.000000             163
   623.000000             163
   624.000000             163
   625.000000             163
   626.000000             163
   627.000000             163
   628.000000             163
   629.000000             164
   630.000000             165
   631.000000             165
   632.000000             165
   633.000000             165
   634.000000             166
   635.000000             167
   636.000000             167
   637.000000             167
   638.000000             167
   639.000000             168
   640.000000             169
   641.000000             169
   642.000000             169
   643.000000             169
   644.000000             169
   645.000000             169
   646.000000             169
   647.000000             170
   648.000000             172
   649.000000             172
   650.000000             172
   651.000000             173
   652.000000             174
   653.000000             174
   654.000000             174
   655.000000             174
   656.000000             175
   657.000000             177
   658.000000             178
   659.000000             178
   660.000000             178
   661.000000             178
   662.000000             178
   663.000000             178
   664.000000             178
   665.000000             178
   666.000000             178
   667.000000             178
   668.000000             178
   669.000000             178
   670.000000             178
   671.000000             179
   672.000000             179
   673.000000             179
   674.000000             179
   675.000000             179
   676.000000             179
   677.000000             179
   678.000000             180
   679.000000             181
   680.000000             182
   681.000000             184
   682.000000             185
   683.000000             185
   684.000000             185
   685.000000             185
   686.000000             185
   687.000000             187
   688.000000             190
   689.000000             190
   690.000000             190
   691.000000             190
   692.000000             190
   693.000000             190
   694.000000             190
   695.000000             191
   696.000000             191
   697.000000             191
   698.000000             192
   699.000000             193
   700.000000             194
   701.000000             194
   702.000000             194
   703.000000             194
   704.000000             194
   705.000000             194
   706.000000             194
   707.000000             194
   708.000000             194
   709.000000             194
   710.000000             194
   711.000000             194
   712.000000             194
   713.000000             194
   714.000000             194
   715.000000             194
   716.000000             194
   717.000000             194
   718.000000             194
   719.000000             194
   720.000000             194
   721.000000             195
   722.000000             196
   723.000000             196
   724.000000             196
   725.000000             196
   726.000000             196
   727.000000             196
   728.000000             196
   729.000000             197
   730.000000             198
   731.000000             198
   732.000000             199
   733.000000             199
   734.000000             200
   735.000000             201
   736.000000             201
   737.000000             201
   738.000000             201
   739.000000             201
   740.000000             201
   741.000000             203
   742.000000             206
   743.000000             207
   744.000000             207
   745.000000             207
   746.000000             208
   747.000000             209
   748.000000             209
   749.000000             209
   750.000000             209
   751.000000             209
   752.000000             209
   753.000000             209
   754.000000             209
   755.000000             209
   756.000000             209
   757.000000             209
   758.000000             209
   759.000000             209
   760.000000             209
   761.000000             209
   762.000000             209
   763.000000             209
   764.000000             209
   765.000000             209
   766.000000             210
   767.000000             211
   768.000000             211
   769.000000             211
   770.000000             211
   771.000000             211
   772.000000             211
   773.000000             211
   774.000000             211
   775.000000             211
   776.000000             211
   777.000000             211
   778.000000             211
   779.000000             211
   780.000000             211
   781.000000             211
   782.000000             211
   783.000000             211
   784.000000             211
   785.000000             211
   786.000000             211
   787.000000             211
   788.000000             211
   789.000000             211
   790.000000             212
   791.000000             213
   792.000000             213
   793.000000             213
   794.000000             213
   795.000000             213
   796.000000             214
   797.000000             215
   798.000000             215
   799.000000             215
   800.000000             215
   801.000000             215
   802.000000             217
   803.000000             219
   804.000000             219
   805.000000             219
   806.000000             219
   807.000000             219
   808.000000             219
   809.000000             219
   810.000000             219
   811.000000             219
   812.000000             219
   813.000000             220
   814.000000             222
   815.000000             223
   816.000000             223
   817.000000             223
   818.000000             223
   819.000000             223
   820.000000             223
   821.000000             223
   822.000000             223
   823.000000             223
   824.000000             223
   825.000000             223
   826.000000             223
   827.000000             223
   828.000000             223
   829.000000             223
   830.000000             223
   831.000000             223
   832.000000             223
   833.000000             223
   834.000000             223
   835.000000             223
   836.000000             223
   837.000000             224
   838.000000             225
   839.000000             225
   840.000000             226
   841.000000             226
   842.000000             227
   843.000000             229
   844.000000             230
   845.000000             230
   846.000000             230
   847.000000             231
   848.000000             232
   849.000000             233
   850.000000             234
   851.000000             234
   852.000000             234
   853.000000             234
   854.000000             234
   855.000000             234
   856.000000             234
   857.000000             234
   858.000000             234
   859.000000             234
   860.000000             234
   861.000000             234
   862.000000             235
   863.000000             235
   864.000000             235
   865.000000             236
   866.000000             237
   867.000000             237
   868.000000             237
   869.000000             237
   870.000000             237
   871.000000             237
   872.000000             238
   873.000000             239
   874.000000             240
   875.000000             241
   876.000000             241
   877.000000             241
   878.000000             241
   879.000000             241
   880.000000             241
   881.000000             241
   882.000000             242
   883.000000             243
   884.000000             243
   885.000000             243
   886.000000             243
   887.000000             243
   888.000000             243
   889.000000             243
   890.000000             243
   891.000000             243
   892.000000             243
   893.000000             243
   894.000000             243
   895.000000             243
   896.000000             243
   897.000000             243
   898.000000             243
   899.000000             243
   900.000000             243
