 Permeation events over simulation time.
 t(ns) Number of events
   0.00000000               0
   1.00000000               0
   2.00000000               0
   3.00000000               0
   4.00000000               0
   5.00000000               0
   6.00000000               0
   7.00000000               0
   8.00000000               0
   9.00000000               0
   10.0000000               0
   11.0000000               0
   12.0000000               0
   13.0000000               0
   14.0000000               0
   15.0000000               0
   16.0000000               0
   17.0000000               0
   18.0000000               0
   19.0000000               0
   20.0000000               0
   21.0000000               0
   22.0000000               0
   23.0000000               0
   24.0000000               0
   25.0000000               0
   26.0000000               0
   27.0000000               0
   28.0000000               0
   29.0000000               0
   30.0000000               0
   31.0000000               0
   32.0000000               0
   33.0000000               0
   34.0000000               0
   35.0000000               0
   36.0000000               0
   37.0000000               0
   38.0000000               0
   39.0000000               0
   40.0000000               0
   41.0000000               0
   42.0000000               0
   43.0000000               0
   44.0000000               0
   45.0000000               0
   46.0000000               0
   47.0000000               0
   48.0000000               0
   49.0000000               0
   50.0000000               0
   51.0000000               0
   52.0000000               0
   53.0000000               0
   54.0000000               0
   55.0000000               0
   56.0000000               0
   57.0000000               0
   58.0000000               0
   59.0000000               0
   60.0000000               0
   61.0000000               0
   62.0000000               0
   63.0000000               0
   64.0000000               0
   65.0000000               0
   66.0000000               0
   67.0000000               0
   68.0000000               0
   69.0000000               0
   70.0000000               0
   71.0000000               0
   72.0000000               0
   73.0000000               0
   74.0000000               0
   75.0000000               0
   76.0000000               0
   77.0000000               0
   78.0000000               0
   79.0000000               0
   80.0000000               0
   81.0000000               0
   82.0000000               0
   83.0000000               0
   84.0000000               0
   85.0000000               0
   86.0000000               0
   87.0000000               0
   88.0000000               0
   89.0000000               0
   90.0000000               0
   91.0000000               0
   92.0000000               0
   93.0000000               0
   94.0000000               0
   95.0000000               0
   96.0000000               0
   97.0000000               0
   98.0000000               0
   99.0000000               0
   100.000000               0
   101.000000               0
   102.000000               0
   103.000000               0
   104.000000               0
   105.000000               0
   106.000000               0
   107.000000               0
   108.000000               0
   109.000000               0
   110.000000               0
   111.000000               0
   112.000000               0
   113.000000               0
   114.000000               0
   115.000000               0
   116.000000               0
   117.000000               0
   118.000000               0
   119.000000               0
   120.000000               0
   121.000000               0
   122.000000               0
   123.000000               0
   124.000000               0
   125.000000               0
   126.000000               0
   127.000000               0
   128.000000               0
   129.000000               0
   130.000000               0
   131.000000               0
   132.000000               0
   133.000000               0
   134.000000               0
   135.000000               0
   136.000000               0
   137.000000               0
   138.000000               0
   139.000000               0
   140.000000               0
   141.000000               0
   142.000000               0
   143.000000               0
   144.000000               0
   145.000000               0
   146.000000               0
   147.000000               0
   148.000000               0
   149.000000               0
   150.000000               0
   151.000000               0
   152.000000               0
   153.000000               0
   154.000000               1
   155.000000               1
   156.000000               1
   157.000000               1
   158.000000               1
   159.000000               1
   160.000000               1
   161.000000               1
   162.000000               1
   163.000000               1
   164.000000               1
   165.000000               1
   166.000000               1
   167.000000               1
   168.000000               1
   169.000000               1
   170.000000               1
   171.000000               1
   172.000000               1
   173.000000               1
   174.000000               1
   175.000000               1
   176.000000               2
   177.000000               2
   178.000000               2
   179.000000               2
   180.000000               2
   181.000000               2
   182.000000               2
   183.000000               2
   184.000000               2
   185.000000               2
   186.000000               2
   187.000000               2
   188.000000               2
   189.000000               2
   190.000000               2
   191.000000               2
   192.000000               3
   193.000000               3
   194.000000               3
   195.000000               3
   196.000000               3
   197.000000               3
   198.000000               4
   199.000000               4
   200.000000               4
   201.000000               4
   202.000000               4
   203.000000               4
   204.000000               4
   205.000000               4
   206.000000               4
   207.000000               4
   208.000000               4
   209.000000               4
   210.000000               4
   211.000000               4
   212.000000               4
   213.000000               4
   214.000000               4
   215.000000               4
   216.000000               4
   217.000000               4
   218.000000               4
   219.000000               4
   220.000000               4
   221.000000               4
   222.000000               4
   223.000000               4
   224.000000               4
   225.000000               4
   226.000000               4
   227.000000               4
   228.000000               4
   229.000000               4
   230.000000               4
   231.000000               4
   232.000000               4
   233.000000               4
   234.000000               4
   235.000000               4
   236.000000               4
   237.000000               4
   238.000000               4
   239.000000               4
   240.000000               4
   241.000000               4
   242.000000               4
   243.000000               4
   244.000000               4
   245.000000               4
   246.000000               4
   247.000000               4
   248.000000               4
   249.000000               4
   250.000000               4
   251.000000               4
   252.000000               4
   253.000000               4
   254.000000               4
   255.000000               4
   256.000000               4
   257.000000               4
   258.000000               4
   259.000000               4
   260.000000               4
   261.000000               4
   262.000000               4
   263.000000               4
   264.000000               4
   265.000000               4
   266.000000               4
   267.000000               4
   268.000000               4
   269.000000               4
   270.000000               4
   271.000000               4
   272.000000               4
   273.000000               4
   274.000000               4
   275.000000               4
   276.000000               4
   277.000000               4
   278.000000               4
   279.000000               4
   280.000000               4
   281.000000               4
   282.000000               4
   283.000000               4
   284.000000               4
   285.000000               4
   286.000000               4
   287.000000               4
   288.000000               4
   289.000000               4
   290.000000               4
   291.000000               4
   292.000000               4
   293.000000               4
   294.000000               4
   295.000000               4
   296.000000               4
   297.000000               4
   298.000000               4
   299.000000               4
   300.000000               4
   301.000000               4
   302.000000               4
   303.000000               4
   304.000000               4
   305.000000               4
   306.000000               4
   307.000000               4
   308.000000               4
   309.000000               4
   310.000000               4
   311.000000               4
   312.000000               4
   313.000000               5
   314.000000               5
   315.000000               5
   316.000000               5
   317.000000               5
   318.000000               5
   319.000000               5
   320.000000               5
   321.000000               5
   322.000000               5
   323.000000               5
   324.000000               5
   325.000000               5
   326.000000               5
   327.000000               5
   328.000000               5
   329.000000               5
   330.000000               5
   331.000000               5
   332.000000               5
   333.000000               5
   334.000000               5
   335.000000               5
   336.000000               5
   337.000000               5
   338.000000               5
   339.000000               5
   340.000000               5
   341.000000               5
   342.000000               5
   343.000000               5
   344.000000               5
   345.000000               5
   346.000000               5
   347.000000               5
   348.000000               5
   349.000000               5
   350.000000               5
   351.000000               5
   352.000000               5
   353.000000               5
   354.000000               5
   355.000000               5
   356.000000               5
   357.000000               5
   358.000000               5
   359.000000               5
   360.000000               5
   361.000000               5
   362.000000               5
   363.000000               5
   364.000000               5
   365.000000               5
   366.000000               5
   367.000000               5
   368.000000               5
   369.000000               5
   370.000000               5
   371.000000               5
   372.000000               5
   373.000000               5
   374.000000               6
   375.000000               6
   376.000000               6
   377.000000               6
   378.000000               6
   379.000000               6
   380.000000               6
   381.000000               6
   382.000000               6
   383.000000               6
   384.000000               6
   385.000000               6
   386.000000               6
   387.000000               6
   388.000000               6
   389.000000               6
   390.000000               6
   391.000000               6
   392.000000               6
   393.000000               6
   394.000000               6
   395.000000               6
   396.000000               6
   397.000000               6
   398.000000               6
   399.000000               6
   400.000000               6
   401.000000               6
   402.000000               6
   403.000000               6
   404.000000               6
   405.000000               6
   406.000000               6
   407.000000               6
   408.000000               6
   409.000000               6
   410.000000               6
   411.000000               6
   412.000000               6
   413.000000               6
   414.000000               6
   415.000000               6
   416.000000               6
   417.000000               6
   418.000000               6
   419.000000               6
   420.000000               6
   421.000000               6
   422.000000               6
   423.000000               6
   424.000000               6
   425.000000               6
   426.000000               6
   427.000000               6
   428.000000               6
   429.000000               6
   430.000000               6
   431.000000               6
   432.000000               6
   433.000000               6
   434.000000               7
   435.000000               7
   436.000000               7
   437.000000               7
   438.000000               7
   439.000000               7
   440.000000               7
   441.000000               7
   442.000000               7
   443.000000               7
   444.000000               7
   445.000000               7
   446.000000               7
   447.000000               7
   448.000000               7
   449.000000               7
   450.000000               7
   451.000000               7
   452.000000               7
   453.000000               7
   454.000000               7
   455.000000               7
   456.000000               7
   457.000000               7
   458.000000               7
   459.000000               7
   460.000000               7
   461.000000               7
   462.000000               7
   463.000000               7
   464.000000               7
   465.000000               7
   466.000000               7
   467.000000               7
   468.000000               7
   469.000000               7
   470.000000               7
   471.000000               7
   472.000000               7
   473.000000               7
   474.000000               7
   475.000000               7
   476.000000               7
   477.000000               7
   478.000000               7
   479.000000               7
   480.000000               7
   481.000000               7
   482.000000               7
   483.000000               7
   484.000000               7
   485.000000               7
   486.000000               7
   487.000000               7
   488.000000               7
   489.000000               7
   490.000000               7
   491.000000               7
   492.000000               7
   493.000000               7
   494.000000               7
   495.000000               7
   496.000000               7
   497.000000               7
   498.000000               7
   499.000000               8
   500.000000               8
   501.000000               8
   502.000000               8
   503.000000               8
   504.000000               8
   505.000000               8
   506.000000               8
   507.000000               8
   508.000000               8
   509.000000               8
   510.000000               8
   511.000000               8
   512.000000               8
   513.000000               8
   514.000000               8
   515.000000               8
   516.000000               8
   517.000000               8
   518.000000               8
   519.000000               8
   520.000000               8
   521.000000               8
   522.000000               9
   523.000000               9
   524.000000               9
   525.000000               9
   526.000000               9
   527.000000               9
   528.000000               9
   529.000000               9
   530.000000               9
   531.000000               9
   532.000000               9
   533.000000               9
   534.000000               9
   535.000000               9
   536.000000               9
   537.000000               9
   538.000000               9
   539.000000               9
   540.000000               9
   541.000000               9
   542.000000               9
   543.000000               9
   544.000000               9
   545.000000               9
   546.000000               9
   547.000000               9
   548.000000               9
   549.000000               9
   550.000000               9
   551.000000               9
   552.000000              10
   553.000000              10
   554.000000              10
   555.000000              10
   556.000000              10
   557.000000              10
   558.000000              10
   559.000000              10
   560.000000              10
   561.000000              10
   562.000000              10
   563.000000              10
   564.000000              10
   565.000000              10
   566.000000              10
   567.000000              10
   568.000000              11
   569.000000              11
   570.000000              11
   571.000000              11
   572.000000              11
   573.000000              11
   574.000000              11
   575.000000              11
   576.000000              11
   577.000000              11
   578.000000              11
   579.000000              11
   580.000000              11
   581.000000              11
   582.000000              11
   583.000000              11
   584.000000              11
   585.000000              11
   586.000000              11
   587.000000              11
   588.000000              11
   589.000000              11
   590.000000              11
   591.000000              11
   592.000000              11
   593.000000              11
   594.000000              11
   595.000000              11
   596.000000              11
   597.000000              11
   598.000000              11
   599.000000              11
   600.000000              11
   601.000000              11
   602.000000              11
   603.000000              11
   604.000000              11
   605.000000              11
   606.000000              11
   607.000000              11
   608.000000              12
   609.000000              12
   610.000000              12
   611.000000              12
   612.000000              12
   613.000000              13
   614.000000              13
   615.000000              13
   616.000000              14
   617.000000              14
   618.000000              14
   619.000000              14
   620.000000              14
   621.000000              14
   622.000000              14
   623.000000              14
   624.000000              15
   625.000000              15
   626.000000              15
   627.000000              15
   628.000000              15
   629.000000              15
   630.000000              15
   631.000000              15
   632.000000              15
   633.000000              15
   634.000000              15
   635.000000              15
   636.000000              15
   637.000000              15
   638.000000              15
   639.000000              15
   640.000000              15
   641.000000              15
   642.000000              15
   643.000000              16
   644.000000              16
   645.000000              16
   646.000000              16
   647.000000              16
   648.000000              16
   649.000000              16
   650.000000              16
   651.000000              16
   652.000000              16
   653.000000              16
   654.000000              16
   655.000000              16
   656.000000              16
   657.000000              16
   658.000000              16
   659.000000              16
   660.000000              16
   661.000000              16
   662.000000              16
   663.000000              16
   664.000000              16
   665.000000              16
   666.000000              16
   667.000000              16
   668.000000              16
   669.000000              16
   670.000000              16
   671.000000              16
   672.000000              16
   673.000000              16
   674.000000              16
   675.000000              16
   676.000000              16
   677.000000              16
   678.000000              16
   679.000000              16
   680.000000              16
   681.000000              16
   682.000000              16
   683.000000              16
   684.000000              16
   685.000000              16
   686.000000              16
   687.000000              16
   688.000000              16
   689.000000              16
   690.000000              16
   691.000000              16
   692.000000              16
   693.000000              16
   694.000000              16
   695.000000              16
   696.000000              16
   697.000000              16
   698.000000              16
   699.000000              16
   700.000000              16
   701.000000              16
   702.000000              16
   703.000000              16
   704.000000              16
   705.000000              16
   706.000000              16
   707.000000              16
   708.000000              16
   709.000000              16
   710.000000              16
   711.000000              16
   712.000000              16
   713.000000              16
   714.000000              16
   715.000000              16
   716.000000              16
   717.000000              16
   718.000000              16
   719.000000              16
   720.000000              16
   721.000000              16
   722.000000              16
   723.000000              16
   724.000000              16
   725.000000              16
   726.000000              16
   727.000000              16
   728.000000              16
   729.000000              16
   730.000000              16
   731.000000              16
   732.000000              16
   733.000000              16
   734.000000              16
   735.000000              16
   736.000000              16
   737.000000              16
   738.000000              16
   739.000000              16
   740.000000              16
   741.000000              16
   742.000000              16
   743.000000              16
   744.000000              16
   745.000000              16
   746.000000              16
   747.000000              16
   748.000000              16
   749.000000              16
   750.000000              16
   751.000000              16
   752.000000              16
   753.000000              16
   754.000000              16
   755.000000              16
   756.000000              16
   757.000000              16
   758.000000              16
   759.000000              16
   760.000000              16
   761.000000              16
   762.000000              16
   763.000000              16
   764.000000              16
   765.000000              16
   766.000000              16
   767.000000              16
   768.000000              16
   769.000000              16
   770.000000              16
   771.000000              16
   772.000000              16
   773.000000              16
   774.000000              16
   775.000000              16
   776.000000              16
   777.000000              16
   778.000000              16
   779.000000              16
   780.000000              16
   781.000000              16
   782.000000              16
   783.000000              16
   784.000000              16
   785.000000              16
   786.000000              16
   787.000000              16
   788.000000              16
   789.000000              16
   790.000000              16
   791.000000              16
   792.000000              16
   793.000000              16
   794.000000              16
   795.000000              16
   796.000000              16
   797.000000              16
   798.000000              16
   799.000000              16
   800.000000              16
