 Permeation events over simulation time.
 t(ns) Number of events
   0.00000000               0
   1.00000000               0
   2.00000000               0
   3.00000000               0
   4.00000000               0
   5.00000000               0
   6.00000000               0
   7.00000000               0
   8.00000000               0
   9.00000000               0
   10.0000000               0
   11.0000000               0
   12.0000000               0
   13.0000000               0
   14.0000000               0
   15.0000000               0
   16.0000000               0
   17.0000000               0
   18.0000000               0
   19.0000000               0
   20.0000000               0
   21.0000000               0
   22.0000000               0
   23.0000000               0
   24.0000000               0
   25.0000000               0
   26.0000000               0
   27.0000000               0
   28.0000000               0
   29.0000000               0
   30.0000000               0
   31.0000000               0
   32.0000000               0
   33.0000000               0
   34.0000000               0
   35.0000000               0
   36.0000000               0
   37.0000000               0
   38.0000000               0
   39.0000000               0
   40.0000000               0
   41.0000000               0
   42.0000000               0
   43.0000000               0
   44.0000000               0
   45.0000000               0
   46.0000000               0
   47.0000000               0
   48.0000000               0
   49.0000000               0
   50.0000000               0
   51.0000000               0
   52.0000000               0
   53.0000000               0
   54.0000000               0
   55.0000000               0
   56.0000000               0
   57.0000000               0
   58.0000000               0
   59.0000000               0
   60.0000000               0
   61.0000000               0
   62.0000000               0
   63.0000000               0
   64.0000000               0
   65.0000000               0
   66.0000000               0
   67.0000000               0
   68.0000000               0
   69.0000000               0
   70.0000000               0
   71.0000000               0
   72.0000000               0
   73.0000000               0
   74.0000000               0
   75.0000000               0
   76.0000000               0
   77.0000000               0
   78.0000000               0
   79.0000000               0
   80.0000000               0
   81.0000000               0
   82.0000000               0
   83.0000000               0
   84.0000000               0
   85.0000000               0
   86.0000000               0
   87.0000000               0
   88.0000000               0
   89.0000000               0
   90.0000000               0
   91.0000000               0
   92.0000000               0
   93.0000000               0
   94.0000000               1
   95.0000000               1
   96.0000000               1
   97.0000000               1
   98.0000000               1
   99.0000000               1
   100.000000               1
   101.000000               1
   102.000000               1
   103.000000               1
   104.000000               1
   105.000000               1
   106.000000               1
   107.000000               1
   108.000000               1
   109.000000               1
   110.000000               1
   111.000000               1
   112.000000               1
   113.000000               1
   114.000000               1
   115.000000               1
   116.000000               1
   117.000000               1
   118.000000               1
   119.000000               1
   120.000000               1
   121.000000               1
   122.000000               1
   123.000000               1
   124.000000               1
   125.000000               1
   126.000000               1
   127.000000               1
   128.000000               1
   129.000000               1
   130.000000               1
   131.000000               1
   132.000000               1
   133.000000               1
   134.000000               1
   135.000000               1
   136.000000               1
   137.000000               1
   138.000000               1
   139.000000               1
   140.000000               1
   141.000000               1
   142.000000               1
   143.000000               1
   144.000000               1
   145.000000               1
   146.000000               1
   147.000000               1
   148.000000               1
   149.000000               1
   150.000000               1
   151.000000               1
   152.000000               1
   153.000000               1
   154.000000               1
   155.000000               1
   156.000000               1
   157.000000               1
   158.000000               1
   159.000000               1
   160.000000               1
   161.000000               1
   162.000000               1
   163.000000               1
   164.000000               1
   165.000000               1
   166.000000               1
   167.000000               1
   168.000000               1
   169.000000               1
   170.000000               1
   171.000000               1
   172.000000               1
   173.000000               1
   174.000000               1
   175.000000               1
   176.000000               1
   177.000000               1
   178.000000               1
   179.000000               1
   180.000000               1
   181.000000               1
   182.000000               1
   183.000000               1
   184.000000               1
   185.000000               1
   186.000000               1
   187.000000               1
   188.000000               1
   189.000000               1
   190.000000               1
   191.000000               1
   192.000000               1
   193.000000               1
   194.000000               1
   195.000000               1
   196.000000               1
   197.000000               1
   198.000000               1
   199.000000               1
   200.000000               1
   201.000000               1
   202.000000               1
   203.000000               1
   204.000000               1
   205.000000               1
   206.000000               1
   207.000000               1
   208.000000               1
   209.000000               1
   210.000000               1
   211.000000               1
   212.000000               1
   213.000000               1
   214.000000               1
   215.000000               1
   216.000000               1
   217.000000               1
   218.000000               1
   219.000000               1
   220.000000               2
   221.000000               2
   222.000000               2
   223.000000               2
   224.000000               2
   225.000000               2
   226.000000               2
   227.000000               2
   228.000000               2
   229.000000               2
   230.000000               2
   231.000000               2
   232.000000               2
   233.000000               2
   234.000000               2
   235.000000               2
   236.000000               2
   237.000000               2
   238.000000               2
   239.000000               2
   240.000000               2
   241.000000               2
   242.000000               2
   243.000000               2
   244.000000               2
   245.000000               2
   246.000000               2
   247.000000               2
   248.000000               2
   249.000000               2
   250.000000               2
   251.000000               2
   252.000000               2
   253.000000               2
   254.000000               2
   255.000000               2
   256.000000               2
   257.000000               2
   258.000000               2
   259.000000               2
   260.000000               2
   261.000000               2
   262.000000               2
   263.000000               2
   264.000000               2
   265.000000               2
   266.000000               2
   267.000000               2
   268.000000               2
   269.000000               2
   270.000000               2
   271.000000               2
   272.000000               2
   273.000000               2
   274.000000               2
   275.000000               2
   276.000000               2
   277.000000               2
   278.000000               2
   279.000000               2
   280.000000               2
   281.000000               2
   282.000000               2
   283.000000               2
   284.000000               2
   285.000000               2
   286.000000               2
   287.000000               2
   288.000000               2
   289.000000               2
   290.000000               2
   291.000000               2
   292.000000               2
   293.000000               2
   294.000000               2
   295.000000               2
   296.000000               2
   297.000000               2
   298.000000               2
   299.000000               2
   300.000000               2
   301.000000               2
   302.000000               2
   303.000000               2
   304.000000               2
   305.000000               2
   306.000000               2
   307.000000               3
   308.000000               3
   309.000000               3
   310.000000               3
   311.000000               3
   312.000000               3
   313.000000               3
   314.000000               3
   315.000000               3
   316.000000               3
   317.000000               3
   318.000000               3
   319.000000               3
   320.000000               3
   321.000000               3
   322.000000               3
   323.000000               3
   324.000000               3
   325.000000               3
   326.000000               3
   327.000000               3
   328.000000               3
   329.000000               3
   330.000000               3
   331.000000               3
   332.000000               3
   333.000000               3
   334.000000               3
   335.000000               3
   336.000000               3
   337.000000               3
   338.000000               3
   339.000000               3
   340.000000               3
   341.000000               3
   342.000000               3
   343.000000               3
   344.000000               3
   345.000000               3
   346.000000               3
   347.000000               3
   348.000000               3
   349.000000               3
   350.000000               3
   351.000000               3
   352.000000               3
   353.000000               3
   354.000000               3
   355.000000               3
   356.000000               3
   357.000000               3
   358.000000               3
   359.000000               3
   360.000000               3
   361.000000               3
   362.000000               3
   363.000000               3
   364.000000               3
   365.000000               3
   366.000000               3
   367.000000               3
   368.000000               3
   369.000000               3
   370.000000               3
   371.000000               3
   372.000000               3
   373.000000               3
   374.000000               3
   375.000000               3
   376.000000               3
   377.000000               3
   378.000000               3
   379.000000               3
   380.000000               3
   381.000000               3
   382.000000               3
   383.000000               3
   384.000000               4
   385.000000               4
   386.000000               4
   387.000000               4
   388.000000               4
   389.000000               4
   390.000000               4
   391.000000               4
   392.000000               4
   393.000000               4
   394.000000               4
   395.000000               4
   396.000000               4
   397.000000               4
   398.000000               4
   399.000000               4
   400.000000               4
   401.000000               4
   402.000000               4
   403.000000               5
   404.000000               5
   405.000000               5
   406.000000               5
   407.000000               5
   408.000000               5
   409.000000               5
   410.000000               5
   411.000000               5
   412.000000               5
   413.000000               5
   414.000000               5
   415.000000               5
   416.000000               5
   417.000000               5
   418.000000               5
   419.000000               5
   420.000000               5
   421.000000               5
   422.000000               5
   423.000000               5
   424.000000               5
   425.000000               5
   426.000000               5
   427.000000               5
   428.000000               5
   429.000000               5
   430.000000               5
   431.000000               5
   432.000000               5
   433.000000               5
   434.000000               5
   435.000000               5
   436.000000               5
   437.000000               5
   438.000000               5
   439.000000               5
   440.000000               5
   441.000000               5
   442.000000               5
   443.000000               5
   444.000000               5
   445.000000               5
   446.000000               5
   447.000000               5
   448.000000               5
   449.000000               5
   450.000000               5
   451.000000               5
   452.000000               5
   453.000000               5
   454.000000               5
   455.000000               5
   456.000000               5
   457.000000               5
   458.000000               5
   459.000000               5
   460.000000               5
   461.000000               5
   462.000000               5
   463.000000               5
   464.000000               5
   465.000000               5
   466.000000               5
   467.000000               5
   468.000000               5
   469.000000               5
   470.000000               5
   471.000000               5
   472.000000               5
   473.000000               5
   474.000000               5
   475.000000               5
   476.000000               5
   477.000000               5
   478.000000               5
   479.000000               5
   480.000000               5
   481.000000               5
   482.000000               5
   483.000000               5
   484.000000               5
   485.000000               5
   486.000000               5
   487.000000               5
   488.000000               5
   489.000000               5
   490.000000               5
   491.000000               5
   492.000000               5
   493.000000               5
   494.000000               5
   495.000000               5
   496.000000               5
   497.000000               6
   498.000000               6
   499.000000               6
   500.000000               6
   501.000000               6
   502.000000               6
   503.000000               6
   504.000000               6
   505.000000               6
   506.000000               6
   507.000000               6
   508.000000               6
   509.000000               6
   510.000000               6
   511.000000               6
   512.000000               6
   513.000000               6
   514.000000               6
   515.000000               6
   516.000000               6
   517.000000               6
   518.000000               6
   519.000000               6
   520.000000               6
   521.000000               6
   522.000000               6
   523.000000               6
   524.000000               6
   525.000000               6
   526.000000               6
   527.000000               6
   528.000000               6
   529.000000               6
   530.000000               6
   531.000000               6
   532.000000               6
   533.000000               6
   534.000000               6
   535.000000               6
   536.000000               6
   537.000000               6
   538.000000               6
   539.000000               6
   540.000000               6
   541.000000               6
   542.000000               6
   543.000000               6
   544.000000               6
   545.000000               6
   546.000000               6
   547.000000               6
   548.000000               6
   549.000000               6
   550.000000               6
   551.000000               6
   552.000000               6
   553.000000               6
   554.000000               6
   555.000000               6
   556.000000               6
   557.000000               6
   558.000000               6
   559.000000               6
   560.000000               6
   561.000000               6
   562.000000               6
   563.000000               6
   564.000000               6
   565.000000               6
   566.000000               6
   567.000000               6
   568.000000               6
   569.000000               6
   570.000000               6
   571.000000               6
   572.000000               6
   573.000000               6
   574.000000               6
   575.000000               6
   576.000000               6
   577.000000               6
   578.000000               6
   579.000000               6
   580.000000               6
   581.000000               6
   582.000000               6
   583.000000               6
   584.000000               6
   585.000000               6
   586.000000               6
   587.000000               6
   588.000000               6
   589.000000               6
   590.000000               6
   591.000000               6
   592.000000               6
   593.000000               6
   594.000000               6
   595.000000               6
   596.000000               6
   597.000000               6
   598.000000               6
   599.000000               6
   600.000000               6
   601.000000               6
   602.000000               6
   603.000000               6
   604.000000               6
   605.000000               6
   606.000000               6
   607.000000               6
   608.000000               6
   609.000000               6
   610.000000               6
   611.000000               6
   612.000000               6
   613.000000               6
   614.000000               6
   615.000000               6
   616.000000               6
   617.000000               6
   618.000000               6
   619.000000               6
   620.000000               6
   621.000000               6
   622.000000               6
   623.000000               6
   624.000000               6
   625.000000               6
   626.000000               6
   627.000000               6
   628.000000               6
   629.000000               6
   630.000000               6
   631.000000               6
   632.000000               6
   633.000000               6
   634.000000               6
   635.000000               6
   636.000000               6
   637.000000               6
   638.000000               6
   639.000000               6
   640.000000               6
   641.000000               6
   642.000000               7
   643.000000               7
   644.000000               7
   645.000000               7
   646.000000               7
   647.000000               7
   648.000000               7
   649.000000               7
   650.000000               7
   651.000000               7
   652.000000               7
   653.000000               7
   654.000000               7
   655.000000               7
   656.000000               7
   657.000000               7
   658.000000               7
   659.000000               7
   660.000000               7
   661.000000               7
   662.000000               7
   663.000000               7
   664.000000               7
   665.000000               7
   666.000000               7
   667.000000               7
   668.000000               7
   669.000000               7
   670.000000               7
   671.000000               7
   672.000000               7
   673.000000               7
   674.000000               7
   675.000000               7
   676.000000               7
   677.000000               7
   678.000000               7
   679.000000               7
   680.000000               7
   681.000000               7
   682.000000               7
   683.000000               7
   684.000000               7
   685.000000               7
   686.000000               7
   687.000000               7
   688.000000               7
   689.000000               7
   690.000000               7
   691.000000               7
   692.000000               7
   693.000000               7
   694.000000               7
   695.000000               7
   696.000000               7
   697.000000               7
   698.000000               7
   699.000000               7
   700.000000               7
   701.000000               7
   702.000000               7
   703.000000               7
   704.000000               7
   705.000000               7
   706.000000               7
   707.000000               7
   708.000000               7
   709.000000               7
   710.000000               7
   711.000000               7
   712.000000               7
   713.000000               7
   714.000000               7
   715.000000               7
   716.000000               7
   717.000000               7
   718.000000               7
   719.000000               7
   720.000000               7
   721.000000               7
   722.000000               7
   723.000000               7
   724.000000               7
   725.000000               7
   726.000000               7
   727.000000               7
   728.000000               7
   729.000000               7
   730.000000               7
   731.000000               7
   732.000000               7
   733.000000               7
   734.000000               7
   735.000000               7
   736.000000               7
   737.000000               7
   738.000000               7
   739.000000               7
   740.000000               7
   741.000000               7
   742.000000               7
   743.000000               7
   744.000000               7
   745.000000               7
   746.000000               7
   747.000000               7
   748.000000               7
   749.000000               7
   750.000000               7
   751.000000               7
   752.000000               7
   753.000000               7
   754.000000               7
   755.000000               7
   756.000000               7
   757.000000               7
   758.000000               7
   759.000000               7
   760.000000               7
   761.000000               7
   762.000000               7
   763.000000               7
   764.000000               7
   765.000000               7
   766.000000               7
   767.000000               7
   768.000000               7
   769.000000               7
   770.000000               7
   771.000000               7
   772.000000               7
   773.000000               7
   774.000000               7
   775.000000               7
   776.000000               7
   777.000000               7
   778.000000               7
   779.000000               7
   780.000000               7
   781.000000               7
   782.000000               7
   783.000000               7
   784.000000               7
   785.000000               7
   786.000000               7
   787.000000               7
   788.000000               7
   789.000000               7
   790.000000               7
   791.000000               7
   792.000000               7
   793.000000               7
   794.000000               7
   795.000000               7
   796.000000               7
   797.000000               7
   798.000000               7
   799.000000               7
   800.000000               7
   801.000000               7
   802.000000               7
   803.000000               7
   804.000000               7
   805.000000               7
   806.000000               7
   807.000000               7
   808.000000               7
   809.000000               7
   810.000000               7
   811.000000               7
   812.000000               7
   813.000000               7
   814.000000               7
   815.000000               7
   816.000000               7
   817.000000               7
   818.000000               7
   819.000000               7
   820.000000               7
   821.000000               7
   822.000000               7
   823.000000               7
   824.000000               7
   825.000000               7
   826.000000               7
   827.000000               7
   828.000000               7
   829.000000               7
   830.000000               7
   831.000000               7
   832.000000               7
   833.000000               7
   834.000000               7
   835.000000               7
   836.000000               7
   837.000000               7
   838.000000               7
   839.000000               7
   840.000000               7
   841.000000               7
   842.000000               7
   843.000000               7
   844.000000               7
   845.000000               7
   846.000000               7
   847.000000               7
   848.000000               7
   849.000000               7
   850.000000               7
   851.000000               7
   852.000000               7
   853.000000               7
   854.000000               7
   855.000000               7
   856.000000               7
   857.000000               7
   858.000000               7
   859.000000               7
   860.000000               7
   861.000000               7
   862.000000               7
   863.000000               7
   864.000000               7
   865.000000               7
   866.000000               7
   867.000000               7
   868.000000               7
   869.000000               7
   870.000000               7
   871.000000               7
   872.000000               7
   873.000000               7
   874.000000               7
   875.000000               7
   876.000000               7
   877.000000               7
   878.000000               7
   879.000000               7
   880.000000               7
   881.000000               7
   882.000000               7
   883.000000               7
   884.000000               7
   885.000000               7
   886.000000               7
   887.000000               7
   888.000000               7
   889.000000               7
   890.000000               8
   891.000000               8
   892.000000               8
   893.000000               8
   894.000000               8
   895.000000               8
   896.000000               8
   897.000000               8
   898.000000               8
   899.000000               8
   900.000000               8
