 Permeation events over simulation time.
 t(ns) Number of events
   0.00000000               0
   1.00000000               0
   2.00000000               0
   3.00000000               0
   4.00000000               0
   5.00000000               0
   6.00000000               0
   7.00000000               0
   8.00000000               0
   9.00000000               0
   10.0000000               0
   11.0000000               0
   12.0000000               0
   13.0000000               0
   14.0000000               0
   15.0000000               2
   16.0000000               4
   17.0000000               4
   18.0000000               4
   19.0000000               4
   20.0000000               4
   21.0000000               4
   22.0000000               4
   23.0000000               4
   24.0000000               4
   25.0000000               4
   26.0000000               4
   27.0000000               4
   28.0000000               4
   29.0000000               4
   30.0000000               4
   31.0000000               4
   32.0000000               4
   33.0000000               4
   34.0000000               4
   35.0000000               4
   36.0000000               4
   37.0000000               4
   38.0000000               4
   39.0000000               4
   40.0000000               5
   41.0000000               5
   42.0000000               5
   43.0000000               5
   44.0000000               5
   45.0000000               5
   46.0000000               5
   47.0000000               5
   48.0000000               5
   49.0000000               5
   50.0000000               5
   51.0000000               6
   52.0000000               6
   53.0000000               6
   54.0000000               6
   55.0000000               6
   56.0000000               6
   57.0000000               6
   58.0000000               6
   59.0000000               6
   60.0000000               6
   61.0000000               6
   62.0000000               6
   63.0000000               6
   64.0000000               6
   65.0000000               6
   66.0000000               6
   67.0000000               6
   68.0000000               7
   69.0000000               8
   70.0000000              10
   71.0000000              11
   72.0000000              11
   73.0000000              11
   74.0000000              12
   75.0000000              14
   76.0000000              14
   77.0000000              14
   78.0000000              15
   79.0000000              16
   80.0000000              16
   81.0000000              16
   82.0000000              16
   83.0000000              16
   84.0000000              16
   85.0000000              17
   86.0000000              18
   87.0000000              18
   88.0000000              18
   89.0000000              18
   90.0000000              18
   91.0000000              18
   92.0000000              18
   93.0000000              18
   94.0000000              18
   95.0000000              18
   96.0000000              18
   97.0000000              18
   98.0000000              18
   99.0000000              18
   100.000000              18
   101.000000              18
   102.000000              18
   103.000000              18
   104.000000              18
   105.000000              18
   106.000000              18
   107.000000              18
   108.000000              18
   109.000000              18
   110.000000              18
   111.000000              18
   112.000000              18
   113.000000              18
   114.000000              18
   115.000000              18
   116.000000              18
   117.000000              18
   118.000000              18
   119.000000              18
   120.000000              18
   121.000000              18
   122.000000              18
   123.000000              18
   124.000000              18
   125.000000              18
   126.000000              18
   127.000000              19
   128.000000              19
   129.000000              19
   130.000000              20
   131.000000              21
   132.000000              21
   133.000000              21
   134.000000              21
   135.000000              21
   136.000000              21
   137.000000              21
   138.000000              22
   139.000000              22
   140.000000              22
   141.000000              22
   142.000000              22
   143.000000              22
   144.000000              22
   145.000000              22
   146.000000              22
   147.000000              22
   148.000000              22
   149.000000              22
   150.000000              22
   151.000000              22
   152.000000              22
   153.000000              22
   154.000000              22
   155.000000              22
   156.000000              23
   157.000000              23
   158.000000              24
   159.000000              25
   160.000000              25
   161.000000              26
   162.000000              27
   163.000000              27
   164.000000              27
   165.000000              27
   166.000000              27
   167.000000              27
   168.000000              27
   169.000000              28
   170.000000              29
   171.000000              29
   172.000000              29
   173.000000              29
   174.000000              29
   175.000000              29
   176.000000              29
   177.000000              29
   178.000000              29
   179.000000              29
   180.000000              29
   181.000000              29
   182.000000              29
   183.000000              29
   184.000000              29
   185.000000              30
   186.000000              30
   187.000000              30
   188.000000              31
   189.000000              32
   190.000000              32
   191.000000              32
   192.000000              32
   193.000000              32
   194.000000              33
   195.000000              33
   196.000000              34
   197.000000              34
   198.000000              34
   199.000000              35
   200.000000              36
   201.000000              36
   202.000000              36
   203.000000              36
   204.000000              36
   205.000000              36
   206.000000              37
   207.000000              37
   208.000000              37
   209.000000              37
   210.000000              37
   211.000000              37
   212.000000              37
   213.000000              37
   214.000000              37
   215.000000              38
   216.000000              39
   217.000000              40
   218.000000              42
   219.000000              43
   220.000000              43
   221.000000              43
   222.000000              44
   223.000000              45
   224.000000              46
   225.000000              47
   226.000000              48
   227.000000              49
   228.000000              50
   229.000000              50
   230.000000              50
   231.000000              50
   232.000000              50
   233.000000              50
   234.000000              50
   235.000000              50
   236.000000              50
   237.000000              50
   238.000000              50
   239.000000              50
   240.000000              50
   241.000000              50
   242.000000              50
   243.000000              50
   244.000000              50
   245.000000              50
   246.000000              50
   247.000000              50
   248.000000              50
   249.000000              50
   250.000000              50
   251.000000              51
   252.000000              51
   253.000000              51
   254.000000              51
   255.000000              51
   256.000000              51
   257.000000              51
   258.000000              52
   259.000000              53
   260.000000              53
   261.000000              54
   262.000000              54
   263.000000              55
   264.000000              56
   265.000000              57
   266.000000              58
   267.000000              58
   268.000000              58
   269.000000              58
   270.000000              58
   271.000000              59
   272.000000              60
   273.000000              60
   274.000000              60
   275.000000              60
   276.000000              61
   277.000000              62
   278.000000              62
   279.000000              62
   280.000000              62
   281.000000              62
   282.000000              63
   283.000000              64
   284.000000              64
   285.000000              64
   286.000000              64
   287.000000              64
   288.000000              64
   289.000000              64
   290.000000              64
   291.000000              64
   292.000000              64
   293.000000              65
   294.000000              65
   295.000000              65
   296.000000              65
   297.000000              65
   298.000000              65
   299.000000              65
   300.000000              65
   301.000000              65
   302.000000              65
   303.000000              65
   304.000000              65
   305.000000              65
   306.000000              65
   307.000000              66
   308.000000              67
   309.000000              67
   310.000000              67
   311.000000              67
   312.000000              67
   313.000000              68
   314.000000              69
   315.000000              69
   316.000000              69
   317.000000              69
   318.000000              69
   319.000000              69
   320.000000              69
   321.000000              70
   322.000000              71
   323.000000              71
   324.000000              71
   325.000000              71
   326.000000              72
   327.000000              73
   328.000000              73
   329.000000              73
   330.000000              73
   331.000000              74
   332.000000              74
   333.000000              74
   334.000000              74
   335.000000              74
   336.000000              74
   337.000000              74
   338.000000              75
   339.000000              77
   340.000000              78
   341.000000              79
   342.000000              79
   343.000000              79
   344.000000              79
   345.000000              79
   346.000000              79
   347.000000              79
   348.000000              80
   349.000000              80
   350.000000              80
   351.000000              80
   352.000000              80
   353.000000              80
   354.000000              80
   355.000000              80
   356.000000              80
   357.000000              80
   358.000000              80
   359.000000              80
   360.000000              81
   361.000000              82
   362.000000              82
   363.000000              82
   364.000000              84
   365.000000              85
   366.000000              85
   367.000000              85
   368.000000              85
   369.000000              85
   370.000000              85
   371.000000              86
   372.000000              86
   373.000000              86
   374.000000              86
   375.000000              86
   376.000000              86
   377.000000              86
   378.000000              86
   379.000000              86
   380.000000              86
   381.000000              86
   382.000000              86
   383.000000              87
   384.000000              88
   385.000000              88
   386.000000              88
   387.000000              88
   388.000000              88
   389.000000              88
   390.000000              88
   391.000000              88
   392.000000              89
   393.000000              89
   394.000000              89
   395.000000              89
   396.000000              89
   397.000000              90
   398.000000              91
   399.000000              91
   400.000000              91
   401.000000              91
   402.000000              91
   403.000000              91
   404.000000              91
   405.000000              91
   406.000000              91
   407.000000              91
   408.000000              91
   409.000000              91
   410.000000              92
   411.000000              93
   412.000000              94
   413.000000              95
   414.000000              97
   415.000000              99
   416.000000             100
   417.000000             100
   418.000000             100
   419.000000             100
   420.000000             100
   421.000000             100
   422.000000             100
   423.000000             100
   424.000000             100
   425.000000             100
   426.000000             100
   427.000000             100
   428.000000             101
   429.000000             102
   430.000000             102
   431.000000             102
   432.000000             102
   433.000000             102
   434.000000             102
   435.000000             102
   436.000000             102
   437.000000             102
   438.000000             102
   439.000000             102
   440.000000             102
   441.000000             102
   442.000000             103
   443.000000             104
   444.000000             104
   445.000000             105
   446.000000             106
   447.000000             106
   448.000000             106
   449.000000             106
   450.000000             106
   451.000000             107
   452.000000             109
   453.000000             110
   454.000000             110
   455.000000             110
   456.000000             110
   457.000000             110
   458.000000             110
   459.000000             110
   460.000000             110
   461.000000             110
   462.000000             110
   463.000000             110
   464.000000             111
   465.000000             112
   466.000000             112
   467.000000             113
   468.000000             114
   469.000000             114
   470.000000             114
   471.000000             114
   472.000000             114
   473.000000             114
   474.000000             115
   475.000000             116
   476.000000             116
   477.000000             116
   478.000000             116
   479.000000             117
   480.000000             118
   481.000000             118
   482.000000             119
   483.000000             120
   484.000000             120
   485.000000             120
   486.000000             120
   487.000000             121
   488.000000             121
   489.000000             121
   490.000000             121
   491.000000             121
   492.000000             121
   493.000000             121
   494.000000             123
   495.000000             125
   496.000000             125
   497.000000             125
   498.000000             125
   499.000000             125
   500.000000             125
   501.000000             125
   502.000000             125
   503.000000             125
   504.000000             125
   505.000000             125
   506.000000             125
   507.000000             125
   508.000000             126
   509.000000             127
   510.000000             127
   511.000000             127
   512.000000             127
   513.000000             127
   514.000000             127
   515.000000             127
   516.000000             127
   517.000000             127
   518.000000             127
   519.000000             127
   520.000000             127
   521.000000             128
   522.000000             129
   523.000000             129
   524.000000             129
   525.000000             129
   526.000000             129
   527.000000             129
   528.000000             129
   529.000000             129
   530.000000             129
   531.000000             130
   532.000000             131
   533.000000             131
   534.000000             131
   535.000000             131
   536.000000             131
   537.000000             131
   538.000000             131
   539.000000             131
   540.000000             131
   541.000000             131
   542.000000             131
   543.000000             131
   544.000000             131
   545.000000             131
   546.000000             131
   547.000000             132
   548.000000             132
   549.000000             133
   550.000000             133
   551.000000             133
   552.000000             133
   553.000000             133
   554.000000             133
   555.000000             133
   556.000000             133
   557.000000             133
   558.000000             133
   559.000000             134
   560.000000             135
   561.000000             135
   562.000000             135
   563.000000             135
   564.000000             136
   565.000000             137
   566.000000             137
   567.000000             137
   568.000000             137
   569.000000             137
   570.000000             137
   571.000000             137
   572.000000             137
   573.000000             137
   574.000000             138
   575.000000             138
   576.000000             138
   577.000000             138
   578.000000             138
   579.000000             138
   580.000000             138
   581.000000             138
   582.000000             138
   583.000000             138
   584.000000             138
   585.000000             138
   586.000000             138
   587.000000             138
   588.000000             138
   589.000000             138
   590.000000             138
   591.000000             139
   592.000000             140
   593.000000             141
   594.000000             142
   595.000000             142
   596.000000             142
   597.000000             142
   598.000000             142
   599.000000             143
   600.000000             143
   601.000000             145
   602.000000             147
   603.000000             147
   604.000000             147
   605.000000             147
   606.000000             148
   607.000000             148
   608.000000             148
   609.000000             149
   610.000000             152
   611.000000             154
   612.000000             154
   613.000000             154
   614.000000             154
   615.000000             154
   616.000000             154
   617.000000             155
   618.000000             156
   619.000000             156
   620.000000             156
   621.000000             156
   622.000000             156
   623.000000             156
   624.000000             158
   625.000000             159
   626.000000             159
   627.000000             159
   628.000000             159
   629.000000             159
   630.000000             159
   631.000000             159
   632.000000             160
   633.000000             162
   634.000000             164
   635.000000             165
   636.000000             165
   637.000000             165
   638.000000             165
   639.000000             167
   640.000000             170
   641.000000             171
   642.000000             171
   643.000000             171
   644.000000             171
   645.000000             171
   646.000000             171
   647.000000             171
   648.000000             171
   649.000000             171
   650.000000             171
   651.000000             171
   652.000000             171
   653.000000             171
   654.000000             171
   655.000000             171
   656.000000             172
   657.000000             173
   658.000000             173
   659.000000             173
   660.000000             173
   661.000000             173
   662.000000             173
   663.000000             173
   664.000000             173
   665.000000             175
   666.000000             177
   667.000000             178
   668.000000             179
   669.000000             179
   670.000000             179
   671.000000             179
   672.000000             180
   673.000000             181
   674.000000             181
   675.000000             181
   676.000000             181
   677.000000             181
   678.000000             181
   679.000000             181
   680.000000             181
   681.000000             181
   682.000000             181
   683.000000             181
   684.000000             182
   685.000000             183
   686.000000             183
   687.000000             183
   688.000000             183
   689.000000             184
   690.000000             185
   691.000000             185
   692.000000             185
   693.000000             185
   694.000000             185
   695.000000             186
   696.000000             186
   697.000000             186
   698.000000             186
   699.000000             187
   700.000000             188
   701.000000             188
   702.000000             188
   703.000000             188
   704.000000             189
   705.000000             189
   706.000000             189
   707.000000             189
   708.000000             189
   709.000000             189
   710.000000             189
   711.000000             189
   712.000000             189
   713.000000             189
   714.000000             189
   715.000000             189
   716.000000             189
   717.000000             190
   718.000000             192
   719.000000             194
   720.000000             194
   721.000000             194
   722.000000             194
   723.000000             194
   724.000000             195
   725.000000             195
   726.000000             195
   727.000000             196
   728.000000             196
   729.000000             196
   730.000000             197
   731.000000             198
   732.000000             198
   733.000000             198
   734.000000             199
   735.000000             201
   736.000000             203
   737.000000             204
   738.000000             204
   739.000000             204
   740.000000             204
   741.000000             204
   742.000000             204
   743.000000             205
   744.000000             206
   745.000000             207
   746.000000             208
   747.000000             208
   748.000000             209
   749.000000             209
   750.000000             209
   751.000000             209
   752.000000             209
   753.000000             209
   754.000000             209
   755.000000             209
   756.000000             209
   757.000000             210
   758.000000             212
   759.000000             213
   760.000000             213
   761.000000             213
   762.000000             213
   763.000000             214
   764.000000             215
   765.000000             217
   766.000000             218
   767.000000             219
   768.000000             220
   769.000000             220
   770.000000             220
   771.000000             220
   772.000000             220
   773.000000             220
   774.000000             220
   775.000000             220
   776.000000             221
   777.000000             222
   778.000000             222
   779.000000             222
   780.000000             222
   781.000000             222
   782.000000             222
   783.000000             223
   784.000000             225
   785.000000             226
   786.000000             226
   787.000000             226
   788.000000             228
   789.000000             230
   790.000000             230
   791.000000             231
   792.000000             231
   793.000000             232
   794.000000             233
   795.000000             233
   796.000000             234
   797.000000             235
   798.000000             235
   799.000000             235
   800.000000             235
   801.000000             235
   802.000000             235
   803.000000             235
   804.000000             235
   805.000000             235
   806.000000             235
   807.000000             235
   808.000000             235
   809.000000             235
   810.000000             235
   811.000000             235
   812.000000             235
   813.000000             235
   814.000000             235
   815.000000             236
   816.000000             237
   817.000000             237
   818.000000             237
   819.000000             237
   820.000000             237
   821.000000             237
   822.000000             238
   823.000000             239
   824.000000             239
   825.000000             239
   826.000000             239
   827.000000             240
   828.000000             242
   829.000000             243
   830.000000             243
   831.000000             243
   832.000000             243
   833.000000             244
   834.000000             244
   835.000000             244
   836.000000             244
   837.000000             244
   838.000000             244
   839.000000             244
   840.000000             244
   841.000000             244
   842.000000             244
   843.000000             245
   844.000000             246
   845.000000             246
   846.000000             246
   847.000000             246
   848.000000             246
   849.000000             246
   850.000000             246
   851.000000             246
   852.000000             246
   853.000000             246
   854.000000             247
   855.000000             248
   856.000000             248
   857.000000             248
   858.000000             248
   859.000000             248
   860.000000             249
   861.000000             250
   862.000000             250
   863.000000             250
   864.000000             250
   865.000000             251
   866.000000             252
   867.000000             252
   868.000000             252
   869.000000             253
   870.000000             254
   871.000000             255
   872.000000             255
   873.000000             256
   874.000000             257
   875.000000             257
   876.000000             257
   877.000000             257
   878.000000             258
   879.000000             259
   880.000000             259
   881.000000             259
   882.000000             259
   883.000000             259
   884.000000             259
   885.000000             259
   886.000000             259
   887.000000             259
   888.000000             259
   889.000000             259
   890.000000             259
   891.000000             259
   892.000000             259
   893.000000             260
   894.000000             261
   895.000000             261
   896.000000             261
   897.000000             261
   898.000000             261
   899.000000             261
   900.000000             261
