 Permeation events over simulation time.
 t(ns) Number of events
   0.00000000               0
  0.100000001               0
  0.200000003               0
  0.300000012               0
  0.400000006               0
  0.500000000               0
  0.600000024               0
  0.699999988               0
  0.800000012               0
  0.899999976               0
   1.00000000               0
   1.10000002               0
   1.20000005               0
   1.29999995               0
   1.39999998               0
   1.50000000               0
   1.60000002               0
   1.70000005               0
   1.79999995               0
   1.89999998               0
   2.00000000               0
   2.09999990               0
   2.20000005               0
   2.29999995               0
   2.40000010               0
   2.50000000               0
   2.59999990               0
   2.70000005               0
   2.79999995               0
   2.90000010               0
   3.00000000               0
   3.09999990               0
   3.20000005               0
   3.29999995               0
   3.40000010               0
   3.50000000               0
   3.59999990               0
   3.70000005               0
   3.79999995               0
   3.90000010               0
   4.00000000               0
   4.09999990               0
   4.19999981               0
   4.30000019               0
   4.40000010               0
   4.50000000               0
   4.59999990               0
   4.69999981               0
   4.80000019               0
   4.90000010               0
   5.00000000               0
   5.09999990               0
   5.19999981               0
   5.30000019               0
   5.40000010               0
   5.50000000               0
   5.59999990               0
   5.69999981               0
   5.80000019               0
   5.90000010               0
   6.00000000               0
   6.09999990               0
   6.19999981               0
   6.30000019               0
   6.40000010               0
   6.50000000               0
   6.59999990               0
   6.69999981               0
   6.80000019               0
   6.90000010               0
   7.00000000               0
   7.09999990               0
   7.19999981               0
   7.30000019               0
   7.40000010               0
   7.50000000               0
   7.59999990               0
   7.69999981               0
   7.80000019               0
   7.90000010               0
   8.00000000               0
   8.10000038               0
   8.19999981               0
   8.30000019               0
   8.39999962               0
   8.50000000               0
   8.60000038               0
   8.69999981               0
   8.80000019               0
   8.89999962               0
   9.00000000               0
   9.10000038               0
   9.19999981               0
   9.30000019               0
   9.39999962               0
   9.50000000               0
   9.60000038               0
   9.69999981               0
   9.80000019               0
   9.89999962               0
   10.0000000               0
   10.1000004               0
   10.1999998               0
   10.3000002               0
   10.3999996               0
   10.5000000               0
   10.6000004               0
   10.6999998               0
   10.8000002               0
   10.8999996               0
   11.0000000               0
   11.1000004               0
   11.1999998               0
   11.3000002               0
   11.3999996               0
   11.5000000               0
   11.6000004               0
   11.6999998               0
   11.8000002               0
   11.8999996               0
   12.0000000               0
   12.1000004               0
   12.1999998               0
   12.3000002               0
   12.3999996               0
   12.5000000               0
   12.6000004               0
   12.6999998               0
   12.8000002               0
   12.8999996               0
   13.0000000               0
   13.1000004               0
   13.1999998               0
   13.3000002               0
   13.3999996               0
   13.5000000               0
   13.6000004               0
   13.6999998               0
   13.8000002               0
   13.8999996               0
   14.0000000               0
   14.1000004               0
   14.1999998               0
   14.3000002               0
   14.3999996               0
   14.5000000               0
   14.6000004               0
   14.6999998               0
   14.8000002               0
   14.8999996               0
   15.0000000               0
   15.1000004               0
   15.1999998               0
   15.3000002               0
   15.3999996               0
   15.5000000               0
   15.6000004               0
   15.6999998               0
   15.8000002               0
   15.8999996               0
   16.0000000               0
   16.1000004               0
   16.2000008               0
   16.2999992               0
   16.3999996               0
   16.5000000               0
   16.6000004               0
   16.7000008               0
   16.7999992               0
   16.8999996               0
   17.0000000               0
   17.1000004               0
   17.2000008               0
   17.2999992               0
   17.3999996               0
   17.5000000               0
   17.6000004               0
   17.7000008               0
   17.7999992               0
   17.8999996               0
   18.0000000               0
   18.1000004               0
   18.2000008               0
   18.2999992               0
   18.3999996               0
   18.5000000               0
   18.6000004               0
   18.7000008               0
   18.7999992               0
   18.8999996               0
   19.0000000               0
   19.1000004               0
   19.2000008               0
   19.2999992               0
   19.3999996               0
   19.5000000               0
   19.6000004               0
   19.7000008               0
   19.7999992               0
   19.8999996               0
   20.0000000               0
   20.1000004               0
   20.2000008               0
   20.2999992               0
   20.3999996               0
   20.5000000               0
   20.6000004               0
   20.7000008               0
   20.7999992               0
   20.8999996               0
   21.0000000               0
   21.1000004               0
   21.2000008               0
   21.2999992               0
   21.3999996               0
   21.5000000               0
   21.6000004               0
   21.7000008               0
   21.7999992               0
   21.8999996               0
   22.0000000               0
   22.1000004               0
   22.2000008               0
   22.2999992               0
   22.3999996               0
   22.5000000               0
   22.6000004               0
   22.7000008               0
   22.7999992               0
   22.8999996               0
   23.0000000               0
   23.1000004               0
   23.2000008               0
   23.2999992               0
   23.3999996               0
   23.5000000               0
   23.6000004               0
   23.7000008               0
   23.7999992               0
   23.8999996               0
   24.0000000               0
   24.1000004               0
   24.2000008               0
   24.2999992               0
   24.3999996               0
   24.5000000               0
   24.6000004               0
   24.7000008               0
   24.7999992               0
   24.8999996               0
   25.0000000               0
   25.1000004               1
   25.2000008               1
   25.2999992               1
   25.3999996               1
   25.5000000               1
   25.6000004               1
   25.7000008               1
   25.7999992               1
   25.8999996               1
   26.0000000               1
   26.1000004               1
   26.2000008               1
   26.2999992               1
   26.3999996               1
   26.5000000               1
   26.6000004               2
   26.7000008               2
   26.7999992               2
   26.8999996               2
   27.0000000               2
   27.1000004               2
   27.2000008               2
   27.2999992               2
   27.3999996               2
   27.5000000               2
   27.6000004               2
   27.7000008               2
   27.7999992               2
   27.8999996               2
   28.0000000               2
   28.1000004               2
   28.2000008               2
   28.2999992               2
   28.3999996               2
   28.5000000               2
   28.6000004               2
   28.7000008               2
   28.7999992               2
   28.8999996               2
   29.0000000               2
   29.1000004               2
   29.2000008               3
   29.2999992               3
   29.3999996               3
   29.5000000               3
   29.6000004               3
   29.7000008               3
   29.7999992               3
   29.8999996               3
   30.0000000               3
   30.1000004               3
   30.2000008               3
   30.2999992               3
   30.3999996               3
   30.5000000               3
   30.6000004               3
   30.7000008               3
   30.7999992               3
   30.8999996               3
   31.0000000               3
   31.1000004               3
   31.2000008               3
   31.2999992               3
   31.3999996               3
   31.5000000               3
   31.6000004               3
   31.7000008               3
   31.7999992               3
   31.8999996               3
   32.0000000               3
   32.0999985               3
   32.2000008               3
   32.2999992               3
   32.4000015               3
   32.5000000               3
   32.5999985               3
   32.7000008               3
   32.7999992               3
   32.9000015               3
   33.0000000               3
   33.0999985               3
   33.2000008               3
   33.2999992               3
   33.4000015               3
   33.5000000               3
   33.5999985               3
   33.7000008               3
   33.7999992               3
   33.9000015               3
   34.0000000               3
   34.0999985               3
   34.2000008               3
   34.2999992               3
   34.4000015               3
   34.5000000               3
   34.5999985               3
   34.7000008               3
   34.7999992               3
   34.9000015               3
   35.0000000               3
   35.0999985               3
   35.2000008               3
   35.2999992               3
   35.4000015               3
   35.5000000               3
   35.5999985               3
   35.7000008               3
   35.7999992               3
   35.9000015               3
   36.0000000               3
   36.0999985               3
   36.2000008               3
   36.2999992               3
   36.4000015               3
   36.5000000               3
   36.5999985               3
   36.7000008               3
   36.7999992               3
   36.9000015               3
   37.0000000               3
   37.0999985               3
   37.2000008               3
   37.2999992               3
   37.4000015               3
   37.5000000               3
   37.5999985               3
   37.7000008               3
   37.7999992               3
   37.9000015               3
   38.0000000               3
   38.0999985               3
   38.2000008               3
   38.2999992               3
   38.4000015               3
   38.5000000               3
   38.5999985               3
   38.7000008               3
   38.7999992               3
   38.9000015               3
   39.0000000               3
   39.0999985               3
   39.2000008               3
   39.2999992               3
   39.4000015               3
   39.5000000               3
   39.5999985               3
   39.7000008               3
   39.7999992               3
   39.9000015               3
   40.0000000               3
   40.0999985               3
   40.2000008               3
   40.2999992               3
   40.4000015               3
   40.5000000               3
   40.5999985               3
   40.7000008               3
   40.7999992               3
   40.9000015               3
   41.0000000               3
   41.0999985               3
   41.2000008               3
   41.2999992               3
   41.4000015               3
   41.5000000               3
   41.5999985               3
   41.7000008               3
   41.7999992               3
   41.9000015               3
   42.0000000               3
   42.0999985               3
   42.2000008               3
   42.2999992               3
   42.4000015               3
   42.5000000               3
   42.5999985               3
   42.7000008               3
   42.7999992               3
   42.9000015               3
   43.0000000               3
   43.0999985               3
   43.2000008               3
   43.2999992               3
   43.4000015               3
   43.5000000               3
   43.5999985               3
   43.7000008               3
   43.7999992               3
   43.9000015               3
   44.0000000               3
   44.0999985               3
   44.2000008               3
   44.2999992               3
   44.4000015               3
   44.5000000               3
   44.5999985               3
   44.7000008               3
   44.7999992               3
   44.9000015               3
   45.0000000               3
   45.0999985               3
   45.2000008               3
   45.2999992               3
   45.4000015               3
   45.5000000               3
   45.5999985               3
   45.7000008               3
   45.7999992               3
   45.9000015               3
   46.0000000               3
   46.0999985               3
   46.2000008               3
   46.2999992               3
   46.4000015               3
   46.5000000               3
   46.5999985               3
   46.7000008               3
   46.7999992               3
   46.9000015               3
   47.0000000               3
   47.0999985               3
   47.2000008               3
   47.2999992               3
   47.4000015               3
   47.5000000               3
   47.5999985               3
   47.7000008               3
   47.7999992               3
   47.9000015               3
   48.0000000               3
   48.0999985               3
   48.2000008               3
   48.2999992               3
   48.4000015               3
   48.5000000               3
   48.5999985               3
   48.7000008               3
   48.7999992               3
   48.9000015               3
   49.0000000               3
   49.0999985               3
   49.2000008               3
   49.2999992               3
   49.4000015               3
   49.5000000               3
   49.5999985               3
   49.7000008               3
   49.7999992               3
   49.9000015               3
   50.0000000               3
   50.0999985               3
   50.2000008               3
   50.2999992               3
   50.4000015               3
   50.5000000               3
   50.5999985               3
   50.7000008               3
   50.7999992               3
   50.9000015               3
   51.0000000               3
   51.0999985               3
   51.2000008               3
   51.2999992               3
   51.4000015               3
   51.5000000               3
   51.5999985               3
   51.7000008               3
   51.7999992               3
   51.9000015               3
   52.0000000               3
   52.0999985               3
   52.2000008               3
   52.2999992               3
   52.4000015               3
   52.5000000               3
   52.5999985               3
   52.7000008               3
   52.7999992               3
   52.9000015               3
   53.0000000               3
   53.0999985               3
   53.2000008               3
   53.2999992               3
   53.4000015               3
   53.5000000               3
   53.5999985               3
   53.7000008               3
   53.7999992               3
   53.9000015               3
   54.0000000               3
   54.0999985               3
   54.2000008               3
   54.2999992               3
   54.4000015               3
   54.5000000               3
   54.5999985               3
   54.7000008               3
   54.7999992               3
   54.9000015               3
   55.0000000               3
   55.0999985               3
   55.2000008               3
   55.2999992               3
   55.4000015               3
   55.5000000               3
   55.5999985               3
   55.7000008               3
   55.7999992               3
   55.9000015               3
   56.0000000               3
   56.0999985               3
   56.2000008               3
   56.2999992               3
   56.4000015               3
   56.5000000               3
   56.5999985               3
   56.7000008               3
   56.7999992               3
   56.9000015               3
   57.0000000               3
   57.0999985               3
   57.2000008               3
   57.2999992               3
   57.4000015               3
   57.5000000               3
   57.5999985               3
   57.7000008               3
   57.7999992               3
   57.9000015               3
   58.0000000               3
   58.0999985               3
   58.2000008               3
   58.2999992               3
   58.4000015               3
   58.5000000               3
   58.5999985               3
   58.7000008               3
   58.7999992               3
   58.9000015               3
   59.0000000               3
   59.0999985               3
   59.2000008               3
   59.2999992               3
   59.4000015               3
   59.5000000               3
   59.5999985               3
   59.7000008               3
   59.7999992               3
   59.9000015               3
   60.0000000               3
   60.0999985               3
   60.2000008               3
   60.2999992               3
   60.4000015               3
   60.5000000               3
   60.5999985               3
   60.7000008               3
   60.7999992               3
   60.9000015               3
   61.0000000               3
   61.0999985               3
   61.2000008               3
   61.2999992               3
   61.4000015               3
   61.5000000               3
   61.5999985               3
   61.7000008               3
   61.7999992               4
   61.9000015               4
   62.0000000               4
   62.0999985               4
   62.2000008               4
   62.2999992               4
   62.4000015               4
   62.5000000               4
   62.5999985               4
   62.7000008               4
   62.7999992               4
   62.9000015               4
   63.0000000               4
   63.0999985               4
   63.2000008               4
   63.2999992               4
   63.4000015               4
   63.5000000               4
   63.5999985               4
   63.7000008               4
   63.7999992               4
   63.9000015               4
   64.0000000               4
   64.0999985               4
   64.1999969               4
   64.3000031               4
   64.4000015               4
   64.5000000               4
   64.5999985               4
   64.6999969               4
   64.8000031               4
   64.9000015               4
   65.0000000               4
   65.0999985               4
   65.1999969               4
   65.3000031               4
   65.4000015               4
   65.5000000               4
   65.5999985               4
   65.6999969               4
   65.8000031               4
   65.9000015               4
   66.0000000               4
   66.0999985               4
   66.1999969               4
   66.3000031               4
   66.4000015               4
   66.5000000               4
   66.5999985               4
   66.6999969               4
   66.8000031               4
   66.9000015               4
   67.0000000               4
   67.0999985               4
   67.1999969               4
   67.3000031               4
   67.4000015               4
   67.5000000               4
   67.5999985               4
   67.6999969               4
   67.8000031               4
   67.9000015               4
   68.0000000               4
   68.0999985               4
   68.1999969               4
   68.3000031               4
   68.4000015               4
   68.5000000               4
   68.5999985               4
   68.6999969               4
   68.8000031               4
   68.9000015               4
   69.0000000               4
   69.0999985               4
   69.1999969               4
   69.3000031               4
   69.4000015               4
   69.5000000               4
   69.5999985               4
   69.6999969               4
   69.8000031               4
   69.9000015               4
   70.0000000               4
   70.0999985               4
   70.1999969               4
   70.3000031               4
   70.4000015               4
   70.5000000               4
   70.5999985               4
   70.6999969               4
   70.8000031               4
   70.9000015               4
   71.0000000               4
   71.0999985               4
   71.1999969               4
   71.3000031               4
   71.4000015               4
   71.5000000               4
   71.5999985               4
   71.6999969               4
   71.8000031               4
   71.9000015               4
   72.0000000               4
   72.0999985               4
   72.1999969               4
   72.3000031               4
   72.4000015               4
   72.5000000               4
   72.5999985               4
   72.6999969               4
   72.8000031               4
   72.9000015               4
   73.0000000               4
   73.0999985               4
   73.1999969               4
   73.3000031               4
   73.4000015               4
   73.5000000               4
   73.5999985               4
   73.6999969               4
   73.8000031               4
   73.9000015               4
   74.0000000               4
   74.0999985               4
   74.1999969               4
   74.3000031               4
   74.4000015               4
   74.5000000               4
   74.5999985               4
   74.6999969               4
   74.8000031               4
   74.9000015               4
   75.0000000               4
   75.0999985               4
   75.1999969               4
   75.3000031               4
   75.4000015               4
   75.5000000               4
   75.5999985               4
   75.6999969               4
   75.8000031               4
   75.9000015               4
   76.0000000               4
   76.0999985               4
   76.1999969               4
   76.3000031               4
   76.4000015               4
   76.5000000               5
   76.5999985               5
   76.6999969               5
   76.8000031               5
   76.9000015               5
   77.0000000               5
   77.0999985               5
   77.1999969               5
   77.3000031               5
   77.4000015               5
   77.5000000               5
   77.5999985               5
   77.6999969               5
   77.8000031               5
   77.9000015               5
   78.0000000               5
   78.0999985               5
   78.1999969               5
   78.3000031               5
   78.4000015               5
   78.5000000               5
   78.5999985               5
   78.6999969               5
   78.8000031               5
   78.9000015               5
   79.0000000               5
   79.0999985               5
   79.1999969               5
   79.3000031               5
   79.4000015               5
   79.5000000               5
   79.5999985               5
   79.6999969               5
   79.8000031               5
   79.9000015               5
   80.0000000               5
   80.0999985               5
   80.1999969               5
   80.3000031               5
   80.4000015               5
   80.5000000               5
   80.5999985               5
   80.6999969               5
   80.8000031               5
   80.9000015               5
   81.0000000               5
   81.0999985               5
   81.1999969               5
   81.3000031               5
   81.4000015               5
   81.5000000               5
   81.5999985               5
   81.6999969               5
   81.8000031               5
   81.9000015               5
   82.0000000               5
   82.0999985               5
   82.1999969               5
   82.3000031               5
   82.4000015               5
   82.5000000               5
   82.5999985               5
   82.6999969               5
   82.8000031               5
   82.9000015               5
   83.0000000               5
   83.0999985               5
   83.1999969               5
   83.3000031               5
   83.4000015               5
   83.5000000               5
   83.5999985               5
   83.6999969               5
   83.8000031               5
   83.9000015               5
   84.0000000               5
   84.0999985               5
   84.1999969               5
   84.3000031               5
   84.4000015               5
   84.5000000               5
   84.5999985               5
   84.6999969               5
   84.8000031               5
   84.9000015               5
   85.0000000               5
   85.0999985               5
   85.1999969               5
   85.3000031               5
   85.4000015               5
   85.5000000               5
   85.5999985               5
   85.6999969               5
   85.8000031               5
   85.9000015               5
   86.0000000               5
   86.0999985               5
   86.1999969               5
   86.3000031               5
   86.4000015               5
   86.5000000               5
   86.5999985               5
   86.6999969               5
   86.8000031               5
   86.9000015               5
   87.0000000               5
   87.0999985               5
   87.1999969               5
   87.3000031               5
   87.4000015               5
   87.5000000               5
   87.5999985               5
   87.6999969               5
   87.8000031               5
   87.9000015               5
   88.0000000               5
   88.0999985               5
   88.1999969               5
   88.3000031               5
   88.4000015               5
   88.5000000               5
   88.5999985               5
   88.6999969               5
   88.8000031               5
   88.9000015               5
   89.0000000               5
   89.0999985               5
   89.1999969               5
   89.3000031               5
   89.4000015               5
   89.5000000               5
   89.5999985               5
   89.6999969               5
   89.8000031               5
   89.9000015               5
   90.0000000               5
   90.0999985               5
   90.1999969               5
   90.3000031               5
   90.4000015               5
   90.5000000               5
   90.5999985               5
   90.6999969               5
   90.8000031               5
   90.9000015               5
   91.0000000               5
   91.0999985               5
   91.1999969               5
   91.3000031               5
   91.4000015               5
   91.5000000               5
   91.5999985               5
   91.6999969               5
   91.8000031               5
   91.9000015               5
   92.0000000               5
   92.0999985               5
   92.1999969               5
   92.3000031               5
   92.4000015               5
   92.5000000               5
   92.5999985               5
   92.6999969               5
   92.8000031               5
   92.9000015               5
   93.0000000               5
   93.0999985               5
   93.1999969               5
   93.3000031               5
   93.4000015               5
   93.5000000               5
   93.5999985               5
   93.6999969               5
   93.8000031               5
   93.9000015               5
   94.0000000               5
   94.0999985               5
   94.1999969               5
   94.3000031               5
   94.4000015               5
   94.5000000               5
   94.5999985               5
   94.6999969               5
   94.8000031               5
   94.9000015               5
   95.0000000               5
   95.0999985               5
   95.1999969               5
   95.3000031               5
   95.4000015               5
   95.5000000               5
   95.5999985               5
   95.6999969               5
   95.8000031               5
   95.9000015               5
   96.0000000               5
   96.0999985               5
   96.1999969               5
   96.3000031               5
   96.4000015               5
   96.5000000               5
   96.5999985               5
   96.6999969               5
   96.8000031               5
   96.9000015               5
   97.0000000               5
   97.0999985               5
   97.1999969               5
   97.3000031               5
   97.4000015               5
   97.5000000               5
   97.5999985               5
   97.6999969               5
   97.8000031               5
   97.9000015               5
   98.0000000               5
   98.0999985               5
   98.1999969               5
   98.3000031               5
   98.4000015               5
   98.5000000               5
   98.5999985               5
   98.6999969               5
   98.8000031               5
   98.9000015               5
   99.0000000               5
   99.0999985               5
   99.1999969               5
   99.3000031               5
   99.4000015               5
   99.5000000               5
   99.5999985               5
   99.6999969               5
   99.8000031               5
   99.9000015               5
   100.000000               5
   100.099998               5
   100.199997               5
   100.300003               5
   100.400002               5
   100.500000               5
   100.599998               5
   100.699997               5
   100.800003               5
   100.900002               5
   101.000000               5
   101.099998               5
   101.199997               5
   101.300003               5
   101.400002               5
   101.500000               5
   101.599998               5
   101.699997               5
   101.800003               5
   101.900002               5
   102.000000               5
   102.099998               5
   102.199997               5
   102.300003               5
   102.400002               5
   102.500000               5
   102.599998               5
   102.699997               5
   102.800003               5
   102.900002               5
   103.000000               5
   103.099998               5
   103.199997               5
   103.300003               5
   103.400002               5
   103.500000               5
   103.599998               5
   103.699997               5
   103.800003               5
   103.900002               5
   104.000000               5
   104.099998               6
   104.199997               6
   104.300003               6
   104.400002               6
   104.500000               6
   104.599998               6
   104.699997               6
   104.800003               6
   104.900002               6
   105.000000               6
   105.099998               6
   105.199997               6
   105.300003               6
   105.400002               6
   105.500000               6
   105.599998               6
   105.699997               6
   105.800003               6
   105.900002               6
   106.000000               6
   106.099998               6
   106.199997               6
   106.300003               6
   106.400002               6
   106.500000               6
   106.599998               6
   106.699997               6
   106.800003               6
   106.900002               6
   107.000000               6
   107.099998               6
   107.199997               6
   107.300003               6
   107.400002               6
   107.500000               6
   107.599998               6
   107.699997               6
   107.800003               6
   107.900002               6
   108.000000               6
   108.099998               6
   108.199997               6
   108.300003               6
   108.400002               6
   108.500000               6
   108.599998               6
   108.699997               6
   108.800003               6
   108.900002               6
   109.000000               6
   109.099998               6
   109.199997               6
   109.300003               6
   109.400002               6
   109.500000               6
   109.599998               6
   109.699997               6
   109.800003               6
   109.900002               6
   110.000000               6
   110.099998               6
   110.199997               6
   110.300003               6
   110.400002               6
   110.500000               6
   110.599998               6
   110.699997               6
   110.800003               6
   110.900002               6
   111.000000               6
   111.099998               6
   111.199997               6
   111.300003               6
   111.400002               6
   111.500000               6
   111.599998               6
   111.699997               6
   111.800003               6
   111.900002               6
   112.000000               6
   112.099998               6
   112.199997               6
   112.300003               6
   112.400002               6
   112.500000               6
   112.599998               6
   112.699997               6
   112.800003               6
   112.900002               6
   113.000000               6
   113.099998               6
   113.199997               6
   113.300003               6
   113.400002               6
   113.500000               6
   113.599998               6
   113.699997               6
   113.800003               6
   113.900002               6
   114.000000               6
   114.099998               6
   114.199997               6
   114.300003               6
   114.400002               6
   114.500000               6
   114.599998               6
   114.699997               6
   114.800003               6
   114.900002               6
   115.000000               6
   115.099998               6
   115.199997               6
   115.300003               6
   115.400002               6
   115.500000               6
   115.599998               6
   115.699997               6
   115.800003               6
   115.900002               6
   116.000000               6
   116.099998               6
   116.199997               6
   116.300003               6
   116.400002               6
   116.500000               6
   116.599998               6
   116.699997               6
   116.800003               6
   116.900002               6
   117.000000               6
   117.099998               6
   117.199997               6
   117.300003               6
   117.400002               6
   117.500000               6
   117.599998               6
   117.699997               6
   117.800003               6
   117.900002               6
   118.000000               6
   118.099998               6
   118.199997               6
   118.300003               6
   118.400002               6
   118.500000               6
   118.599998               6
   118.699997               6
   118.800003               7
   118.900002               7
   119.000000               7
   119.099998               7
   119.199997               7
   119.300003               7
   119.400002               7
   119.500000               7
   119.599998               7
   119.699997               7
   119.800003               7
   119.900002               7
   120.000000               7
   120.099998               7
   120.199997               7
   120.300003               7
   120.400002               7
   120.500000               7
   120.599998               7
   120.699997               7
   120.800003               7
   120.900002               7
   121.000000               7
   121.099998               7
   121.199997               7
   121.300003               7
   121.400002               7
   121.500000               7
   121.599998               7
   121.699997               7
   121.800003               7
   121.900002               7
   122.000000               7
   122.099998               7
   122.199997               7
   122.300003               7
   122.400002               7
   122.500000               7
   122.599998               7
   122.699997               7
   122.800003               7
   122.900002               7
   123.000000               7
   123.099998               7
   123.199997               7
   123.300003               7
   123.400002               7
   123.500000               7
   123.599998               7
   123.699997               7
   123.800003               7
   123.900002               7
   124.000000               7
   124.099998               7
   124.199997               7
   124.300003               7
   124.400002               7
   124.500000               7
   124.599998               7
   124.699997               7
   124.800003               7
   124.900002               7
   125.000000               7
   125.099998               7
   125.199997               7
   125.300003               7
   125.400002               7
   125.500000               7
   125.599998               7
   125.699997               7
   125.800003               7
   125.900002               7
   126.000000               7
   126.099998               7
   126.199997               7
   126.300003               7
   126.400002               7
   126.500000               7
   126.599998               7
   126.699997               7
   126.800003               7
   126.900002               7
   127.000000               7
   127.099998               7
   127.199997               7
   127.300003               7
   127.400002               7
   127.500000               7
   127.599998               7
   127.699997               7
   127.800003               7
   127.900002               7
   128.000000               7
   128.100006               7
   128.199997               7
   128.300003               7
   128.399994               7
   128.500000               7
   128.600006               7
   128.699997               7
   128.800003               7
   128.899994               7
   129.000000               7
   129.100006               7
   129.199997               7
   129.300003               7
   129.399994               7
   129.500000               7
   129.600006               7
   129.699997               7
   129.800003               7
   129.899994               7
   130.000000               7
   130.100006               7
   130.199997               7
   130.300003               7
   130.399994               7
   130.500000               7
   130.600006               7
   130.699997               7
   130.800003               7
   130.899994               7
   131.000000               7
   131.100006               7
   131.199997               7
   131.300003               7
   131.399994               7
   131.500000               7
   131.600006               7
   131.699997               7
   131.800003               7
   131.899994               7
   132.000000               7
   132.100006               7
   132.199997               7
   132.300003               7
   132.399994               7
   132.500000               7
   132.600006               7
   132.699997               7
   132.800003               7
   132.899994               7
   133.000000               7
   133.100006               7
   133.199997               7
   133.300003               7
   133.399994               7
   133.500000               7
   133.600006               7
   133.699997               7
   133.800003               7
   133.899994               7
   134.000000               7
   134.100006               7
   134.199997               7
   134.300003               7
   134.399994               7
   134.500000               7
   134.600006               7
   134.699997               7
   134.800003               7
   134.899994               7
   135.000000               7
   135.100006               7
   135.199997               7
   135.300003               7
   135.399994               7
   135.500000               7
   135.600006               7
   135.699997               7
   135.800003               7
   135.899994               7
   136.000000               7
   136.100006               7
   136.199997               7
   136.300003               7
   136.399994               7
   136.500000               7
   136.600006               7
   136.699997               7
   136.800003               7
   136.899994               7
   137.000000               7
   137.100006               7
   137.199997               7
   137.300003               7
   137.399994               7
   137.500000               7
   137.600006               7
   137.699997               7
   137.800003               7
   137.899994               7
   138.000000               7
   138.100006               7
   138.199997               7
   138.300003               7
   138.399994               7
   138.500000               7
   138.600006               7
   138.699997               7
   138.800003               7
   138.899994               7
   139.000000               7
   139.100006               7
   139.199997               7
   139.300003               7
   139.399994               7
   139.500000               7
   139.600006               7
   139.699997               7
   139.800003               7
   139.899994               7
   140.000000               7
   140.100006               7
   140.199997               7
   140.300003               7
   140.399994               7
   140.500000               7
   140.600006               7
   140.699997               7
   140.800003               7
   140.899994               8
   141.000000               8
   141.100006               8
   141.199997               8
   141.300003               8
   141.399994               8
   141.500000               8
   141.600006               8
   141.699997               8
   141.800003               8
   141.899994               8
   142.000000               8
   142.100006               8
   142.199997               8
   142.300003               8
   142.399994               8
   142.500000               8
   142.600006               8
   142.699997               8
   142.800003               8
   142.899994               8
   143.000000               8
   143.100006               8
   143.199997               8
   143.300003               8
   143.399994               8
   143.500000               8
   143.600006               8
   143.699997               8
   143.800003               8
   143.899994               8
   144.000000               8
   144.100006               8
   144.199997               8
   144.300003               8
   144.399994               8
   144.500000               8
   144.600006               8
   144.699997               8
   144.800003               8
   144.899994               8
   145.000000               8
   145.100006               8
   145.199997               8
   145.300003               8
   145.399994               8
   145.500000               8
   145.600006               8
   145.699997               8
   145.800003               8
   145.899994               8
   146.000000               8
   146.100006               8
   146.199997               8
   146.300003               8
   146.399994               8
   146.500000               8
   146.600006               8
   146.699997               8
   146.800003               8
   146.899994               8
   147.000000               8
   147.100006               8
   147.199997               8
   147.300003               8
   147.399994               8
   147.500000               8
   147.600006               8
   147.699997               8
   147.800003               8
   147.899994               9
   148.000000               9
   148.100006               9
   148.199997               9
   148.300003               9
   148.399994               9
   148.500000               9
   148.600006               9
   148.699997               9
   148.800003               9
   148.899994               9
   149.000000               9
   149.100006               9
   149.199997               9
   149.300003               9
   149.399994               9
   149.500000               9
   149.600006               9
   149.699997               9
   149.800003               9
   149.899994               9
   150.000000               9
   150.100006               9
   150.199997               9
   150.300003               9
   150.399994               9
   150.500000               9
   150.600006               9
   150.699997               9
   150.800003               9
   150.899994               9
   151.000000               9
   151.100006               9
   151.199997               9
   151.300003               9
   151.399994               9
   151.500000               9
   151.600006               9
   151.699997               9
   151.800003               9
   151.899994               9
   152.000000               9
   152.100006               9
   152.199997               9
   152.300003               9
   152.399994               9
   152.500000               9
   152.600006               9
   152.699997               9
   152.800003               9
   152.899994               9
   153.000000               9
   153.100006               9
   153.199997               9
   153.300003               9
   153.399994               9
   153.500000               9
   153.600006               9
   153.699997               9
   153.800003               9
   153.899994               9
   154.000000               9
   154.100006               9
   154.199997               9
   154.300003               9
   154.399994               9
   154.500000               9
   154.600006               9
   154.699997               9
   154.800003               9
   154.899994               9
   155.000000               9
   155.100006               9
   155.199997               9
   155.300003               9
   155.399994               9
   155.500000               9
   155.600006               9
   155.699997               9
   155.800003               9
   155.899994               9
   156.000000               9
   156.100006               9
   156.199997               9
   156.300003               9
   156.399994               9
   156.500000               9
   156.600006               9
   156.699997               9
   156.800003               9
   156.899994               9
   157.000000               9
   157.100006               9
   157.199997               9
   157.300003               9
   157.399994               9
   157.500000               9
   157.600006               9
   157.699997               9
   157.800003               9
   157.899994               9
   158.000000               9
   158.100006               9
   158.199997               9
   158.300003               9
   158.399994               9
   158.500000               9
   158.600006               9
   158.699997               9
   158.800003               9
   158.899994               9
   159.000000               9
   159.100006               9
   159.199997               9
   159.300003               9
   159.399994               9
   159.500000               9
   159.600006               9
   159.699997               9
   159.800003               9
   159.899994               9
   160.000000               9
   160.100006               9
   160.199997               9
   160.300003               9
   160.399994               9
   160.500000               9
   160.600006               9
   160.699997               9
   160.800003               9
   160.899994               9
   161.000000               9
   161.100006               9
   161.199997               9
   161.300003               9
   161.399994               9
   161.500000               9
   161.600006               9
   161.699997               9
   161.800003               9
   161.899994               9
   162.000000               9
   162.100006               9
   162.199997               9
   162.300003               9
   162.399994               9
   162.500000               9
   162.600006               9
   162.699997               9
   162.800003               9
   162.899994               9
   163.000000               9
   163.100006               9
   163.199997               9
   163.300003               9
   163.399994               9
   163.500000               9
   163.600006               9
   163.699997               9
   163.800003               9
   163.899994               9
   164.000000               9
   164.100006               9
   164.199997               9
   164.300003               9
   164.399994               9
   164.500000               9
   164.600006               9
   164.699997               9
   164.800003               9
   164.899994               9
   165.000000               9
   165.100006               9
   165.199997               9
   165.300003               9
   165.399994               9
   165.500000               9
   165.600006               9
   165.699997               9
   165.800003               9
   165.899994               9
   166.000000               9
   166.100006               9
   166.199997               9
   166.300003               9
   166.399994               9
   166.500000               9
   166.600006               9
   166.699997               9
   166.800003               9
   166.899994               9
   167.000000               9
   167.100006               9
   167.199997               9
   167.300003               9
   167.399994               9
   167.500000               9
   167.600006               9
   167.699997               9
   167.800003               9
   167.899994               9
   168.000000               9
   168.100006               9
   168.199997               9
   168.300003               9
   168.399994               9
   168.500000               9
   168.600006               9
   168.699997               9
   168.800003               9
   168.899994               9
   169.000000               9
   169.100006               9
   169.199997               9
   169.300003               9
   169.399994               9
   169.500000               9
   169.600006               9
   169.699997               9
   169.800003               9
   169.899994               9
   170.000000               9
   170.100006               9
   170.199997               9
   170.300003               9
   170.399994               9
   170.500000               9
   170.600006               9
   170.699997               9
   170.800003               9
   170.899994               9
   171.000000               9
   171.100006              10
   171.199997              10
   171.300003              10
   171.399994              10
   171.500000              10
   171.600006              10
   171.699997              10
   171.800003              10
   171.899994              10
   172.000000              10
   172.100006              10
   172.199997              10
   172.300003              10
   172.399994              10
   172.500000              10
   172.600006              10
   172.699997              10
   172.800003              10
   172.899994              10
   173.000000              10
   173.100006              10
   173.199997              10
   173.300003              10
   173.399994              10
   173.500000              10
   173.600006              10
   173.699997              10
   173.800003              10
   173.899994              10
   174.000000              10
   174.100006              10
   174.199997              10
   174.300003              10
   174.399994              10
   174.500000              10
   174.600006              10
   174.699997              10
   174.800003              10
   174.899994              10
   175.000000              10
   175.100006              10
   175.199997              10
   175.300003              10
   175.399994              10
   175.500000              10
   175.600006              10
   175.699997              10
   175.800003              10
   175.899994              10
   176.000000              10
   176.100006              10
   176.199997              10
   176.300003              10
   176.399994              10
   176.500000              10
   176.600006              10
   176.699997              10
   176.800003              10
   176.899994              10
   177.000000              10
   177.100006              10
   177.199997              10
   177.300003              10
   177.399994              11
   177.500000              11
   177.600006              11
   177.699997              11
   177.800003              11
   177.899994              11
   178.000000              11
   178.100006              11
   178.199997              11
   178.300003              11
   178.399994              11
   178.500000              11
   178.600006              11
   178.699997              11
   178.800003              11
   178.899994              11
   179.000000              11
   179.100006              11
   179.199997              11
   179.300003              11
   179.399994              11
   179.500000              11
   179.600006              11
   179.699997              11
   179.800003              11
   179.899994              11
   180.000000              11
   180.100006              11
   180.199997              11
   180.300003              11
   180.399994              11
   180.500000              11
   180.600006              11
   180.699997              11
   180.800003              11
   180.899994              11
   181.000000              11
   181.100006              11
   181.199997              11
   181.300003              11
   181.399994              11
   181.500000              11
   181.600006              11
   181.699997              11
   181.800003              11
   181.899994              11
   182.000000              11
   182.100006              11
   182.199997              11
   182.300003              11
   182.399994              11
   182.500000              11
   182.600006              11
   182.699997              11
   182.800003              11
   182.899994              11
   183.000000              11
   183.100006              11
   183.199997              11
   183.300003              11
   183.399994              11
   183.500000              11
   183.600006              11
   183.699997              11
   183.800003              11
   183.899994              11
   184.000000              11
   184.100006              11
   184.199997              11
   184.300003              11
   184.399994              11
   184.500000              11
   184.600006              11
   184.699997              11
   184.800003              11
   184.899994              11
   185.000000              11
   185.100006              11
   185.199997              11
   185.300003              11
   185.399994              11
   185.500000              11
   185.600006              11
   185.699997              11
   185.800003              11
   185.899994              11
   186.000000              11
   186.100006              11
   186.199997              11
   186.300003              11
   186.399994              11
   186.500000              11
   186.600006              11
   186.699997              11
   186.800003              11
   186.899994              11
   187.000000              11
   187.100006              11
   187.199997              11
   187.300003              11
   187.399994              11
   187.500000              11
   187.600006              11
   187.699997              11
   187.800003              11
   187.899994              11
   188.000000              11
   188.100006              12
   188.199997              12
   188.300003              12
   188.399994              12
   188.500000              12
   188.600006              12
   188.699997              12
   188.800003              12
   188.899994              12
   189.000000              12
   189.100006              12
   189.199997              12
   189.300003              12
   189.399994              12
   189.500000              12
   189.600006              12
   189.699997              12
   189.800003              12
   189.899994              12
   190.000000              12
   190.100006              12
   190.199997              12
   190.300003              12
   190.399994              12
   190.500000              12
   190.600006              12
   190.699997              12
   190.800003              12
   190.899994              12
   191.000000              12
   191.100006              12
   191.199997              12
   191.300003              12
   191.399994              12
   191.500000              12
   191.600006              12
   191.699997              12
   191.800003              12
   191.899994              12
   192.000000              12
   192.100006              12
   192.199997              12
   192.300003              12
   192.399994              12
   192.500000              12
   192.600006              12
   192.699997              12
   192.800003              12
   192.899994              12
   193.000000              12
   193.100006              12
   193.199997              12
   193.300003              12
   193.399994              12
   193.500000              12
   193.600006              12
   193.699997              12
   193.800003              12
   193.899994              12
   194.000000              12
   194.100006              12
   194.199997              12
   194.300003              12
   194.399994              12
   194.500000              12
   194.600006              12
   194.699997              12
   194.800003              12
   194.899994              12
   195.000000              12
   195.100006              12
   195.199997              12
   195.300003              12
   195.399994              12
   195.500000              12
   195.600006              12
   195.699997              12
   195.800003              12
   195.899994              12
   196.000000              12
   196.100006              12
   196.199997              12
   196.300003              12
   196.399994              12
   196.500000              12
   196.600006              12
   196.699997              12
   196.800003              12
   196.899994              12
   197.000000              12
   197.100006              12
   197.199997              12
   197.300003              12
   197.399994              12
   197.500000              12
   197.600006              12
   197.699997              12
   197.800003              12
   197.899994              12
   198.000000              12
   198.100006              12
   198.199997              12
   198.300003              12
   198.399994              12
   198.500000              12
   198.600006              12
   198.699997              12
   198.800003              12
   198.899994              12
   199.000000              12
   199.100006              12
   199.199997              12
   199.300003              12
   199.399994              12
   199.500000              12
   199.600006              12
   199.699997              12
   199.800003              12
   199.899994              12
   200.000000              12
