 Permeation events over simulation time.
 t(ns) Number of events
   0.00000000               0
  0.100000001               0
  0.200000003               0
  0.300000012               0
  0.400000006               0
  0.500000000               0
  0.600000024               0
  0.699999988               0
  0.800000012               0
  0.899999976               0
   1.00000000               0
   1.10000002               0
   1.20000005               0
   1.29999995               0
   1.39999998               0
   1.50000000               0
   1.60000002               0
   1.70000005               0
   1.79999995               0
   1.89999998               0
   2.00000000               0
   2.09999990               0
   2.20000005               0
   2.29999995               0
   2.40000010               0
   2.50000000               0
   2.59999990               0
   2.70000005               0
   2.79999995               0
   2.90000010               0
   3.00000000               0
   3.09999990               0
   3.20000005               0
   3.29999995               0
   3.40000010               0
   3.50000000               0
   3.59999990               0
   3.70000005               0
   3.79999995               0
   3.90000010               0
   4.00000000               0
   4.09999990               0
   4.19999981               0
   4.30000019               0
   4.40000010               0
   4.50000000               0
   4.59999990               0
   4.69999981               0
   4.80000019               0
   4.90000010               0
   5.00000000               0
   5.09999990               0
   5.19999981               0
   5.30000019               0
   5.40000010               0
   5.50000000               0
   5.59999990               0
   5.69999981               0
   5.80000019               0
   5.90000010               0
   6.00000000               0
   6.09999990               0
   6.19999981               0
   6.30000019               0
   6.40000010               0
   6.50000000               0
   6.59999990               0
   6.69999981               0
   6.80000019               0
   6.90000010               0
   7.00000000               0
   7.09999990               0
   7.19999981               0
   7.30000019               0
   7.40000010               0
   7.50000000               0
   7.59999990               0
   7.69999981               0
   7.80000019               0
   7.90000010               0
   8.00000000               0
   8.10000038               0
   8.19999981               0
   8.30000019               0
   8.39999962               0
   8.50000000               0
   8.60000038               0
   8.69999981               0
   8.80000019               0
   8.89999962               0
   9.00000000               0
   9.10000038               0
   9.19999981               0
   9.30000019               0
   9.39999962               0
   9.50000000               0
   9.60000038               0
   9.69999981               0
   9.80000019               0
   9.89999962               0
   10.0000000               0
   10.1000004               0
   10.1999998               0
   10.3000002               0
   10.3999996               0
   10.5000000               0
   10.6000004               0
   10.6999998               0
   10.8000002               0
   10.8999996               0
   11.0000000               0
   11.1000004               0
   11.1999998               0
   11.3000002               0
   11.3999996               0
   11.5000000               0
   11.6000004               0
   11.6999998               0
   11.8000002               0
   11.8999996               0
   12.0000000               0
   12.1000004               0
   12.1999998               0
   12.3000002               0
   12.3999996               0
   12.5000000               0
   12.6000004               0
   12.6999998               0
   12.8000002               0
   12.8999996               0
   13.0000000               0
   13.1000004               0
   13.1999998               0
   13.3000002               0
   13.3999996               0
   13.5000000               0
   13.6000004               0
   13.6999998               0
   13.8000002               0
   13.8999996               0
   14.0000000               0
   14.1000004               0
   14.1999998               0
   14.3000002               0
   14.3999996               0
   14.5000000               0
   14.6000004               0
   14.6999998               0
   14.8000002               0
   14.8999996               0
   15.0000000               0
   15.1000004               0
   15.1999998               0
   15.3000002               0
   15.3999996               0
   15.5000000               0
   15.6000004               0
   15.6999998               0
   15.8000002               0
   15.8999996               0
   16.0000000               0
   16.1000004               0
   16.2000008               0
   16.2999992               0
   16.3999996               0
   16.5000000               0
   16.6000004               0
   16.7000008               0
   16.7999992               0
   16.8999996               0
   17.0000000               0
   17.1000004               0
   17.2000008               0
   17.2999992               0
   17.3999996               0
   17.5000000               0
   17.6000004               0
   17.7000008               0
   17.7999992               0
   17.8999996               0
   18.0000000               0
   18.1000004               0
   18.2000008               0
   18.2999992               0
   18.3999996               0
   18.5000000               0
   18.6000004               0
   18.7000008               0
   18.7999992               0
   18.8999996               0
   19.0000000               0
   19.1000004               0
   19.2000008               0
   19.2999992               0
   19.3999996               0
   19.5000000               0
   19.6000004               0
   19.7000008               0
   19.7999992               0
   19.8999996               0
   20.0000000               0
   20.1000004               0
   20.2000008               0
   20.2999992               0
   20.3999996               0
   20.5000000               0
   20.6000004               0
   20.7000008               0
   20.7999992               0
   20.8999996               0
   21.0000000               0
   21.1000004               0
   21.2000008               0
   21.2999992               0
   21.3999996               0
   21.5000000               0
   21.6000004               0
   21.7000008               0
   21.7999992               0
   21.8999996               0
   22.0000000               0
   22.1000004               0
   22.2000008               0
   22.2999992               0
   22.3999996               0
   22.5000000               0
   22.6000004               0
   22.7000008               0
   22.7999992               0
   22.8999996               0
   23.0000000               0
   23.1000004               0
   23.2000008               0
   23.2999992               0
   23.3999996               0
   23.5000000               0
   23.6000004               0
   23.7000008               0
   23.7999992               0
   23.8999996               0
   24.0000000               0
   24.1000004               0
   24.2000008               0
   24.2999992               0
   24.3999996               0
   24.5000000               0
   24.6000004               0
   24.7000008               0
   24.7999992               0
   24.8999996               0
   25.0000000               0
   25.1000004               0
   25.2000008               0
   25.2999992               0
   25.3999996               0
   25.5000000               0
   25.6000004               0
   25.7000008               0
   25.7999992               0
   25.8999996               0
   26.0000000               0
   26.1000004               0
   26.2000008               0
   26.2999992               0
   26.3999996               0
   26.5000000               0
   26.6000004               0
   26.7000008               0
   26.7999992               0
   26.8999996               0
   27.0000000               0
   27.1000004               0
   27.2000008               0
   27.2999992               0
   27.3999996               0
   27.5000000               0
   27.6000004               0
   27.7000008               0
   27.7999992               0
   27.8999996               0
   28.0000000               0
   28.1000004               0
   28.2000008               0
   28.2999992               0
   28.3999996               0
   28.5000000               0
   28.6000004               0
   28.7000008               0
   28.7999992               0
   28.8999996               0
   29.0000000               0
   29.1000004               0
   29.2000008               0
   29.2999992               0
   29.3999996               0
   29.5000000               0
   29.6000004               0
   29.7000008               0
   29.7999992               0
   29.8999996               0
   30.0000000               0
   30.1000004               0
   30.2000008               0
   30.2999992               0
   30.3999996               0
   30.5000000               0
   30.6000004               0
   30.7000008               0
   30.7999992               0
   30.8999996               0
   31.0000000               0
   31.1000004               0
   31.2000008               0
   31.2999992               0
   31.3999996               0
   31.5000000               0
   31.6000004               0
   31.7000008               0
   31.7999992               0
   31.8999996               0
   32.0000000               0
   32.0999985               0
   32.2000008               0
   32.2999992               0
   32.4000015               0
   32.5000000               0
   32.5999985               0
   32.7000008               0
   32.7999992               0
   32.9000015               0
   33.0000000               0
   33.0999985               0
   33.2000008               0
   33.2999992               0
   33.4000015               0
   33.5000000               0
   33.5999985               0
   33.7000008               0
   33.7999992               0
   33.9000015               0
   34.0000000               0
   34.0999985               0
   34.2000008               0
   34.2999992               0
   34.4000015               0
   34.5000000               0
   34.5999985               0
   34.7000008               0
   34.7999992               0
   34.9000015               0
   35.0000000               0
   35.0999985               0
   35.2000008               0
   35.2999992               0
   35.4000015               0
   35.5000000               0
   35.5999985               0
   35.7000008               0
   35.7999992               0
   35.9000015               0
   36.0000000               0
   36.0999985               0
   36.2000008               0
   36.2999992               0
   36.4000015               0
   36.5000000               0
   36.5999985               0
   36.7000008               0
   36.7999992               0
   36.9000015               0
   37.0000000               0
   37.0999985               0
   37.2000008               0
   37.2999992               0
   37.4000015               0
   37.5000000               0
   37.5999985               0
   37.7000008               0
   37.7999992               0
   37.9000015               0
   38.0000000               0
   38.0999985               0
   38.2000008               0
   38.2999992               0
   38.4000015               0
   38.5000000               0
   38.5999985               0
   38.7000008               0
   38.7999992               0
   38.9000015               0
   39.0000000               0
   39.0999985               0
   39.2000008               0
   39.2999992               0
   39.4000015               0
   39.5000000               0
   39.5999985               0
   39.7000008               0
   39.7999992               0
   39.9000015               0
   40.0000000               0
   40.0999985               0
   40.2000008               0
   40.2999992               0
   40.4000015               0
   40.5000000               0
   40.5999985               0
   40.7000008               0
   40.7999992               0
   40.9000015               0
   41.0000000               0
   41.0999985               0
   41.2000008               0
   41.2999992               0
   41.4000015               0
   41.5000000               0
   41.5999985               0
   41.7000008               0
   41.7999992               0
   41.9000015               0
   42.0000000               0
   42.0999985               0
   42.2000008               0
   42.2999992               0
   42.4000015               0
   42.5000000               0
   42.5999985               0
   42.7000008               0
   42.7999992               0
   42.9000015               1
   43.0000000               2
   43.0999985               3
   43.2000008               4
   43.2999992               5
   43.4000015               6
   43.5000000               7
   43.5999985               8
   43.7000008               9
   43.7999992               9
   43.9000015               9
   44.0000000               9
   44.0999985               9
   44.2000008               9
   44.2999992               9
   44.4000015               9
   44.5000000               9
   44.5999985               9
   44.7000008               9
   44.7999992               9
   44.9000015               9
   45.0000000               9
   45.0999985               9
   45.2000008               9
   45.2999992               9
   45.4000015               9
   45.5000000              10
   45.5999985              11
   45.7000008              12
   45.7999992              13
   45.9000015              14
   46.0000000              15
   46.0999985              16
   46.2000008              17
   46.2999992              18
   46.4000015              18
   46.5000000              18
   46.5999985              18
   46.7000008              18
   46.7999992              18
   46.9000015              18
   47.0000000              18
   47.0999985              18
   47.2000008              18
   47.2999992              18
   47.4000015              18
   47.5000000              18
   47.5999985              18
   47.7000008              18
   47.7999992              18
   47.9000015              18
   48.0000000              18
   48.0999985              18
   48.2000008              18
   48.2999992              18
   48.4000015              18
   48.5000000              18
   48.5999985              18
   48.7000008              18
   48.7999992              18
   48.9000015              18
   49.0000000              18
   49.0999985              18
   49.2000008              18
   49.2999992              18
   49.4000015              18
   49.5000000              18
   49.5999985              18
   49.7000008              18
   49.7999992              18
   49.9000015              18
   50.0000000              18
   50.0999985              18
   50.2000008              18
   50.2999992              18
   50.4000015              18
   50.5000000              18
   50.5999985              18
   50.7000008              18
   50.7999992              18
   50.9000015              18
   51.0000000              18
   51.0999985              18
   51.2000008              18
   51.2999992              18
   51.4000015              18
   51.5000000              18
   51.5999985              18
   51.7000008              18
   51.7999992              18
   51.9000015              18
   52.0000000              18
   52.0999985              18
   52.2000008              18
   52.2999992              18
   52.4000015              18
   52.5000000              18
   52.5999985              18
   52.7000008              18
   52.7999992              18
   52.9000015              18
   53.0000000              18
   53.0999985              18
   53.2000008              18
   53.2999992              18
   53.4000015              18
   53.5000000              18
   53.5999985              18
   53.7000008              18
   53.7999992              18
   53.9000015              18
   54.0000000              18
   54.0999985              18
   54.2000008              18
   54.2999992              18
   54.4000015              18
   54.5000000              18
   54.5999985              18
   54.7000008              18
   54.7999992              18
   54.9000015              18
   55.0000000              18
   55.0999985              18
   55.2000008              18
   55.2999992              18
   55.4000015              18
   55.5000000              18
   55.5999985              18
   55.7000008              18
   55.7999992              18
   55.9000015              18
   56.0000000              18
   56.0999985              18
   56.2000008              18
   56.2999992              18
   56.4000015              18
   56.5000000              18
   56.5999985              18
   56.7000008              18
   56.7999992              18
   56.9000015              18
   57.0000000              18
   57.0999985              18
   57.2000008              18
   57.2999992              18
   57.4000015              18
   57.5000000              18
   57.5999985              18
   57.7000008              18
   57.7999992              18
   57.9000015              18
   58.0000000              18
   58.0999985              18
   58.2000008              18
   58.2999992              18
   58.4000015              18
   58.5000000              18
   58.5999985              18
   58.7000008              18
   58.7999992              18
   58.9000015              18
   59.0000000              18
   59.0999985              18
   59.2000008              18
   59.2999992              18
   59.4000015              18
   59.5000000              18
   59.5999985              18
   59.7000008              18
   59.7999992              18
   59.9000015              18
   60.0000000              18
   60.0999985              18
   60.2000008              18
   60.2999992              18
   60.4000015              18
   60.5000000              18
   60.5999985              18
   60.7000008              18
   60.7999992              18
   60.9000015              18
   61.0000000              18
   61.0999985              18
   61.2000008              18
   61.2999992              18
   61.4000015              18
   61.5000000              18
   61.5999985              18
   61.7000008              18
   61.7999992              18
   61.9000015              18
   62.0000000              18
   62.0999985              18
   62.2000008              18
   62.2999992              18
   62.4000015              18
   62.5000000              18
   62.5999985              18
   62.7000008              18
   62.7999992              18
   62.9000015              18
   63.0000000              18
   63.0999985              18
   63.2000008              18
   63.2999992              18
   63.4000015              18
   63.5000000              18
   63.5999985              18
   63.7000008              18
   63.7999992              18
   63.9000015              18
   64.0000000              18
   64.0999985              18
   64.1999969              18
   64.3000031              18
   64.4000015              18
   64.5000000              18
   64.5999985              18
   64.6999969              18
   64.8000031              18
   64.9000015              18
   65.0000000              18
   65.0999985              18
   65.1999969              18
   65.3000031              18
   65.4000015              18
   65.5000000              18
   65.5999985              18
   65.6999969              18
   65.8000031              18
   65.9000015              18
   66.0000000              18
   66.0999985              18
   66.1999969              18
   66.3000031              18
   66.4000015              18
   66.5000000              18
   66.5999985              18
   66.6999969              18
   66.8000031              18
   66.9000015              18
   67.0000000              18
   67.0999985              18
   67.1999969              18
   67.3000031              18
   67.4000015              18
   67.5000000              18
   67.5999985              18
   67.6999969              18
   67.8000031              18
   67.9000015              18
   68.0000000              18
   68.0999985              18
   68.1999969              18
   68.3000031              18
   68.4000015              18
   68.5000000              18
   68.5999985              18
   68.6999969              18
   68.8000031              18
   68.9000015              18
   69.0000000              19
   69.0999985              20
   69.1999969              21
   69.3000031              23
   69.4000015              25
   69.5000000              27
   69.5999985              29
   69.6999969              31
   69.8000031              32
   69.9000015              33
   70.0000000              34
   70.0999985              34
   70.1999969              34
   70.3000031              34
   70.4000015              34
   70.5000000              34
   70.5999985              34
   70.6999969              34
   70.8000031              34
   70.9000015              34
   71.0000000              34
   71.0999985              34
   71.1999969              34
   71.3000031              34
   71.4000015              34
   71.5000000              34
   71.5999985              34
   71.6999969              34
   71.8000031              34
   71.9000015              34
   72.0000000              34
   72.0999985              34
   72.1999969              34
   72.3000031              34
   72.4000015              34
   72.5000000              34
   72.5999985              34
   72.6999969              34
   72.8000031              34
   72.9000015              34
   73.0000000              34
   73.0999985              34
   73.1999969              34
   73.3000031              34
   73.4000015              34
   73.5000000              34
   73.5999985              34
   73.6999969              34
   73.8000031              34
   73.9000015              34
   74.0000000              34
   74.0999985              34
   74.1999969              34
   74.3000031              34
   74.4000015              34
   74.5000000              34
   74.5999985              34
   74.6999969              34
   74.8000031              34
   74.9000015              34
   75.0000000              34
   75.0999985              34
   75.1999969              34
   75.3000031              34
   75.4000015              34
   75.5000000              34
   75.5999985              34
   75.6999969              34
   75.8000031              34
   75.9000015              34
   76.0000000              34
   76.0999985              34
   76.1999969              34
   76.3000031              34
   76.4000015              34
   76.5000000              34
   76.5999985              34
   76.6999969              34
   76.8000031              34
   76.9000015              34
   77.0000000              34
   77.0999985              34
   77.1999969              34
   77.3000031              34
   77.4000015              34
   77.5000000              34
   77.5999985              34
   77.6999969              34
   77.8000031              34
   77.9000015              34
   78.0000000              34
   78.0999985              34
   78.1999969              34
   78.3000031              34
   78.4000015              34
   78.5000000              34
   78.5999985              34
   78.6999969              34
   78.8000031              34
   78.9000015              34
   79.0000000              34
   79.0999985              34
   79.1999969              34
   79.3000031              34
   79.4000015              34
   79.5000000              34
   79.5999985              34
   79.6999969              34
   79.8000031              34
   79.9000015              34
   80.0000000              34
   80.0999985              34
   80.1999969              34
   80.3000031              34
   80.4000015              34
   80.5000000              34
   80.5999985              34
   80.6999969              34
   80.8000031              34
   80.9000015              34
   81.0000000              34
   81.0999985              34
   81.1999969              34
   81.3000031              34
   81.4000015              34
   81.5000000              34
   81.5999985              34
   81.6999969              34
   81.8000031              34
   81.9000015              34
   82.0000000              34
   82.0999985              34
   82.1999969              34
   82.3000031              34
   82.4000015              34
   82.5000000              34
   82.5999985              34
   82.6999969              34
   82.8000031              34
   82.9000015              34
   83.0000000              34
   83.0999985              34
   83.1999969              34
   83.3000031              34
   83.4000015              34
   83.5000000              34
   83.5999985              34
   83.6999969              34
   83.8000031              34
   83.9000015              34
   84.0000000              34
   84.0999985              34
   84.1999969              34
   84.3000031              34
   84.4000015              34
   84.5000000              34
   84.5999985              34
   84.6999969              34
   84.8000031              34
   84.9000015              34
   85.0000000              34
   85.0999985              34
   85.1999969              34
   85.3000031              34
   85.4000015              34
   85.5000000              34
   85.5999985              34
   85.6999969              34
   85.8000031              34
   85.9000015              34
   86.0000000              34
   86.0999985              34
   86.1999969              34
   86.3000031              34
   86.4000015              34
   86.5000000              34
   86.5999985              34
   86.6999969              34
   86.8000031              34
   86.9000015              34
   87.0000000              34
   87.0999985              34
   87.1999969              34
   87.3000031              34
   87.4000015              34
   87.5000000              34
   87.5999985              34
   87.6999969              34
   87.8000031              34
   87.9000015              34
   88.0000000              34
   88.0999985              34
   88.1999969              34
   88.3000031              34
   88.4000015              34
   88.5000000              34
   88.5999985              34
   88.6999969              34
   88.8000031              34
   88.9000015              34
   89.0000000              34
   89.0999985              34
   89.1999969              34
   89.3000031              34
   89.4000015              34
   89.5000000              34
   89.5999985              34
   89.6999969              34
   89.8000031              34
   89.9000015              34
   90.0000000              34
   90.0999985              34
   90.1999969              34
   90.3000031              34
   90.4000015              34
   90.5000000              34
   90.5999985              34
   90.6999969              34
   90.8000031              34
   90.9000015              34
   91.0000000              34
   91.0999985              34
   91.1999969              34
   91.3000031              34
   91.4000015              34
   91.5000000              34
   91.5999985              34
   91.6999969              34
   91.8000031              34
   91.9000015              34
   92.0000000              34
   92.0999985              34
   92.1999969              34
   92.3000031              34
   92.4000015              34
   92.5000000              34
   92.5999985              34
   92.6999969              34
   92.8000031              34
   92.9000015              34
   93.0000000              34
   93.0999985              34
   93.1999969              34
   93.3000031              34
   93.4000015              34
   93.5000000              34
   93.5999985              34
   93.6999969              34
   93.8000031              34
   93.9000015              34
   94.0000000              34
   94.0999985              35
   94.1999969              36
   94.3000031              37
   94.4000015              38
   94.5000000              39
   94.5999985              40
   94.6999969              41
   94.8000031              42
   94.9000015              43
   95.0000000              43
   95.0999985              43
   95.1999969              43
   95.3000031              43
   95.4000015              43
   95.5000000              43
   95.5999985              43
   95.6999969              43
   95.8000031              43
   95.9000015              43
   96.0000000              43
   96.0999985              43
   96.1999969              43
   96.3000031              43
   96.4000015              43
   96.5000000              43
   96.5999985              43
   96.6999969              43
   96.8000031              43
   96.9000015              43
   97.0000000              43
   97.0999985              43
   97.1999969              43
   97.3000031              43
   97.4000015              43
   97.5000000              43
   97.5999985              43
   97.6999969              43
   97.8000031              43
   97.9000015              43
   98.0000000              43
   98.0999985              43
   98.1999969              43
   98.3000031              43
   98.4000015              43
   98.5000000              43
   98.5999985              43
   98.6999969              43
   98.8000031              43
   98.9000015              43
   99.0000000              43
   99.0999985              43
   99.1999969              43
   99.3000031              43
   99.4000015              43
   99.5000000              43
   99.5999985              43
   99.6999969              43
   99.8000031              43
   99.9000015              43
   100.000000              43
