  0.800000012               0
  0.899999976               0
   1.00000000               0
   1.10000002               0
   1.20000005               0
   1.29999995               0
   1.39999998               0
   1.50000000               0
   1.60000002               0
   1.70000005               0
   1.79999995               0
   1.89999998               0
   2.00000000               0
   2.09999990               0
   2.20000005               0
   2.29999995               0
   2.40000010               0
   2.50000000               0
   2.59999990               0
   2.70000005               0
   2.79999995               0
   2.90000010               0
   3.00000000               0
   3.09999990               0
   3.20000005               0
   3.29999995               0
   3.40000010               0
   3.50000000               0
   3.59999990               0
   3.70000005               0
   3.79999995               0
   3.90000010               0
   4.00000000               0
   4.09999990               0
   4.19999981               0
   4.30000019               0
   4.40000010               0
   4.50000000               0
   4.59999990               0
   4.69999981               0
   4.80000019               0
   4.90000010               0
   5.00000000               0
   5.09999990               0
   5.19999981               0
   5.30000019               1
   5.40000010               1
   5.50000000               1
   5.59999990               2
   5.69999981               2
   5.80000019               2
   5.90000010               2
   6.00000000               2
   6.09999990               2
   6.19999981               2
   6.30000019               2
   6.40000010               2
   6.50000000               2
   6.59999990               2
   6.69999981               2
   6.80000019               2
   6.90000010               2
   7.00000000               2
   7.09999990               3
   7.19999981               3
   7.30000019               3
   7.40000010               3
   7.50000000               3
   7.59999990               5
   7.69999981               5
   7.80000019               5
   7.90000010               5
   8.00000000               5
   8.10000038               5
   8.19999981               5
   8.30000019               5
   8.39999962               5
   8.50000000               5
   8.60000038               5
   8.69999981               5
   8.80000019               5
   8.89999962               5
   9.00000000               5
   9.10000038               5
   9.19999981               5
   9.30000019               5
   9.39999962               5
   9.50000000               5
   9.60000038               5
   9.69999981               5
   9.80000019               5
   9.89999962               5
   10.0000000               5
   10.1000004               5
   10.1999998               5
   10.3000002               5
   10.3999996               5
   10.5000000               5
   10.6000004               5
   10.6999998               5
   10.8000002               5
   10.8999996               5
   11.0000000               5
   11.1000004               5
   11.1999998               5
   11.3000002               6
   11.3999996               6
   11.5000000               6
   11.6000004               6
   11.6999998               6
   11.8000002               6
   11.8999996               6
   12.0000000               6
   12.1000004               6
   12.1999998               6
   12.3000002               6
   12.3999996               6
   12.5000000               6
   12.6000004               6
   12.6999998               6
   12.8000002               6
   12.8999996               6
   13.0000000               6
   13.1000004               6
   13.1999998               6
   13.3000002               6
   13.3999996               6
   13.5000000               6
   13.6000004               6
   13.6999998               6
   13.8000002               6
   13.8999996               6
   14.0000000               6
   14.1000004               6
   14.1999998               6
   14.3000002               6
   14.3999996               6
   14.5000000               6
   14.6000004               6
   14.6999998               6
   14.8000002               6
   14.8999996               6
   15.0000000               6
   15.1000004               6
   15.1999998               6
   15.3000002               6
   15.3999996               6
   15.5000000               6
   15.6000004               6
   15.6999998               6
   15.8000002               6
   15.8999996               6
   16.0000000               6
   16.1000004               6
   16.2000008               6
   16.2999992               6
   16.3999996               6
   16.5000000               6
   16.6000004               6
   16.7000008               6
   16.7999992               6
   16.8999996               6
   17.0000000               6
   17.1000004               6
   17.2000008               6
   17.2999992               6
   17.3999996               6
   17.5000000               6
   17.6000004               6
   17.7000008               6
   17.7999992               6
   17.8999996               6
   18.0000000               6
   18.1000004               6
   18.2000008               6
   18.2999992               6
   18.3999996               6
   18.5000000               6
   18.6000004               6
   18.7000008               6
   18.7999992               6
   18.8999996               6
   19.0000000               6
   19.1000004               6
   19.2000008               6
   19.2999992               7
   19.3999996               7
   19.5000000               7
   19.6000004               7
   19.7000008               7
   19.7999992               7
   19.8999996               7
   20.0000000               7
   20.1000004               8
   20.2000008               8
   20.2999992               8
   20.3999996               8
   20.5000000               8
   20.6000004               8
   20.7000008               9
   20.7999992               9
   20.8999996               9
   21.0000000               9
   21.1000004               9
   21.2000008               9
   21.2999992               9
   21.3999996               9
   21.5000000               9
   21.6000004               9
   21.7000008               9
   21.7999992               9
   21.8999996               9
   22.0000000               9
   22.1000004              10
   22.2000008              10
   22.2999992              10
   22.3999996              10
   22.5000000              10
   22.6000004              10
   22.7000008              10
   22.7999992              10
   22.8999996              10
   23.0000000              10
   23.1000004              10
   23.2000008              10
   23.2999992              10
   23.3999996              10
   23.5000000              10
   23.6000004              10
   23.7000008              10
   23.7999992              10
   23.8999996              10
   24.0000000              10
   24.1000004              10
   24.2000008              10
   24.2999992              10
   24.3999996              10
   24.5000000              10
   24.6000004              10
   24.7000008              10
   24.7999992              10
   24.8999996              10
   25.0000000              10
   25.1000004              11
   25.2000008              11
   25.2999992              11
   25.3999996              11
   25.5000000              11
   25.6000004              11
   25.7000008              11
   25.7999992              12
   25.8999996              12
   26.0000000              12
   26.1000004              12
   26.2000008              12
   26.2999992              12
   26.3999996              12
   26.5000000              13
   26.6000004              13
   26.7000008              13
   26.7999992              13
   26.8999996              13
   27.0000000              13
   27.1000004              13
   27.2000008              13
   27.2999992              13
   27.3999996              13
   27.5000000              13
   27.6000004              13
   27.7000008              13
   27.7999992              13
   27.8999996              13
   28.0000000              13
   28.1000004              13
   28.2000008              13
   28.2999992              13
   28.3999996              14
   28.5000000              14
   28.6000004              14
   28.7000008              14
   28.7999992              14
   28.8999996              14
   29.0000000              14
   29.1000004              14
   29.2000008              14
   29.2999992              14
   29.3999996              14
   29.5000000              14
   29.6000004              14
   29.7000008              14
   29.7999992              14
   29.8999996              14
   30.0000000              14
   30.1000004              14
   30.2000008              14
   30.2999992              14
   30.3999996              14
   30.5000000              14
   30.6000004              15
   30.7000008              15
   30.7999992              15
   30.8999996              15
   31.0000000              15
   31.1000004              15
   31.2000008              15
   31.2999992              15
   31.3999996              15
   31.5000000              15
   31.6000004              15
   31.7000008              15
   31.7999992              15
   31.8999996              15
   32.0000000              15
   32.0999985              15
   32.2000008              15
   32.2999992              15
   32.4000015              15
   32.5000000              15
   32.5999985              15
   32.7000008              16
   32.7999992              16
   32.9000015              16
   33.0000000              16
   33.0999985              16
   33.2000008              16
   33.2999992              16
   33.4000015              16
   33.5000000              17
   33.5999985              17
   33.7000008              17
   33.7999992              17
   33.9000015              17
   34.0000000              17
   34.0999985              17
   34.2000008              17
   34.2999992              17
   34.4000015              17
   34.5000000              17
   34.5999985              17
   34.7000008              17
   34.7999992              17
   34.9000015              17
   35.0000000              17
   35.0999985              18
   35.2000008              18
   35.2999992              18
   35.4000015              18
   35.5000000              18
   35.5999985              18
   35.7000008              18
   35.7999992              18
   35.9000015              19
   36.0000000              19
   36.0999985              19
   36.2000008              19
   36.2999992              19
   36.4000015              19
   36.5000000              19
   36.5999985              19
   36.7000008              19
   36.7999992              19
   36.9000015              19
   37.0000000              19
   37.0999985              19
   37.2000008              19
   37.2999992              19
   37.4000015              19
   37.5000000              19
   37.5999985              19
   37.7000008              19
   37.7999992              19
   37.9000015              19
   38.0000000              19
   38.0999985              19
   38.2000008              19
   38.2999992              19
   38.4000015              19
   38.5000000              19
   38.5999985              19
   38.7000008              19
   38.7999992              19
   38.9000015              19
   39.0000000              19
   39.0999985              19
   39.2000008              19
   39.2999992              20
   39.4000015              20
   39.5000000              21
   39.5999985              21
   39.7000008              21
   39.7999992              21
   39.9000015              21
   40.0000000              22
   40.0999985              22
   40.2000008              22
   40.2999992              22
   40.4000015              22
   40.5000000              22
   40.5999985              22
   40.7000008              22
   40.7999992              22
   40.9000015              23
   41.0000000              23
   41.0999985              23
   41.2000008              24
   41.2999992              24
   41.4000015              24
   41.5000000              24
   41.5999985              24
   41.7000008              24
   41.7999992              24
   41.9000015              24
   42.0000000              24
   42.0999985              24
   42.2000008              24
   42.2999992              24
   42.4000015              24
   42.5000000              26
   42.5999985              26
   42.7000008              26
   42.7999992              26
   42.9000015              26
   43.0000000              26
   43.0999985              26
   43.2000008              26
   43.2999992              26
   43.4000015              26
   43.5000000              26
   43.5999985              26
   43.7000008              26
   43.7999992              26
   43.9000015              26
   44.0000000              26
   44.0999985              26
   44.2000008              26
   44.2999992              26
   44.4000015              26
   44.5000000              26
   44.5999985              26
   44.7000008              26
   44.7999992              26
   44.9000015              26
   45.0000000              26
   45.0999985              26
   45.2000008              26
   45.2999992              26
   45.4000015              26
   45.5000000              26
   45.5999985              26
   45.7000008              26
   45.7999992              26
   45.9000015              26
   46.0000000              26
   46.0999985              26
   46.2000008              26
   46.2999992              26
   46.4000015              26
   46.5000000              26
   46.5999985              26
   46.7000008              26
   46.7999992              26
   46.9000015              26
   47.0000000              26
   47.0999985              26
   47.2000008              26
   47.2999992              26
   47.4000015              26
   47.5000000              26
   47.5999985              26
   47.7000008              26
   47.7999992              26
   47.9000015              26
   48.0000000              26
   48.0999985              27
   48.2000008              27
   48.2999992              27
   48.4000015              27
   48.5000000              27
   48.5999985              27
   48.7000008              27
   48.7999992              27
   48.9000015              27
   49.0000000              27
   49.0999985              27
   49.2000008              27
   49.2999992              27
   49.4000015              27
   49.5000000              27
   49.5999985              27
   49.7000008              27
   49.7999992              28
   49.9000015              28
   50.0000000              28
   50.0999985              28
   50.2000008              28
   50.2999992              28
   50.4000015              28
   50.5000000              28
   50.5999985              28
   50.7000008              28
   50.7999992              28
   50.9000015              28
   51.0000000              28
   51.0999985              28
   51.2000008              28
   51.2999992              28
   51.4000015              29
   51.5000000              29
   51.5999985              29
   51.7000008              29
   51.7999992              29
   51.9000015              29
   52.0000000              29
   52.0999985              29
   52.2000008              29
   52.2999992              30
   52.4000015              30
   52.5000000              30
   52.5999985              30
   52.7000008              30
   52.7999992              30
   52.9000015              30
   53.0000000              30
   53.0999985              30
   53.2000008              30
   53.2999992              30
   53.4000015              30
   53.5000000              30
   53.5999985              31
   53.7000008              31
   53.7999992              31
   53.9000015              31
   54.0000000              31
   54.0999985              31
   54.2000008              31
   54.2999992              31
   54.4000015              31
   54.5000000              31
   54.5999985              32
   54.7000008              32
   54.7999992              32
   54.9000015              32
   55.0000000              32
   55.0999985              32
   55.2000008              32
   55.2999992              32
   55.4000015              32
   55.5000000              33
   55.5999985              33
   55.7000008              33
   55.7999992              33
   55.9000015              33
   56.0000000              33
   56.0999985              33
   56.2000008              33
   56.2999992              33
   56.4000015              33
   56.5000000              33
   56.5999985              33
   56.7000008              33
   56.7999992              33
   56.9000015              33
   57.0000000              33
   57.0999985              33
   57.2000008              33
   57.2999992              33
   57.4000015              33
   57.5000000              33
   57.5999985              33
   57.7000008              33
   57.7999992              33
   57.9000015              33
   58.0000000              33
   58.0999985              33
   58.2000008              33
   58.2999992              33
   58.4000015              33
   58.5000000              33
   58.5999985              33
   58.7000008              33
   58.7999992              33
   58.9000015              33
   59.0000000              33
   59.0999985              33
   59.2000008              33
   59.2999992              33
   59.4000015              33
   59.5000000              33
   59.5999985              33
   59.7000008              33
   59.7999992              33
   59.9000015              33
   60.0000000              33
   60.0999985              33
   60.2000008              33
   60.2999992              33
   60.4000015              33
   60.5000000              33
   60.5999985              33
   60.7000008              33
   60.7999992              33
   60.9000015              33
   61.0000000              34
   61.0999985              34
   61.2000008              34
   61.2999992              34
   61.4000015              34
   61.5000000              34
   61.5999985              34
   61.7000008              34
   61.7999992              34
   61.9000015              34
   62.0000000              34
   62.0999985              34
   62.2000008              35
   62.2999992              35
   62.4000015              35
   62.5000000              36
   62.5999985              36
   62.7000008              36
   62.7999992              36
   62.9000015              36
   63.0000000              36
   63.0999985              36
   63.2000008              36
   63.2999992              36
   63.4000015              36
   63.5000000              36
   63.5999985              36
   63.7000008              36
   63.7999992              36
   63.9000015              36
   64.0000000              36
   64.0999985              36
   64.1999969              36
   64.3000031              36
   64.4000015              36
   64.5000000              36
   64.5999985              37
   64.6999969              37
   64.8000031              37
   64.9000015              37
   65.0000000              37
   65.0999985              37
   65.1999969              37
   65.3000031              37
   65.4000015              37
   65.5000000              37
   65.5999985              37
   65.6999969              37
   65.8000031              37
   65.9000015              37
   66.0000000              37
   66.0999985              37
   66.1999969              37
   66.3000031              37
   66.4000015              37
   66.5000000              37
   66.5999985              37
   66.6999969              37
   66.8000031              37
   66.9000015              37
   67.0000000              37
   67.0999985              37
   67.1999969              37
   67.3000031              37
   67.4000015              37
   67.5000000              37
   67.5999985              38
   67.6999969              38
   67.8000031              38
   67.9000015              38
   68.0000000              38
   68.0999985              38
   68.1999969              38
   68.3000031              38
   68.4000015              38
   68.5000000              38
   68.5999985              38
   68.6999969              38
   68.8000031              39
   68.9000015              39
   69.0000000              39
   69.0999985              39
   69.1999969              39
   69.3000031              39
   69.4000015              39
   69.5000000              39
   69.5999985              39
   69.6999969              39
   69.8000031              39
   69.9000015              39
   70.0000000              39
   70.0999985              39
   70.1999969              39
   70.3000031              39
   70.4000015              39
   70.5000000              39
   70.5999985              39
   70.6999969              39
   70.8000031              39
   70.9000015              39
   71.0000000              39
   71.0999985              39
   71.1999969              39
   71.3000031              39
   71.4000015              39
   71.5000000              39
   71.5999985              39
   71.6999969              39
   71.8000031              39
   71.9000015              39
   72.0000000              39
   72.0999985              39
   72.1999969              39
   72.3000031              39
   72.4000015              39
   72.5000000              39
   72.5999985              39
   72.6999969              39
   72.8000031              39
   72.9000015              39
   73.0000000              39
   73.0999985              39
   73.1999969              39
   73.3000031              39
   73.4000015              39
   73.5000000              39
   73.5999985              39
   73.6999969              39
   73.8000031              39
   73.9000015              39
   74.0000000              39
   74.0999985              39
   74.1999969              39
   74.3000031              39
   74.4000015              39
   74.5000000              40
   74.5999985              40
   74.6999969              41
   74.8000031              41
   74.9000015              41
   75.0000000              41
   75.0999985              41
   75.1999969              41
   75.3000031              41
   75.4000015              41
   75.5000000              41
   75.5999985              41
   75.6999969              41
   75.8000031              41
   75.9000015              41
   76.0000000              41
   76.0999985              41
   76.1999969              41
   76.3000031              41
   76.4000015              41
   76.5000000              41
   76.5999985              41
   76.6999969              41
   76.8000031              41
   76.9000015              42
   77.0000000              42
   77.0999985              42
   77.1999969              42
   77.3000031              42
   77.4000015              42
   77.5000000              42
   77.5999985              43
   77.6999969              43
   77.8000031              43
   77.9000015              43
   78.0000000              43
   78.0999985              43
   78.1999969              43
   78.3000031              43
   78.4000015              43
   78.5000000              43
   78.5999985              43
   78.6999969              43
   78.8000031              43
   78.9000015              43
   79.0000000              43
   79.0999985              43
   79.1999969              43
   79.3000031              43
   79.4000015              43
   79.5000000              43
   79.5999985              43
   79.6999969              43
   79.8000031              43
   79.9000015              43
   80.0000000              43
   80.0999985              43
   80.1999969              43
   80.3000031              43
   80.4000015              43
   80.5000000              43
   80.5999985              43
   80.6999969              43
   80.8000031              43
   80.9000015              43
   81.0000000              43
   81.0999985              43
   81.1999969              43
   81.3000031              43
   81.4000015              43
   81.5000000              43
   81.5999985              43
   81.6999969              43
   81.8000031              43
   81.9000015              43
   82.0000000              43
   82.0999985              43
   82.1999969              43
   82.3000031              43
   82.4000015              43
   82.5000000              43
   82.5999985              43
   82.6999969              44
   82.8000031              44
   82.9000015              44
   83.0000000              44
   83.0999985              44
   83.1999969              44
   83.3000031              44
   83.4000015              44
   83.5000000              44
   83.5999985              44
   83.6999969              44
   83.8000031              44
   83.9000015              44
   84.0000000              44
   84.0999985              44
   84.1999969              44
   84.3000031              44
   84.4000015              44
   84.5000000              44
   84.5999985              44
   84.6999969              44
   84.8000031              44
   84.9000015              44
   85.0000000              44
   85.0999985              44
   85.1999969              44
   85.3000031              44
   85.4000015              44
   85.5000000              44
   85.5999985              44
   85.6999969              44
   85.8000031              44
   85.9000015              44
   86.0000000              44
   86.0999985              44
   86.1999969              44
   86.3000031              44
   86.4000015              44
   86.5000000              44
   86.5999985              44
   86.6999969              44
   86.8000031              44
   86.9000015              44
   87.0000000              44
   87.0999985              44
   87.1999969              44
   87.3000031              44
   87.4000015              44
   87.5000000              44
   87.5999985              45
   87.6999969              45
   87.8000031              45
   87.9000015              45
   88.0000000              45
   88.0999985              46
   88.1999969              46
   88.3000031              46
   88.4000015              46
   88.5000000              46
   88.5999985              46
   88.6999969              46
   88.8000031              46
   88.9000015              46
   89.0000000              46
   89.0999985              46
   89.1999969              46
   89.3000031              46
   89.4000015              46
   89.5000000              46
   89.5999985              46
   89.6999969              46
   89.8000031              46
   89.9000015              46
   90.0000000              46
   90.0999985              46
   90.1999969              46
   90.3000031              46
   90.4000015              46
   90.5000000              46
   90.5999985              46
   90.6999969              46
   90.8000031              47
   90.9000015              47
   91.0000000              47
   91.0999985              48
   91.1999969              48
   91.3000031              48
   91.4000015              48
   91.5000000              48
   91.5999985              48
   91.6999969              48
   91.8000031              49
   91.9000015              49
   92.0000000              49
   92.0999985              49
   92.1999969              49
   92.3000031              49
   92.4000015              49
   92.5000000              49
   92.5999985              49
   92.6999969              49
   92.8000031              49
   92.9000015              49
   93.0000000              49
   93.0999985              49
   93.1999969              49
   93.3000031              49
   93.4000015              50
   93.5000000              50
   93.5999985              50
   93.6999969              50
   93.8000031              50
   93.9000015              50
   94.0000000              50
   94.0999985              51
   94.1999969              51
   94.3000031              51
   94.4000015              51
   94.5000000              51
   94.5999985              51
   94.6999969              51
   94.8000031              51
   94.9000015              51
   95.0000000              51
   95.0999985              51
   95.1999969              51
   95.3000031              51
   95.4000015              51
   95.5000000              51
   95.5999985              51
   95.6999969              51
   95.8000031              51
   95.9000015              51
   96.0000000              51
   96.0999985              51
   96.1999969              51
   96.3000031              51
   96.4000015              51
   96.5000000              51
   96.5999985              51
   96.6999969              51
   96.8000031              51
   96.9000015              51
   97.0000000              51
   97.0999985              51
   97.1999969              51
   97.3000031              52
   97.4000015              52
   97.5000000              52
   97.5999985              52
   97.6999969              52
   97.8000031              52
   97.9000015              52
   98.0000000              52
   98.0999985              52
   98.1999969              52
   98.3000031              53
   98.4000015              53
   98.5000000              53
   98.5999985              53
   98.6999969              53
   98.8000031              54
   98.9000015              54
   99.0000000              54
   99.0999985              54
   99.1999969              54
   99.3000031              54
   99.4000015              54
   99.5000000              54
   99.5999985              54
   99.6999969              54
   99.8000031              54
   99.9000015              54
   100.000000              55
   100.099998              55
   100.199997              55
   100.300003              55
   100.400002              55
   100.500000              55
   100.599998              55
   100.699997              55
   100.800003              56
   100.900002              56
   101.000000              56
   101.099998              56
   101.199997              56
   101.300003              56
   101.400002              56
   101.500000              56
   101.599998              56
   101.699997              56
   101.800003              56
   101.900002              57
   102.000000              57
   102.099998              57
   102.199997              57
   102.300003              57
   102.400002              57
   102.500000              57
   102.599998              57
   102.699997              57
   102.800003              57
   102.900002              57
   103.000000              58
   103.099998              58
   103.199997              58
   103.300003              58
   103.400002              58
   103.500000              58
   103.599998              58
   103.699997              58
   103.800003              58
   103.900002              59
   104.000000              60
   104.099998              60
   104.199997              60
   104.300003              60
   104.400002              60
   104.500000              60
   104.599998              60
   104.699997              60
   104.800003              60
   104.900002              60
   105.000000              60
   105.099998              60
   105.199997              60
   105.300003              61
   105.400002              61
   105.500000              61
   105.599998              61
   105.699997              61
   105.800003              61
   105.900002              61
   106.000000              61
   106.099998              61
   106.199997              61
   106.300003              61
   106.400002              61
   106.500000              61
   106.599998              61
   106.699997              61
   106.800003              61
   106.900002              61
   107.000000              61
   107.099998              61
   107.199997              61
   107.300003              61
   107.400002              61
   107.500000              61
   107.599998              61
   107.699997              61
   107.800003              61
   107.900002              61
   108.000000              61
   108.099998              61
   108.199997              61
   108.300003              61
   108.400002              61
   108.500000              61
   108.599998              61
   108.699997              61
   108.800003              61
   108.900002              61
   109.000000              61
   109.099998              61
   109.199997              61
   109.300003              61
   109.400002              61
   109.500000              61
   109.599998              61
   109.699997              61
   109.800003              61
   109.900002              61
   110.000000              61
   110.099998              61
   110.199997              61
   110.300003              61
   110.400002              61
   110.500000              61
   110.599998              61
   110.699997              61
   110.800003              62
   110.900002              62
   111.000000              62
   111.099998              62
   111.199997              62
   111.300003              62
   111.400002              62
   111.500000              62
   111.599998              62
   111.699997              62
   111.800003              62
   111.900002              62
   112.000000              62
   112.099998              62
   112.199997              62
   112.300003              62
   112.400002              62
   112.500000              62
   112.599998              62
   112.699997              62
   112.800003              62
   112.900002              62
   113.000000              62
   113.099998              62
   113.199997              62
   113.300003              62
   113.400002              62
   113.500000              62
   113.599998              62
   113.699997              62
   113.800003              62
   113.900002              62
   114.000000              62
   114.099998              62
   114.199997              62
   114.300003              62
   114.400002              62
   114.500000              62
   114.599998              62
   114.699997              62
   114.800003              62
   114.900002              62
   115.000000              62
   115.099998              62
   115.199997              62
   115.300003              62
   115.400002              63
   115.500000              63
   115.599998              63
   115.699997              63
   115.800003              63
   115.900002              63
   116.000000              63
   116.099998              63
   116.199997              63
   116.300003              63
   116.400002              63
   116.500000              63
   116.599998              63
   116.699997              63
   116.800003              63
   116.900002              63
   117.000000              63
   117.099998              63
   117.199997              63
   117.300003              63
   117.400002              63
   117.500000              63
   117.599998              63
   117.699997              63
   117.800003              63
   117.900002              63
   118.000000              63
   118.099998              63
   118.199997              63
   118.300003              63
   118.400002              63
   118.500000              63
   118.599998              63
   118.699997              63
   118.800003              63
   118.900002              63
   119.000000              63
   119.099998              64
   119.199997              64
   119.300003              64
   119.400002              64
   119.500000              64
   119.599998              64
   119.699997              64
   119.800003              64
   119.900002              64
   120.000000              64
   120.099998              64
   120.199997              64
   120.300003              64
   120.400002              64
   120.500000              64
   120.599998              64
   120.699997              64
   120.800003              64
   120.900002              64
   121.000000              64
   121.099998              64
   121.199997              64
   121.300003              64
   121.400002              64
   121.500000              64
   121.599998              64
   121.699997              64
   121.800003              64
   121.900002              64
   122.000000              64
   122.099998              64
   122.199997              64
   122.300003              64
   122.400002              64
   122.500000              64
   122.599998              64
   122.699997              64
   122.800003              64
   122.900002              65
   123.000000              65
   123.099998              65
   123.199997              65
   123.300003              65
   123.400002              65
   123.500000              65
   123.599998              67
   123.699997              67
   123.800003              67
   123.900002              67
   124.000000              67
   124.099998              67
   124.199997              67
   124.300003              68
   124.400002              68
   124.500000              68
   124.599998              68
   124.699997              68
   124.800003              68
   124.900002              68
   125.000000              68
   125.099998              68
   125.199997              68
   125.300003              68
   125.400002              68
   125.500000              68
   125.599998              68
   125.699997              68
   125.800003              68
   125.900002              68
   126.000000              68
   126.099998              68
   126.199997              68
   126.300003              68
   126.400002              68
   126.500000              68
   126.599998              68
   126.699997              68
   126.800003              68
   126.900002              68
   127.000000              68
   127.099998              68
   127.199997              68
   127.300003              68
   127.400002              68
   127.500000              68
   127.599998              68
   127.699997              68
   127.800003              69
   127.900002              69
   128.000000              69
   128.100006              69
   128.199997              69
   128.300003              69
   128.399994              69
   128.500000              69
   128.600006              69
   128.699997              69
   128.800003              69
   128.899994              69
   129.000000              69
   129.100006              69
   129.199997              70
   129.300003              70
   129.399994              70
   129.500000              70
   129.600006              70
   129.699997              70
   129.800003              70
   129.899994              70
   130.000000              70
   130.100006              71
   130.199997              71
   130.300003              72
   130.399994              72
   130.500000              72
   130.600006              72
   130.699997              73
   130.800003              74
   130.899994              74
   131.000000              74
   131.100006              74
   131.199997              74
   131.300003              74
   131.399994              74
   131.500000              74
   131.600006              74
   131.699997              74
   131.800003              74
   131.899994              74
   132.000000              74
   132.100006              74
   132.199997              75
   132.300003              75
   132.399994              75
   132.500000              76
   132.600006              76
   132.699997              76
   132.800003              76
   132.899994              76
   133.000000              76
   133.100006              76
   133.199997              76
   133.300003              76
   133.399994              76
   133.500000              76
   133.600006              76
   133.699997              76
   133.800003              76
   133.899994              76
   134.000000              76
   134.100006              76
   134.199997              76
   134.300003              76
   134.399994              76
   134.500000              76
   134.600006              76
   134.699997              76
   134.800003              76
   134.899994              76
   135.000000              76
   135.100006              76
   135.199997              76
   135.300003              76
   135.399994              76
   135.500000              76
   135.600006              76
   135.699997              76
   135.800003              76
   135.899994              76
   136.000000              76
   136.100006              76
   136.199997              77
   136.300003              78
   136.399994              78
   136.500000              78
   136.600006              78
   136.699997              78
   136.800003              78
   136.899994              78
   137.000000              78
   137.100006              78
   137.199997              78
   137.300003              78
   137.399994              78
   137.500000              78
   137.600006              78
   137.699997              78
   137.800003              78
   137.899994              78
   138.000000              78
   138.100006              78
   138.199997              78
   138.300003              78
   138.399994              78
   138.500000              78
   138.600006              78
   138.699997              78
   138.800003              78
   138.899994              78
   139.000000              78
   139.100006              78
   139.199997              78
   139.300003              78
   139.399994              78
   139.500000              79
   139.600006              79
   139.699997              79
   139.800003              79
   139.899994              79
   140.000000              79
   140.100006              79
   140.199997              79
   140.300003              79
   140.399994              79
   140.500000              79
   140.600006              79
   140.699997              79
   140.800003              79
   140.899994              79
   141.000000              79
   141.100006              79
   141.199997              79
   141.300003              79
   141.399994              79
   141.500000              79
   141.600006              79
   141.699997              79
   141.800003              79
   141.899994              79
   142.000000              79
   142.100006              79
   142.199997              79
   142.300003              79
   142.399994              79
   142.500000              79
   142.600006              79
   142.699997              79
   142.800003              79
   142.899994              79
   143.000000              79
   143.100006              79
   143.199997              79
   143.300003              79
   143.399994              79
   143.500000              79
   143.600006              79
   143.699997              79
   143.800003              79
   143.899994              79
   144.000000              79
   144.100006              79
   144.199997              79
   144.300003              79
   144.399994              79
   144.500000              79
   144.600006              79
   144.699997              79
   144.800003              79
   144.899994              79
   145.000000              79
   145.100006              79
   145.199997              79
   145.300003              79
   145.399994              79
   145.500000              79
   145.600006              79
   145.699997              80
   145.800003              80
   145.899994              80
   146.000000              80
   146.100006              80
   146.199997              80
   146.300003              80
   146.399994              80
   146.500000              80
   146.600006              80
   146.699997              80
   146.800003              81
   146.899994              82
   147.000000              82
   147.100006              82
   147.199997              82
   147.300003              82
   147.399994              83
   147.500000              83
   147.600006              83
   147.699997              83
   147.800003              83
   147.899994              83
   148.000000              83
   148.100006              83
   148.199997              83
   148.300003              83
   148.399994              83
   148.500000              83
   148.600006              83
   148.699997              83
   148.800003              83
   148.899994              83
   149.000000              83
   149.100006              83
   149.199997              83
   149.300003              83
   149.399994              83
   149.500000              83
   149.600006              83
   149.699997              83
   149.800003              83
   149.899994              83
   150.000000              83
   150.100006              83
   150.199997              83
   150.300003              83
   150.399994              83
   150.500000              83
   150.600006              83
   150.699997              83
   150.800003              83
   150.899994              83
   151.000000              83
   151.100006              83
   151.199997              83
   151.300003              84
   151.399994              84
   151.500000              84
   151.600006              84
   151.699997              84
   151.800003              84
   151.899994              84
   152.000000              84
   152.100006              84
   152.199997              84
   152.300003              84
   152.399994              84
   152.500000              84
   152.600006              84
   152.699997              84
   152.800003              84
   152.899994              84
   153.000000              84
   153.100006              84
   153.199997              84
   153.300003              84
   153.399994              84
   153.500000              84
   153.600006              84
   153.699997              84
   153.800003              84
   153.899994              84
   154.000000              84
   154.100006              84
   154.199997              84
   154.300003              84
   154.399994              84
   154.500000              84
   154.600006              84
   154.699997              84
   154.800003              84
   154.899994              84
   155.000000              84
   155.100006              85
   155.199997              85
   155.300003              85
   155.399994              85
   155.500000              85
   155.600006              85
   155.699997              85
   155.800003              85
   155.899994              85
   156.000000              85
   156.100006              85
   156.199997              85
   156.300003              85
   156.399994              85
   156.500000              85
   156.600006              85
   156.699997              85
   156.800003              85
   156.899994              86
   157.000000              86
   157.100006              86
   157.199997              86
   157.300003              86
   157.399994              86
   157.500000              86
   157.600006              86
   157.699997              87
   157.800003              87
   157.899994              87
   158.000000              87
   158.100006              87
   158.199997              87
   158.300003              87
   158.399994              87
   158.500000              87
   158.600006              88
   158.699997              88
   158.800003              88
   158.899994              88
   159.000000              88
   159.100006              88
   159.199997              88
   159.300003              89
   159.399994              89
   159.500000              90
   159.600006              90
   159.699997              90
   159.800003              90
   159.899994              90
   160.000000              90
   160.100006              90
   160.199997              90
   160.300003              90
   160.399994              90
   160.500000              90
   160.600006              90
   160.699997              90
   160.800003              91
   160.899994              91
   161.000000              91
   161.100006              91
   161.199997              91
   161.300003              91
   161.399994              91
   161.500000              91
   161.600006              91
   161.699997              91
   161.800003              91
   161.899994              91
   162.000000              91
   162.100006              91
   162.199997              91
   162.300003              91
   162.399994              91
   162.500000              91
   162.600006              91
   162.699997              91
   162.800003              91
   162.899994              91
   163.000000              92
   163.100006              93
   163.199997              93
   163.300003              94
   163.399994              94
   163.500000              94
   163.600006              94
   163.699997              94
   163.800003              94
   163.899994              94
   164.000000              94
   164.100006              94
   164.199997              94
   164.300003              94
   164.399994              95
   164.500000              95
   164.600006              95
   164.699997              95
   164.800003              95
   164.899994              95
   165.000000              95
   165.100006              95
   165.199997              95
   165.300003              96
   165.399994              96
   165.500000              96
   165.600006              96
   165.699997              96
   165.800003              96
   165.899994              96
   166.000000              96
   166.100006              96
   166.199997              96
   166.300003              96
   166.399994              96
   166.500000              97
   166.600006              97
   166.699997              97
   166.800003              97
   166.899994              98
   167.000000              98
   167.100006              98
   167.199997              98
   167.300003              98
   167.399994              99
   167.500000              99
   167.600006              99
   167.699997              99
   167.800003              99
   167.899994              99
   168.000000              99
   168.100006              99
   168.199997              99
   168.300003              99
   168.399994              99
   168.500000              99
   168.600006              99
   168.699997              99
   168.800003              99
   168.899994              99
   169.000000              99
   169.100006              99
   169.199997              99
   169.300003              99
   169.399994              99
   169.500000              99
   169.600006              99
   169.699997              99
   169.800003              99
   169.899994              99
   170.000000              99
   170.100006              99
   170.199997              99
   170.300003              99
   170.399994              99
   170.500000              99
   170.600006              99
   170.699997              99
   170.800003              99
   170.899994              99
   171.000000              99
   171.100006              99
   171.199997              99
   171.300003             100
   171.399994             100
   171.500000             100
   171.600006             100
   171.699997             100
   171.800003             100
   171.899994             100
   172.000000             100
   172.100006             100
   172.199997             100
   172.300003             100
   172.399994             100
   172.500000             100
   172.600006             100
   172.699997             101
   172.800003             101
   172.899994             101
   173.000000             101
   173.100006             101
   173.199997             101
   173.300003             101
   173.399994             101
   173.500000             101
   173.600006             101
   173.699997             101
   173.800003             102
   173.899994             103
   174.000000             103
   174.100006             104
   174.199997             104
   174.300003             104
   174.399994             104
   174.500000             104
   174.600006             104
   174.699997             104
   174.800003             104
   174.899994             104
   175.000000             104
   175.100006             104
   175.199997             104
   175.300003             104
   175.399994             104
   175.500000             104
   175.600006             104
   175.699997             104
   175.800003             104
   175.899994             104
   176.000000             104
   176.100006             104
   176.199997             104
   176.300003             104
   176.399994             104
   176.500000             104
   176.600006             104
   176.699997             104
   176.800003             104
   176.899994             104
   177.000000             105
   177.100006             105
   177.199997             105
   177.300003             105
   177.399994             105
   177.500000             105
   177.600006             105
   177.699997             105
   177.800003             105
   177.899994             105
   178.000000             105
   178.100006             105
   178.199997             105
   178.300003             105
   178.399994             105
   178.500000             105
   178.600006             105
   178.699997             105
   178.800003             105
   178.899994             105
   179.000000             105
   179.100006             105
   179.199997             105
   179.300003             105
   179.399994             105
   179.500000             105
   179.600006             105
   179.699997             105
   179.800003             105
   179.899994             105
   180.000000             106
   180.100006             106
   180.199997             106
   180.300003             106
   180.399994             106
   180.500000             106
   180.600006             106
   180.699997             106
   180.800003             106
   180.899994             106
   181.000000             107
   181.100006             107
   181.199997             107
   181.300003             107
   181.399994             107
   181.500000             107
   181.600006             107
   181.699997             107
   181.800003             107
   181.899994             107
   182.000000             107
   182.100006             107
   182.199997             107
   182.300003             108
   182.399994             108
   182.500000             108
   182.600006             109
   182.699997             109
   182.800003             110
   182.899994             110
   183.000000             110
   183.100006             110
   183.199997             110
   183.300003             110
   183.399994             110
   183.500000             110
   183.600006             110
   183.699997             110
   183.800003             110
   183.899994             110
   184.000000             111
   184.100006             111
   184.199997             111
   184.300003             111
   184.399994             111
   184.500000             111
   184.600006             111
   184.699997             111
   184.800003             111
   184.899994             111
   185.000000             111
   185.100006             111
   185.199997             111
   185.300003             111
   185.399994             111
   185.500000             112
   185.600006             112
   185.699997             112
   185.800003             112
   185.899994             112
   186.000000             112
   186.100006             112
   186.199997             112
   186.300003             112
   186.399994             112
   186.500000             112
   186.600006             112
   186.699997             112
   186.800003             112
   186.899994             112
   187.000000             112
   187.100006             112
   187.199997             112
   187.300003             112
   187.399994             112
   187.500000             112
   187.600006             112
   187.699997             112
   187.800003             113
   187.899994             114
   188.000000             114
   188.100006             114
   188.199997             114
   188.300003             114
   188.399994             114
   188.500000             114
   188.600006             114
   188.699997             114
   188.800003             114
   188.899994             114
   189.000000             114
   189.100006             114
   189.199997             114
   189.300003             114
   189.399994             114
   189.500000             114
   189.600006             114
   189.699997             114
   189.800003             114
   189.899994             114
   190.000000             114
   190.100006             114
   190.199997             114
   190.300003             114
   190.399994             114
   190.500000             114
   190.600006             114
   190.699997             114
   190.800003             114
   190.899994             114
   191.000000             114
   191.100006             114
   191.199997             114
   191.300003             114
   191.399994             114
   191.500000             114
   191.600006             114
   191.699997             114
   191.800003             114
   191.899994             114
   192.000000             114
   192.100006             114
   192.199997             114
   192.300003             114
   192.399994             114
   192.500000             114
   192.600006             114
   192.699997             114
   192.800003             114
   192.899994             114
   193.000000             114
   193.100006             114
   193.199997             114
   193.300003             114
   193.399994             114
   193.500000             114
   193.600006             114
   193.699997             114
   193.800003             114
   193.899994             114
   194.000000             114
   194.100006             114
   194.199997             114
   194.300003             115
   194.399994             115
   194.500000             115
   194.600006             115
   194.699997             115
   194.800003             115
   194.899994             115
   195.000000             115
   195.100006             115
   195.199997             115
   195.300003             115
   195.399994             115
   195.500000             115
   195.600006             115
   195.699997             115
   195.800003             115
   195.899994             115
   196.000000             115
   196.100006             115
   196.199997             115
   196.300003             115
   196.399994             115
   196.500000             115
   196.600006             115
   196.699997             115
   196.800003             115
   196.899994             115
   197.000000             115
   197.100006             115
   197.199997             115
   197.300003             115
   197.399994             115
   197.500000             115
   197.600006             115
   197.699997             115
   197.800003             115
   197.899994             115
   198.000000             115
   198.100006             115
   198.199997             115
   198.300003             115
   198.399994             115
   198.500000             115
   198.600006             115
   198.699997             115
   198.800003             115
   198.899994             115
   199.000000             115
   199.100006             115
   199.199997             115
   199.300003             115
   199.399994             115
   199.500000             115
   199.600006             115
   199.699997             115
   199.800003             115
   199.899994             115
   200.000000             115
