 Permeation events over simulation time.
 t(ns) Number of events
   0.00000000               0
   1.00000000               0
   2.00000000               0
   3.00000000               0
   4.00000000               0
   5.00000000               0
   6.00000000               0
   7.00000000               0
   8.00000000               0
   9.00000000               0
   10.0000000               1
   11.0000000               3
   12.0000000               4
   13.0000000               4
   14.0000000               4
   15.0000000               4
   16.0000000               4
   17.0000000               5
   18.0000000               6
   19.0000000               6
   20.0000000               6
   21.0000000               6
   22.0000000               7
   23.0000000               8
   24.0000000               8
   25.0000000               8
   26.0000000              10
   27.0000000              11
   28.0000000              11
   29.0000000              11
   30.0000000              11
   31.0000000              11
   32.0000000              11
   33.0000000              11
   34.0000000              11
   35.0000000              11
   36.0000000              11
   37.0000000              12
   38.0000000              14
   39.0000000              15
   40.0000000              15
   41.0000000              15
   42.0000000              15
   43.0000000              16
   44.0000000              17
   45.0000000              17
   46.0000000              17
   47.0000000              17
   48.0000000              18
   49.0000000              19
   50.0000000              19
   51.0000000              19
   52.0000000              19
   53.0000000              19
   54.0000000              20
   55.0000000              21
   56.0000000              21
   57.0000000              21
   58.0000000              21
   59.0000000              21
   60.0000000              21
   61.0000000              22
   62.0000000              24
   63.0000000              25
   64.0000000              25
   65.0000000              25
   66.0000000              25
   67.0000000              25
   68.0000000              25
   69.0000000              25
   70.0000000              25
   71.0000000              25
   72.0000000              25
   73.0000000              25
   74.0000000              25
   75.0000000              25
   76.0000000              25
   77.0000000              26
   78.0000000              27
   79.0000000              27
   80.0000000              27
   81.0000000              27
   82.0000000              27
   83.0000000              28
   84.0000000              29
   85.0000000              29
   86.0000000              29
   87.0000000              29
   88.0000000              29
   89.0000000              29
   90.0000000              29
   91.0000000              29
   92.0000000              29
   93.0000000              29
   94.0000000              29
   95.0000000              29
   96.0000000              29
   97.0000000              29
   98.0000000              29
   99.0000000              29
   100.000000              29
   101.000000              29
   102.000000              29
   103.000000              30
   104.000000              30
   105.000000              30
   106.000000              30
   107.000000              30
   108.000000              30
   109.000000              30
   110.000000              30
   111.000000              30
   112.000000              30
   113.000000              30
   114.000000              30
   115.000000              30
   116.000000              30
   117.000000              30
   118.000000              30
   119.000000              30
   120.000000              30
   121.000000              31
   122.000000              32
   123.000000              33
   124.000000              34
   125.000000              34
   126.000000              34
   127.000000              34
   128.000000              34
   129.000000              35
   130.000000              36
   131.000000              36
   132.000000              36
   133.000000              36
   134.000000              36
   135.000000              36
   136.000000              36
   137.000000              36
   138.000000              36
   139.000000              36
   140.000000              36
   141.000000              36
   142.000000              39
   143.000000              41
   144.000000              42
   145.000000              43
   146.000000              44
   147.000000              45
   148.000000              45
   149.000000              45
   150.000000              45
   151.000000              46
   152.000000              47
   153.000000              47
   154.000000              47
   155.000000              47
   156.000000              47
   157.000000              47
   158.000000              47
   159.000000              48
   160.000000              48
   161.000000              48
   162.000000              49
   163.000000              51
   164.000000              52
   165.000000              52
   166.000000              52
   167.000000              52
   168.000000              52
   169.000000              52
   170.000000              52
   171.000000              52
   172.000000              52
   173.000000              52
   174.000000              52
   175.000000              52
   176.000000              52
   177.000000              52
   178.000000              52
   179.000000              52
   180.000000              52
   181.000000              52
   182.000000              52
   183.000000              52
   184.000000              52
   185.000000              52
   186.000000              52
   187.000000              53
   188.000000              54
   189.000000              54
   190.000000              54
   191.000000              54
   192.000000              54
   193.000000              54
   194.000000              54
   195.000000              54
   196.000000              54
   197.000000              54
   198.000000              54
   199.000000              54
   200.000000              54
   201.000000              54
   202.000000              54
   203.000000              54
   204.000000              54
   205.000000              54
   206.000000              54
   207.000000              54
   208.000000              54
   209.000000              54
   210.000000              54
   211.000000              54
   212.000000              54
   213.000000              54
   214.000000              54
   215.000000              54
   216.000000              54
   217.000000              54
   218.000000              54
   219.000000              55
   220.000000              55
   221.000000              55
   222.000000              55
   223.000000              55
   224.000000              57
   225.000000              58
   226.000000              58
   227.000000              58
   228.000000              58
   229.000000              58
   230.000000              58
   231.000000              58
   232.000000              59
   233.000000              60
   234.000000              60
   235.000000              60
   236.000000              60
   237.000000              60
   238.000000              60
   239.000000              60
   240.000000              60
   241.000000              60
   242.000000              60
   243.000000              61
   244.000000              62
   245.000000              62
   246.000000              63
   247.000000              64
   248.000000              64
   249.000000              64
   250.000000              64
   251.000000              64
   252.000000              64
   253.000000              64
   254.000000              64
   255.000000              65
   256.000000              65
   257.000000              65
   258.000000              65
   259.000000              65
   260.000000              65
   261.000000              65
   262.000000              65
   263.000000              66
   264.000000              67
   265.000000              67
   266.000000              67
   267.000000              67
   268.000000              67
   269.000000              67
   270.000000              67
   271.000000              67
   272.000000              67
   273.000000              67
   274.000000              67
   275.000000              67
   276.000000              67
   277.000000              67
   278.000000              67
   279.000000              67
   280.000000              67
   281.000000              67
   282.000000              67
   283.000000              67
   284.000000              67
   285.000000              67
   286.000000              67
   287.000000              67
   288.000000              67
   289.000000              67
   290.000000              67
   291.000000              67
   292.000000              67
   293.000000              67
   294.000000              67
   295.000000              67
   296.000000              67
   297.000000              67
   298.000000              67
   299.000000              67
   300.000000              67
   301.000000              67
   302.000000              68
   303.000000              69
   304.000000              69
   305.000000              69
   306.000000              70
   307.000000              70
   308.000000              70
   309.000000              70
   310.000000              72
   311.000000              74
   312.000000              74
   313.000000              74
   314.000000              74
   315.000000              74
   316.000000              75
   317.000000              76
   318.000000              76
   319.000000              76
   320.000000              76
   321.000000              76
   322.000000              77
   323.000000              78
   324.000000              78
   325.000000              78
   326.000000              78
   327.000000              80
   328.000000              82
   329.000000              82
   330.000000              82
   331.000000              84
   332.000000              86
   333.000000              86
   334.000000              86
   335.000000              86
   336.000000              86
   337.000000              86
   338.000000              86
   339.000000              86
   340.000000              86
   341.000000              86
   342.000000              86
   343.000000              86
   344.000000              86
   345.000000              86
   346.000000              86
   347.000000              86
   348.000000              86
   349.000000              86
   350.000000              86
   351.000000              86
   352.000000              86
   353.000000              87
   354.000000              87
   355.000000              88
   356.000000              89
   357.000000              89
   358.000000              89
   359.000000              89
   360.000000              89
   361.000000              89
   362.000000              89
   363.000000              89
   364.000000              89
   365.000000              89
   366.000000              89
   367.000000              89
   368.000000              89
   369.000000              89
   370.000000              89
   371.000000              89
   372.000000              90
   373.000000              90
   374.000000              90
   375.000000              90
   376.000000              90
   377.000000              90
   378.000000              90
   379.000000              90
   380.000000              90
   381.000000              90
   382.000000              90
   383.000000              90
   384.000000              91
   385.000000              92
   386.000000              92
   387.000000              92
   388.000000              92
   389.000000              92
   390.000000              92
   391.000000              92
   392.000000              92
   393.000000              92
   394.000000              92
   395.000000              92
   396.000000              92
   397.000000              92
   398.000000              92
   399.000000              92
   400.000000              92
   401.000000              92
   402.000000              92
   403.000000              92
   404.000000              92
   405.000000              92
   406.000000              92
   407.000000              92
   408.000000              93
   409.000000              95
   410.000000              95
   411.000000              96
   412.000000              98
   413.000000              98
   414.000000              98
   415.000000              98
   416.000000              99
   417.000000              99
   418.000000              99
   419.000000              99
   420.000000              99
   421.000000              99
   422.000000              99
   423.000000              99
   424.000000              99
   425.000000              99
   426.000000              99
   427.000000              99
   428.000000              99
   429.000000              99
   430.000000              99
   431.000000              99
   432.000000              99
   433.000000              99
   434.000000              99
   435.000000             100
   436.000000             101
   437.000000             101
   438.000000             102
   439.000000             102
   440.000000             102
   441.000000             102
   442.000000             102
   443.000000             102
   444.000000             102
   445.000000             102
   446.000000             102
   447.000000             102
   448.000000             102
   449.000000             102
   450.000000             102
   451.000000             102
   452.000000             102
   453.000000             102
   454.000000             102
   455.000000             102
   456.000000             102
   457.000000             102
   458.000000             102
   459.000000             103
   460.000000             104
   461.000000             104
   462.000000             104
   463.000000             105
   464.000000             106
   465.000000             106
   466.000000             106
   467.000000             106
   468.000000             106
   469.000000             106
   470.000000             107
   471.000000             108
   472.000000             108
   473.000000             108
   474.000000             108
   475.000000             108
   476.000000             108
   477.000000             108
   478.000000             108
   479.000000             108
   480.000000             108
   481.000000             108
   482.000000             108
   483.000000             109
   484.000000             109
   485.000000             109
   486.000000             109
   487.000000             109
   488.000000             109
   489.000000             109
   490.000000             109
   491.000000             109
   492.000000             109
   493.000000             109
   494.000000             109
   495.000000             110
   496.000000             110
   497.000000             110
   498.000000             110
   499.000000             110
   500.000000             110
   501.000000             110
   502.000000             110
   503.000000             110
   504.000000             111
   505.000000             112
   506.000000             112
   507.000000             112
   508.000000             112
   509.000000             112
   510.000000             112
   511.000000             112
   512.000000             112
   513.000000             112
   514.000000             112
   515.000000             112
   516.000000             112
   517.000000             112
   518.000000             112
   519.000000             112
   520.000000             112
   521.000000             112
   522.000000             112
   523.000000             112
   524.000000             112
   525.000000             112
   526.000000             113
   527.000000             114
   528.000000             114
   529.000000             114
   530.000000             114
   531.000000             114
   532.000000             114
   533.000000             114
   534.000000             114
   535.000000             114
   536.000000             114
   537.000000             114
   538.000000             114
   539.000000             114
   540.000000             114
   541.000000             114
   542.000000             114
   543.000000             114
   544.000000             114
   545.000000             114
   546.000000             114
   547.000000             114
   548.000000             114
   549.000000             114
   550.000000             115
   551.000000             116
   552.000000             116
   553.000000             116
   554.000000             116
   555.000000             116
   556.000000             118
   557.000000             118
   558.000000             118
   559.000000             118
   560.000000             118
   561.000000             118
   562.000000             118
   563.000000             118
   564.000000             118
   565.000000             118
   566.000000             119
   567.000000             120
   568.000000             120
   569.000000             120
   570.000000             120
   571.000000             121
   572.000000             122
   573.000000             123
   574.000000             123
   575.000000             123
   576.000000             123
   577.000000             123
   578.000000             123
   579.000000             123
   580.000000             124
   581.000000             125
   582.000000             125
   583.000000             125
   584.000000             125
   585.000000             126
   586.000000             127
   587.000000             127
   588.000000             127
   589.000000             127
   590.000000             127
   591.000000             128
   592.000000             129
   593.000000             129
   594.000000             129
   595.000000             129
   596.000000             129
   597.000000             129
   598.000000             129
   599.000000             129
   600.000000             129
   601.000000             129
   602.000000             129
   603.000000             129
   604.000000             129
   605.000000             129
   606.000000             129
   607.000000             129
   608.000000             129
   609.000000             129
   610.000000             129
   611.000000             129
   612.000000             129
   613.000000             129
   614.000000             129
   615.000000             129
   616.000000             129
   617.000000             129
   618.000000             129
   619.000000             129
   620.000000             129
   621.000000             129
   622.000000             129
   623.000000             129
   624.000000             129
   625.000000             130
   626.000000             131
   627.000000             131
   628.000000             131
   629.000000             131
   630.000000             131
   631.000000             131
   632.000000             131
   633.000000             131
   634.000000             132
   635.000000             133
   636.000000             133
   637.000000             133
   638.000000             133
   639.000000             133
   640.000000             133
   641.000000             133
   642.000000             133
   643.000000             134
   644.000000             136
   645.000000             136
   646.000000             136
   647.000000             136
   648.000000             136
   649.000000             136
   650.000000             136
   651.000000             136
   652.000000             136
   653.000000             136
   654.000000             136
   655.000000             136
   656.000000             136
   657.000000             136
   658.000000             136
   659.000000             136
   660.000000             136
   661.000000             136
   662.000000             136
   663.000000             136
   664.000000             136
   665.000000             136
   666.000000             136
   667.000000             136
   668.000000             136
   669.000000             136
   670.000000             136
   671.000000             136
   672.000000             136
   673.000000             136
   674.000000             136
   675.000000             137
   676.000000             138
   677.000000             138
   678.000000             138
   679.000000             139
   680.000000             140
   681.000000             140
   682.000000             140
   683.000000             140
   684.000000             140
   685.000000             140
   686.000000             140
   687.000000             140
   688.000000             140
   689.000000             140
   690.000000             140
   691.000000             140
   692.000000             140
   693.000000             140
   694.000000             140
   695.000000             140
   696.000000             140
   697.000000             140
   698.000000             140
   699.000000             140
   700.000000             140
   701.000000             140
   702.000000             140
   703.000000             140
   704.000000             140
   705.000000             140
   706.000000             140
   707.000000             141
   708.000000             142
   709.000000             142
   710.000000             142
   711.000000             142
   712.000000             142
   713.000000             142
   714.000000             142
   715.000000             142
   716.000000             142
   717.000000             142
   718.000000             142
   719.000000             142
   720.000000             142
   721.000000             142
   722.000000             142
   723.000000             142
   724.000000             143
   725.000000             143
   726.000000             143
   727.000000             143
   728.000000             143
   729.000000             144
   730.000000             145
   731.000000             145
   732.000000             145
   733.000000             145
   734.000000             145
   735.000000             145
   736.000000             145
   737.000000             145
   738.000000             145
   739.000000             145
   740.000000             145
   741.000000             145
   742.000000             145
   743.000000             146
   744.000000             147
   745.000000             147
   746.000000             147
   747.000000             147
   748.000000             147
   749.000000             147
   750.000000             147
   751.000000             148
   752.000000             149
   753.000000             149
   754.000000             149
   755.000000             149
   756.000000             149
   757.000000             149
   758.000000             149
   759.000000             149
   760.000000             150
   761.000000             151
   762.000000             151
   763.000000             151
   764.000000             151
   765.000000             151
   766.000000             151
   767.000000             151
   768.000000             151
   769.000000             151
   770.000000             151
   771.000000             151
   772.000000             151
   773.000000             151
   774.000000             152
   775.000000             153
   776.000000             153
   777.000000             153
   778.000000             154
   779.000000             154
   780.000000             154
   781.000000             154
   782.000000             154
   783.000000             154
   784.000000             154
   785.000000             154
   786.000000             155
   787.000000             155
   788.000000             156
   789.000000             157
   790.000000             157
   791.000000             157
   792.000000             157
   793.000000             157
   794.000000             157
   795.000000             157
   796.000000             157
   797.000000             158
   798.000000             158
   799.000000             158
   800.000000             158
   801.000000             158
   802.000000             158
   803.000000             158
   804.000000             158
   805.000000             158
   806.000000             158
   807.000000             158
   808.000000             158
   809.000000             158
   810.000000             159
   811.000000             160
   812.000000             160
   813.000000             160
   814.000000             160
   815.000000             160
   816.000000             160
   817.000000             160
   818.000000             160
   819.000000             160
   820.000000             160
   821.000000             160
   822.000000             161
   823.000000             162
   824.000000             162
   825.000000             162
   826.000000             162
   827.000000             162
   828.000000             162
   829.000000             162
   830.000000             162
   831.000000             162
   832.000000             162
   833.000000             163
   834.000000             164
   835.000000             165
   836.000000             165
   837.000000             166
   838.000000             167
   839.000000             168
   840.000000             168
   841.000000             168
   842.000000             170
   843.000000             171
   844.000000             171
   845.000000             171
   846.000000             171
   847.000000             171
   848.000000             171
   849.000000             171
   850.000000             171
   851.000000             171
   852.000000             171
   853.000000             171
   854.000000             171
   855.000000             171
   856.000000             172
   857.000000             173
   858.000000             173
   859.000000             173
   860.000000             173
   861.000000             173
   862.000000             173
   863.000000             174
   864.000000             174
   865.000000             174
   866.000000             174
   867.000000             174
   868.000000             174
   869.000000             174
   870.000000             174
   871.000000             175
   872.000000             175
   873.000000             176
   874.000000             177
   875.000000             177
   876.000000             177
   877.000000             177
   878.000000             177
   879.000000             178
   880.000000             179
   881.000000             180
   882.000000             180
   883.000000             180
   884.000000             180
   885.000000             181
   886.000000             182
   887.000000             182
   888.000000             182
   889.000000             182
   890.000000             182
   891.000000             183
   892.000000             184
   893.000000             184
   894.000000             184
   895.000000             184
   896.000000             184
   897.000000             184
   898.000000             185
   899.000000             185
   900.000000             186
   901.000000             187
   902.000000             188
   903.000000             189
   904.000000             189
   905.000000             190
   906.000000             191
   907.000000             191
   908.000000             191
   909.000000             191
   910.000000             191
   911.000000             191
   912.000000             192
   913.000000             193
   914.000000             193
   915.000000             193
   916.000000             194
   917.000000             195
   918.000000             195
   919.000000             196
   920.000000             197
   921.000000             197
   922.000000             197
   923.000000             197
   924.000000             198
   925.000000             199
   926.000000             200
   927.000000             201
   928.000000             201
   929.000000             201
   930.000000             202
   931.000000             203
   932.000000             203
   933.000000             204
   934.000000             206
   935.000000             207
   936.000000             207
   937.000000             208
   938.000000             208
   939.000000             209
   940.000000             209
   941.000000             209
   942.000000             209
   943.000000             210
   944.000000             210
   945.000000             210
   946.000000             210
   947.000000             210
   948.000000             210
   949.000000             210
   950.000000             210
   951.000000             210
   952.000000             210
   953.000000             210
   954.000000             210
   955.000000             210
   956.000000             210
   957.000000             211
   958.000000             211
   959.000000             211
   960.000000             211
   961.000000             211
   962.000000             211
   963.000000             211
   964.000000             211
   965.000000             212
   966.000000             213
   967.000000             213
   968.000000             213
   969.000000             213
   970.000000             213
   971.000000             213
   972.000000             214
   973.000000             214
   974.000000             214
   975.000000             214
   976.000000             214
   977.000000             214
   978.000000             214
   979.000000             214
   980.000000             214
   981.000000             214
   982.000000             214
   983.000000             214
   984.000000             214
   985.000000             214
   986.000000             214
   987.000000             215
   988.000000             216
   989.000000             216
   990.000000             216
   991.000000             218
   992.000000             218
   993.000000             218
   994.000000             218
   995.000000             218
   996.000000             218
   997.000000             218
   998.000000             218
   999.000000             218
   1000.00000             218
