# time n - 500 (ps)    time n (ps)     molecule
500.0 1000.0   CHOL 1085 5 10
1500.0 2000.0   CHOL 1085 15 20
2500.0 3000.0   CHOL 997 25 30
3000.0 3500.0   CHOL 1129 30 35
4000.0 4500.0   CHOL 1041 40 45
4500.0 5000.0   CHOL 1085 45 50
4500.0 5000.0   CHOL 1129 45 50
6000.0 6500.0   CHOL 997 60 65
7000.0 7500.0   CHOL 997 70 75
8000.0 8500.0   CHOL 1085 80 85
9000.0 9500.0   CHOL 997 90 95
9500.0 10000.0   CHOL 1085 95 100
10500.0 11000.0   CHOL 997 105 110
10500.0 11000.0   CHOL 1129 105 110
12000.0 12500.0   CHOL 997 120 125
12500.0 13000.0   CHOL 1129 125 130
13500.0 14000.0   CHOL 1129 135 140
14500.0 15000.0   CHOL 997 145 150
15500.0 16000.0   CHOL 997 155 160
15500.0 16000.0   CHOL 1085 155 160
15500.0 16000.0   CHOL 1129 155 160
17000.0 17500.0   CHOL 997 170 175
17500.0 18000.0   CHOL 1129 175 180
19000.0 19500.0   CHOL 997 190 195
20000.0 20500.0   CHOL 997 200 205
21000.0 21500.0   CHOL 1129 210 215
22500.0 23000.0   CHOL 1129 225 230
23000.0 23500.0   CHOL 997 230 235
24000.0 24500.0   CHOL 997 240 245
25500.0 26000.0   CHOL 1129 255 260
27500.0 28000.0   CHOL 1085 275 280
29500.0 30000.0   CHOL 1085 295 300
30500.0 31000.0   CHOL 997 305 310
30500.0 31000.0   CHOL 1085 305 310
31500.0 32000.0   CHOL 1085 315 320
32000.0 32500.0   CHOL 1040 320 325
33500.0 34000.0   CHOL 1040 335 340
36000.0 36500.0   CHOL 1040 360 365
37000.0 37500.0   CHOL 1040 370 375
38500.0 39000.0   CHOL 1040 385 390
41000.0 41500.0   CHOL 1084 410 415
42000.0 42500.0   CHOL 1040 420 425
42000.0 42500.0   CHOL 1084 420 425
43500.0 44000.0   CHOL 1040 435 440
44500.0 45000.0   CHOL 1149 445 450
45000.0 45500.0   CHOL 1040 450 455
46000.0 46500.0   CHOL 1084 460 465
47000.0 47500.0   CHOL 1040 470 475
47500.0 48000.0   CHOL 1149 475 480
49500.0 50000.0   CHOL 1084 495 500
52000.0 52500.0   CHOL 1084 520 525
53000.0 53500.0   CHOL 1040 530 535
56500.0 57000.0   CHOL 1040 565 570
56500.0 57000.0   CHOL 1085 565 570
63000.0 63500.0   CHOL 1040 630 635
65000.0 65500.0   CHOL 1085 650 655
65500.0 66000.0   CHOL 1040 655 660
66500.0 67000.0   CHOL 1040 665 670
70000.0 70500.0   CHOL 1040 700 705
70500.0 71000.0   CHOL 1085 705 710
72000.0 72500.0   CHOL 1040 720 725
72500.0 73000.0   CHOL 1085 725 730
75500.0 76000.0   CHOL 1040 755 760
76500.0 77000.0   CHOL 1040 765 770
77000.0 77500.0   CHOL 1085 770 775
78000.0 78500.0   CHOL 1085 780 785
83000.0 83500.0   CHOL 1040 830 835
84000.0 84500.0   CHOL 1040 840 845
87500.0 88000.0   CHOL 1040 875 880
88500.0 89000.0   CHOL 1085 885 890
90500.0 91000.0   CHOL 1040 905 910
90500.0 91000.0   CHOL 1085 905 910
94000.0 94500.0   CHOL 1040 940 945
94000.0 94500.0   CHOL 1085 940 945
95000.0 95500.0   CHOL 1085 950 955
95500.0 96000.0   CHOL 1040 955 960
97500.0 98000.0   CHOL 1040 975 980
101500.0 102000.0   CHOL 1040 1015 1020
102500.0 103000.0   CHOL 1085 1025 1030
103500.0 104000.0   CHOL 1040 1035 1040
103500.0 104000.0   CHOL 1085 1035 1040
106000.0 106500.0   CHOL 1040 1060 1065
106500.0 107000.0   CHOL 1085 1065 1070
108000.0 108500.0   CHOL 1040 1080 1085
110000.0 110500.0   CHOL 1040 1100 1105
111000.0 111500.0   CHOL 1085 1110 1115
112000.0 112500.0   CHOL 1085 1120 1125
114500.0 115000.0   CHOL 1085 1145 1150
115500.0 116000.0   CHOL 1085 1155 1160
116500.0 117000.0   CHOL 1085 1165 1170
118500.0 119000.0   CHOL 1085 1185 1190
120000.0 120500.0   CHOL 1085 1200 1205
121500.0 122000.0   CHOL 1085 1215 1220
122500.0 123000.0   CHOL 1040 1225 1230
122500.0 123000.0   CHOL 1085 1225 1230
126500.0 127000.0   CHOL 1085 1265 1270
128000.0 128500.0   CHOL 1040 1280 1285
128000.0 128500.0   CHOL 1085 1280 1285
130000.0 130500.0   CHOL 1040 1300 1305
132000.0 132500.0   CHOL 1040 1320 1325
134500.0 135000.0   CHOL 1040 1345 1350
136500.0 137000.0   CHOL 1085 1365 1370
139500.0 140000.0   CHOL 1085 1395 1400
140500.0 141000.0   CHOL 982 1405 1410
141000.0 141500.0   CHOL 1085 1410 1415
143500.0 144000.0   CHOL 1040 1435 1440
143500.0 144000.0   CHOL 1085 1435 1440
148000.0 148500.0   CHOL 1040 1480 1485
150500.0 151000.0   CHOL 1085 1505 1510
157000.0 157500.0   CHOL 1085 1570 1575
158500.0 159000.0   CHOL 1001 1585 1590
162000.0 162500.0   CHOL 1085 1620 1625
164000.0 164500.0   CHOL 1085 1640 1645
165500.0 166000.0   CHOL 1085 1655 1660
166000.0 166500.0   CHOL 1001 1660 1665
167500.0 168000.0   CHOL 1085 1675 1680
168000.0 168500.0   CHOL 1001 1680 1685
171500.0 172000.0   CHOL 1085 1715 1720
172500.0 173000.0   CHOL 1001 1725 1730
173000.0 173500.0   CHOL 1085 1730 1735
174000.0 174500.0   CHOL 1001 1740 1745
174500.0 175000.0   CHOL 1085 1745 1750
179500.0 180000.0   CHOL 1085 1795 1800
181000.0 181500.0   CHOL 1001 1810 1815
184000.0 184500.0   CHOL 1001 1840 1845
185500.0 186000.0   CHOL 1109 1855 1860
186500.0 187000.0   CHOL 1001 1865 1870
189000.0 189500.0   CHOL 1001 1890 1895
189500.0 190000.0   CHOL 1085 1895 1900
191500.0 192000.0   CHOL 1085 1915 1920
193000.0 193500.0   CHOL 1085 1930 1935
194000.0 194500.0   CHOL 1037 1940 1945
194000.0 194500.0   CHOL 1085 1940 1945
195000.0 195500.0   CHOL 1001 1950 1955
195000.0 195500.0   CHOL 1085 1950 1955
195500.0 196000.0   CHOL 1037 1955 1960
196500.0 197000.0   CHOL 1037 1965 1970
196500.0 197000.0   CHOL 1085 1965 1970
198000.0 198500.0   CHOL 1085 1980 1985
199000.0 199500.0   CHOL 1085 1990 1995
201500.0 202000.0   CHOL 1001 2015 2020
201500.0 202000.0   CHOL 1085 2015 2020
202500.0 203000.0   CHOL 1085 2025 2030
203000.0 203500.0   CHOL 1037 2030 2035
204000.0 204500.0   CHOL 1037 2040 2045
204000.0 204500.0   CHOL 1085 2040 2045
205000.0 205500.0   CHOL 1001 2050 2055
206000.0 206500.0   CHOL 1037 2060 2065
207000.0 207500.0   CHOL 1001 2070 2075
207500.0 208000.0   CHOL 1037 2075 2080
208500.0 209000.0   CHOL 1001 2085 2090
208500.0 209000.0   CHOL 1037 2085 2090
210500.0 211000.0   CHOL 1001 2105 2110
210500.0 211000.0   CHOL 1037 2105 2110
212000.0 212500.0   CHOL 1037 2120 2125
212500.0 213000.0   CHOL 1085 2125 2130
213000.0 213500.0   CHOL 1001 2130 2135
213000.0 213500.0   CHOL 1037 2130 2135
214000.0 214500.0   CHOL 1085 2140 2145
215000.0 215500.0   CHOL 1037 2150 2155
215500.0 216000.0   CHOL 1085 2155 2160
216500.0 217000.0   CHOL 1001 2165 2170
216500.0 217000.0   CHOL 1037 2165 2170
217500.0 218000.0   CHOL 995 2175 2180
218500.0 219000.0   CHOL 1001 2185 2190
218500.0 219000.0   CHOL 1085 2185 2190
219500.0 220000.0   CHOL 1040 2195 2200
221000.0 221500.0   CHOL 1037 2210 2215
221500.0 222000.0   CHOL 1001 2215 2220
223500.0 224000.0   CHOL 1001 2235 2240
228000.0 228500.0   CHOL 1085 2280 2285
228500.0 229000.0   CHOL 1001 2285 2290
229500.0 230000.0   CHOL 1037 2295 2300
230000.0 230500.0   CHOL 1085 2300 2305
230500.0 231000.0   CHOL 1037 2305 2310
231500.0 232000.0   CHOL 1085 2315 2320
232000.0 232500.0   CHOL 1037 2320 2325
233500.0 234000.0   CHOL 1001 2335 2340
235000.0 235500.0   CHOL 1001 2350 2355
236500.0 237000.0   CHOL 1001 2365 2370
237500.0 238000.0   CHOL 1085 2375 2380
240500.0 241000.0   CHOL 1037 2405 2410
242500.0 243000.0   CHOL 1037 2425 2430
245000.0 245500.0   CHOL 1037 2450 2455
246000.0 246500.0   CHOL 1085 2460 2465
248000.0 248500.0   CHOL 1037 2480 2485
248000.0 248500.0   CHOL 1085 2480 2485
248500.0 249000.0   CHOL 1001 2485 2490
249500.0 250000.0   CHOL 1037 2495 2500
250000.0 250500.0   CHOL 1001 2500 2505
251500.0 252000.0   CHOL 1037 2515 2520
253000.0 253500.0   CHOL 1037 2530 2535
254000.0 254500.0   CHOL 1085 2540 2545
254500.0 255000.0   CHOL 1037 2545 2550
255000.0 255500.0   CHOL 1085 2550 2555
257000.0 257500.0   CHOL 1001 2570 2575
258500.0 259000.0   CHOL 1001 2585 2590
259000.0 259500.0   CHOL 1003 2590 2595
260000.0 260500.0   CHOL 1001 2600 2605
261000.0 261500.0   CHOL 1003 2610 2615
262500.0 263000.0   CHOL 1037 2625 2630
263500.0 264000.0   CHOL 1001 2635 2640
266000.0 266500.0   CHOL 1003 2660 2665
266000.0 266500.0   CHOL 1037 2660 2665
271500.0 272000.0   CHOL 1128 2715 2720
273000.0 273500.0   CHOL 1037 2730 2735
273500.0 274000.0   CHOL 1128 2735 2740
276000.0 276500.0   CHOL 1037 2760 2765
276000.0 276500.0   CHOL 1128 2760 2765
278000.0 278500.0   CHOL 1128 2780 2785
279000.0 279500.0   CHOL 1037 2790 2795
279500.0 280000.0   CHOL 1128 2795 2800
281500.0 282000.0   CHOL 1037 2815 2820
282000.0 282500.0   CHOL 1128 2820 2825
283000.0 283500.0   CHOL 1037 2830 2835
284000.0 284500.0   CHOL 1128 2840 2845
287000.0 287500.0   CHOL 1037 2870 2875
287000.0 287500.0   CHOL 1128 2870 2875
294500.0 295000.0   CHOL 1128 2945 2950
295000.0 295500.0   CHOL 1149 2950 2955
296500.0 297000.0   CHOL 1128 2965 2970
296500.0 297000.0   CHOL 1149 2965 2970
300500.0 301000.0   CHOL 1128 3005 3010
301500.0 302000.0   CHOL 1128 3015 3020
302500.0 303000.0   CHOL 1041 3025 3030
303500.0 304000.0   CHOL 1041 3035 3040
304500.0 305000.0   CHOL 1128 3045 3050
305000.0 305500.0   CHOL 1041 3050 3055
306500.0 307000.0   CHOL 1041 3065 3070
306500.0 307000.0   CHOL 1128 3065 3070
309500.0 310000.0   CHOL 1041 3095 3100
309500.0 310000.0   CHOL 1149 3095 3100
311000.0 311500.0   CHOL 1128 3110 3115
312500.0 313000.0   CHOL 1128 3125 3130
314000.0 314500.0   CHOL 1128 3140 3145
316500.0 317000.0   CHOL 1128 3165 3170
323500.0 324000.0   CHOL 1128 3235 3240
327000.0 327500.0   CHOL 1128 3270 3275
328500.0 329000.0   CHOL 1128 3285 3290
332500.0 333000.0   CHOL 1128 3325 3330
334000.0 334500.0   CHOL 1128 3340 3345
335000.0 335500.0   CHOL 1128 3350 3355
336000.0 336500.0   CHOL 1128 3360 3365
338500.0 339000.0   CHOL 1128 3385 3390
341000.0 341500.0   CHOL 1128 3410 3415
342000.0 342500.0   CHOL 1128 3420 3425
345000.0 345500.0   CHOL 1128 3450 3455
348000.0 348500.0   CHOL 1128 3480 3485
350500.0 351000.0   CHOL 1128 3505 3510
352000.0 352500.0   CHOL 1128 3520 3525
354000.0 354500.0   CHOL 1129 3540 3545
354500.0 355000.0   CHOL 1070 3545 3550
356000.0 356500.0   CHOL 1128 3560 3565
359500.0 360000.0   CHOL 1128 3595 3600
370000.0 370500.0   CHOL 1113 3700 3705
371500.0 372000.0   CHOL 1113 3715 3720
373000.0 373500.0   CHOL 1070 3730 3735
375000.0 375500.0   CHOL 1113 3750 3755
392000.0 392500.0   CHOL 1071 3920 3925
424500.0 425000.0   CHOL 1040 4245 4250
425500.0 426000.0   CHOL 1040 4255 4260
434500.0 435000.0   CHOL 1040 4345 4350
446000.0 446500.0   CHOL 1125 4460 4465
449000.0 449500.0   CHOL 1125 4490 4495
451000.0 451500.0   CHOL 1125 4510 4515
454000.0 454500.0   CHOL 1084 4540 4545
455000.0 455500.0   CHOL 1125 4550 4555
460000.0 460500.0   CHOL 1125 4600 4605
461500.0 462000.0   CHOL 1125 4615 4620
471000.0 471500.0   CHOL 1037 4710 4715
472000.0 472500.0   CHOL 1087 4720 4725
472000.0 472500.0   CHOL 1122 4720 4725
472500.0 473000.0   CHOL 1037 4725 4730
473500.0 474000.0   CHOL 1087 4735 4740
477000.0 477500.0   CHOL 1104 4770 4775
477000.0 477500.0   CHOL 1122 4770 4775
478000.0 478500.0   CHOL 1122 4780 4785
484500.0 485000.0   CHOL 1104 4845 4850
491500.0 492000.0   CHOL 1106 4915 4920
493500.0 494000.0   CHOL 1106 4935 4940
516000.0 516500.0   CHOL 1105 5160 5165
518000.0 518500.0   CHOL 1105 5180 5185
521000.0 521500.0   CHOL 1105 5210 5215
522000.0 522500.0   CHOL 1105 5220 5225
523500.0 524000.0   CHOL 1105 5235 5240
526000.0 526500.0   CHOL 1105 5260 5265
538000.0 538500.0   CHOL 1072 5380 5385
542000.0 542500.0   CHOL 1008 5420 5425
543500.0 544000.0   CHOL 1072 5435 5440
544500.0 545000.0   CHOL 1072 5445 5450
546000.0 546500.0   CHOL 1072 5460 5465
578500.0 579000.0   CHOL 1105 5785 5790
583500.0 584000.0   CHOL 1017 5835 5840
584000.0 584500.0   CHOL 1105 5840 5845
586000.0 586500.0   CHOL 1017 5860 5865
586500.0 587000.0   CHOL 1105 5865 5870
587000.0 587500.0   CHOL 1017 5870 5875
588000.0 588500.0   CHOL 1017 5880 5885
588500.0 589000.0   CHOL 1105 5885 5890
591000.0 591500.0   CHOL 1017 5910 5915
593000.0 593500.0   CHOL 1017 5930 5935
593500.0 594000.0   CHOL 1105 5935 5940
595500.0 596000.0   CHOL 1105 5955 5960
599500.0 600000.0   CHOL 1105 5995 6000
600500.0 601000.0   CHOL 1105 6005 6010
604000.0 604500.0   CHOL 1105 6040 6045
685500.0 686000.0   CHOL 1069 6855 6860
687500.0 688000.0   CHOL 1069 6875 6880
689500.0 690000.0   CHOL 1069 6895 6900
691500.0 692000.0   CHOL 1069 6915 6920
692500.0 693000.0   CHOL 1069 6925 6930
694000.0 694500.0   CHOL 1069 6940 6945
698500.0 699000.0   CHOL 1069 6985 6990
700500.0 701000.0   CHOL 1069 7005 7010
702500.0 703000.0   CHOL 1069 7025 7030
705000.0 705500.0   CHOL 1069 7050 7055
706000.0 706500.0   CHOL 1069 7060 7065
707000.0 707500.0   CHOL 1070 7070 7075
709500.0 710000.0   CHOL 1069 7095 7100
710000.0 710500.0   CHOL 1070 7100 7105
711000.0 711500.0   CHOL 1069 7110 7115
712500.0 713000.0   CHOL 1070 7125 7130
713000.0 713500.0   CHOL 1069 7130 7135
715500.0 716000.0   CHOL 1069 7155 7160
716500.0 717000.0   CHOL 1069 7165 7170
718500.0 719000.0   CHOL 1069 7185 7190
720000.0 720500.0   CHOL 1070 7200 7205
720500.0 721000.0   CHOL 1069 7205 7210
721500.0 722000.0   CHOL 1141 7215 7220
722000.0 722500.0   CHOL 1041 7220 7225
722000.0 722500.0   CHOL 1070 7220 7225
723000.0 723500.0   CHOL 1041 7230 7235
723000.0 723500.0   CHOL 1141 7230 7235
723500.0 724000.0   CHOL 1069 7235 7240
724500.0 725000.0   CHOL 1069 7245 7250
725000.0 725500.0   CHOL 1141 7250 7255
725500.0 726000.0   CHOL 1056 7255 7260
727500.0 728000.0   CHOL 1069 7275 7280
728000.0 728500.0   CHOL 1070 7280 7285
728000.0 728500.0   CHOL 1141 7280 7285
729000.0 729500.0   CHOL 1069 7290 7295
729500.0 730000.0   CHOL 1141 7295 7300
730000.0 730500.0   CHOL 1006 7300 7305
730000.0 730500.0   CHOL 1041 7300 7305
731000.0 731500.0   CHOL 1041 7310 7315
731000.0 731500.0   CHOL 1070 7310 7315
731000.0 731500.0   CHOL 1141 7310 7315
732000.0 732500.0   CHOL 1069 7320 7325
734000.0 734500.0   CHOL 1006 7340 7345
734500.0 735000.0   CHOL 1069 7345 7350
736000.0 736500.0   CHOL 1069 7360 7365
737500.0 738000.0   CHOL 1069 7375 7380
739500.0 740000.0   CHOL 1069 7395 7400
741500.0 742000.0   CHOL 1006 7415 7420
742000.0 742500.0   CHOL 1128 7420 7425
742000.0 742500.0   CHOL 1141 7420 7425
743500.0 744000.0   CHOL 1006 7435 7440
743500.0 744000.0   CHOL 1069 7435 7440
745500.0 746000.0   CHOL 1069 7455 7460
746000.0 746500.0   CHOL 1141 7460 7465
747000.0 747500.0   CHOL 1141 7470 7475
747500.0 748000.0   CHOL 1041 7475 7480
749000.0 749500.0   CHOL 1069 7490 7495
749500.0 750000.0   CHOL 1006 7495 7500
749500.0 750000.0   CHOL 1041 7495 7500
750000.0 750500.0   CHOL 1069 7500 7505
751000.0 751500.0   CHOL 1041 7510 7515
751500.0 752000.0   CHOL 1006 7515 7520
754000.0 754500.0   CHOL 1149 7540 7545
755000.0 755500.0   CHOL 1141 7550 7555
756000.0 756500.0   CHOL 1141 7560 7565
756500.0 757000.0   CHOL 1041 7565 7570
756500.0 757000.0   CHOL 1149 7565 7570
757500.0 758000.0   CHOL 1141 7575 7580
758500.0 759000.0   CHOL 1006 7585 7590
758500.0 759000.0   CHOL 1041 7585 7590
758500.0 759000.0   CHOL 1141 7585 7590
760000.0 760500.0   CHOL 1006 7600 7605
760500.0 761000.0   CHOL 1141 7605 7610
761500.0 762000.0   CHOL 1006 7615 7620
763500.0 764000.0   CHOL 1006 7635 7640
765500.0 766000.0   CHOL 1041 7655 7660
768000.0 768500.0   CHOL 1041 7680 7685
770500.0 771000.0   CHOL 1041 7705 7710
770500.0 771000.0   CHOL 1141 7705 7710
772000.0 772500.0   CHOL 1141 7720 7725
773000.0 773500.0   CHOL 1041 7730 7735
773000.0 773500.0   CHOL 1141 7730 7735
774500.0 775000.0   CHOL 1141 7745 7750
776500.0 777000.0   CHOL 1041 7765 7770
777000.0 777500.0   CHOL 1141 7770 7775
778000.0 778500.0   CHOL 1141 7780 7785
779500.0 780000.0   CHOL 1141 7795 7800
781500.0 782000.0   CHOL 1141 7815 7820
782000.0 782500.0   CHOL 1041 7820 7825
783000.0 783500.0   CHOL 1141 7830 7835
785500.0 786000.0   CHOL 1141 7855 7860
787500.0 788000.0   CHOL 1141 7875 7880
790000.0 790500.0   CHOL 1141 7900 7905
791500.0 792000.0   CHOL 1141 7915 7920
807500.0 808000.0   CHOL 1141 8075 8080
859500.0 860000.0   CHOL 1118 8595 8600
862000.0 862500.0   CHOL 1118 8620 8625
864500.0 865000.0   CHOL 1118 8645 8650
918000.0 918500.0   CHOL 1129 9180 9185
