 Permeation events over simulation time.
 t(ns) Number of events
   0.00000000               0
  0.100000001               0
  0.200000003               0
  0.300000012               0
  0.400000006               0
  0.500000000               0
  0.600000024               0
  0.699999988               0
  0.800000012               0
  0.899999976               0
   1.00000000               0
   1.10000002               0
   1.20000005               0
   1.29999995               0
   1.39999998               0
   1.50000000               0
   1.60000002               0
   1.70000005               0
   1.79999995               0
   1.89999998               0
   2.00000000               0
   2.09999990               0
   2.20000005               0
   2.29999995               0
   2.40000010               0
   2.50000000               0
   2.59999990               0
   2.70000005               0
   2.79999995               0
   2.90000010               0
   3.00000000               0
   3.09999990               0
   3.20000005               0
   3.29999995               0
   3.40000010               0
   3.50000000               0
   3.59999990               0
   3.70000005               0
   3.79999995               0
   3.90000010               0
   4.00000000               0
   4.09999990               0
   4.19999981               0
   4.30000019               0
   4.40000010               0
   4.50000000               0
   4.59999990               0
   4.69999981               0
   4.80000019               0
   4.90000010               0
   5.00000000               0
   5.09999990               0
   5.19999981               0
   5.30000019               1
   5.40000010               1
   5.50000000               1
   5.59999990               1
   5.69999981               1
   5.80000019               1
   5.90000010               1
   6.00000000               1
   6.09999990               1
   6.19999981               1
   6.30000019               1
   6.40000010               1
   6.50000000               1
   6.59999990               1
   6.69999981               1
   6.80000019               1
   6.90000010               1
   7.00000000               1
   7.09999990               1
   7.19999981               1
   7.30000019               1
   7.40000010               1
   7.50000000               1
   7.59999990               1
   7.69999981               1
   7.80000019               1
   7.90000010               1
   8.00000000               1
   8.10000038               1
   8.19999981               1
   8.30000019               1
   8.39999962               1
   8.50000000               1
   8.60000038               1
   8.69999981               1
   8.80000019               1
   8.89999962               1
   9.00000000               1
   9.10000038               1
   9.19999981               1
   9.30000019               1
   9.39999962               1
   9.50000000               1
   9.60000038               1
   9.69999981               1
   9.80000019               1
   9.89999962               1
   10.0000000               1
   10.1000004               1
   10.1999998               1
   10.3000002               2
   10.3999996               2
   10.5000000               2
   10.6000004               2
   10.6999998               2
   10.8000002               2
   10.8999996               2
   11.0000000               2
   11.1000004               2
   11.1999998               2
   11.3000002               2
   11.3999996               2
   11.5000000               2
   11.6000004               2
   11.6999998               2
   11.8000002               2
   11.8999996               2
   12.0000000               2
   12.1000004               2
   12.1999998               2
   12.3000002               3
   12.3999996               3
   12.5000000               3
   12.6000004               3
   12.6999998               3
   12.8000002               3
   12.8999996               3
   13.0000000               3
   13.1000004               3
   13.1999998               3
   13.3000002               3
   13.3999996               3
   13.5000000               3
   13.6000004               3
   13.6999998               3
   13.8000002               3
   13.8999996               3
   14.0000000               3
   14.1000004               3
   14.1999998               3
   14.3000002               3
   14.3999996               3
   14.5000000               3
   14.6000004               3
   14.6999998               3
   14.8000002               3
   14.8999996               3
   15.0000000               3
   15.1000004               3
   15.1999998               3
   15.3000002               3
   15.3999996               3
   15.5000000               3
   15.6000004               3
   15.6999998               3
   15.8000002               3
   15.8999996               3
   16.0000000               3
   16.1000004               3
   16.2000008               3
   16.2999992               3
   16.3999996               3
   16.5000000               3
   16.6000004               3
   16.7000008               3
   16.7999992               3
   16.8999996               3
   17.0000000               3
   17.1000004               3
   17.2000008               3
   17.2999992               3
   17.3999996               3
   17.5000000               3
   17.6000004               3
   17.7000008               3
   17.7999992               3
   17.8999996               3
   18.0000000               3
   18.1000004               3
   18.2000008               3
   18.2999992               3
   18.3999996               3
   18.5000000               3
   18.6000004               3
   18.7000008               3
   18.7999992               3
   18.8999996               4
   19.0000000               4
   19.1000004               4
   19.2000008               4
   19.2999992               4
   19.3999996               4
   19.5000000               4
   19.6000004               4
   19.7000008               4
   19.7999992               4
   19.8999996               4
   20.0000000               4
   20.1000004               4
   20.2000008               4
   20.2999992               4
   20.3999996               4
   20.5000000               4
   20.6000004               4
   20.7000008               4
   20.7999992               4
   20.8999996               4
   21.0000000               4
   21.1000004               4
   21.2000008               4
   21.2999992               4
   21.3999996               4
   21.5000000               4
   21.6000004               4
   21.7000008               4
   21.7999992               5
   21.8999996               5
   22.0000000               5
   22.1000004               5
   22.2000008               5
   22.2999992               5
   22.3999996               5
   22.5000000               5
   22.6000004               5
   22.7000008               5
   22.7999992               5
   22.8999996               5
   23.0000000               5
   23.1000004               5
   23.2000008               5
   23.2999992               5
   23.3999996               5
   23.5000000               5
   23.6000004               5
   23.7000008               5
   23.7999992               5
   23.8999996               5
   24.0000000               5
   24.1000004               5
   24.2000008               5
   24.2999992               5
   24.3999996               5
   24.5000000               5
   24.6000004               5
   24.7000008               5
   24.7999992               5
   24.8999996               5
   25.0000000               5
   25.1000004               5
   25.2000008               5
   25.2999992               5
   25.3999996               5
   25.5000000               6
   25.6000004               6
   25.7000008               6
   25.7999992               6
   25.8999996               6
   26.0000000               6
   26.1000004               6
   26.2000008               6
   26.2999992               6
   26.3999996               6
   26.5000000               6
   26.6000004               6
   26.7000008               6
   26.7999992               6
   26.8999996               6
   27.0000000               6
   27.1000004               6
   27.2000008               6
   27.2999992               6
   27.3999996               6
   27.5000000               6
   27.6000004               6
   27.7000008               6
   27.7999992               6
   27.8999996               6
   28.0000000               6
   28.1000004               6
   28.2000008               6
   28.2999992               6
   28.3999996               6
   28.5000000               6
   28.6000004               6
   28.7000008               6
   28.7999992               6
   28.8999996               6
   29.0000000               6
   29.1000004               6
   29.2000008               6
   29.2999992               6
   29.3999996               6
   29.5000000               6
   29.6000004               6
   29.7000008               6
   29.7999992               6
   29.8999996               6
   30.0000000               6
   30.1000004               6
   30.2000008               6
   30.2999992               6
   30.3999996               6
   30.5000000               7
   30.6000004               7
   30.7000008               7
   30.7999992               7
   30.8999996               7
   31.0000000               7
   31.1000004               7
   31.2000008               7
   31.2999992               7
   31.3999996               7
   31.5000000               7
   31.6000004               7
   31.7000008               7
   31.7999992               7
   31.8999996               8
   32.0000000               8
   32.0999985               8
   32.2000008               8
   32.2999992               8
   32.4000015               8
   32.5000000               8
   32.5999985               8
   32.7000008               8
   32.7999992               8
   32.9000015               8
   33.0000000               8
   33.0999985               8
   33.2000008               8
   33.2999992               8
   33.4000015               8
   33.5000000               8
   33.5999985               8
   33.7000008               9
   33.7999992               9
   33.9000015               9
   34.0000000               9
   34.0999985               9
   34.2000008               9
   34.2999992               9
   34.4000015               9
   34.5000000               9
   34.5999985               9
   34.7000008               9
   34.7999992               9
   34.9000015               9
   35.0000000               9
   35.0999985               9
   35.2000008               9
   35.2999992               9
   35.4000015               9
   35.5000000               9
   35.5999985               9
   35.7000008               9
   35.7999992               9
   35.9000015               9
   36.0000000               9
   36.0999985               9
   36.2000008               9
   36.2999992               9
   36.4000015               9
   36.5000000               9
   36.5999985               9
   36.7000008               9
   36.7999992               9
   36.9000015               9
   37.0000000               9
   37.0999985               9
   37.2000008               9
   37.2999992               9
   37.4000015               9
   37.5000000               9
   37.5999985               9
   37.7000008               9
   37.7999992               9
   37.9000015               9
   38.0000000               9
   38.0999985               9
   38.2000008              10
   38.2999992              10
   38.4000015              10
   38.5000000              10
   38.5999985              10
   38.7000008              10
   38.7999992              10
   38.9000015              10
   39.0000000              10
   39.0999985              10
   39.2000008              10
   39.2999992              10
   39.4000015              10
   39.5000000              10
   39.5999985              10
   39.7000008              10
   39.7999992              10
   39.9000015              10
   40.0000000              10
   40.0999985              10
   40.2000008              10
   40.2999992              10
   40.4000015              10
   40.5000000              10
   40.5999985              10
   40.7000008              10
   40.7999992              10
   40.9000015              10
   41.0000000              10
   41.0999985              10
   41.2000008              10
   41.2999992              10
   41.4000015              10
   41.5000000              10
   41.5999985              10
   41.7000008              10
   41.7999992              10
   41.9000015              10
   42.0000000              10
   42.0999985              10
   42.2000008              10
   42.2999992              10
   42.4000015              10
   42.5000000              10
   42.5999985              10
   42.7000008              10
   42.7999992              10
   42.9000015              10
   43.0000000              10
   43.0999985              10
   43.2000008              10
   43.2999992              10
   43.4000015              10
   43.5000000              10
   43.5999985              11
   43.7000008              11
   43.7999992              11
   43.9000015              11
   44.0000000              11
   44.0999985              11
   44.2000008              11
   44.2999992              11
   44.4000015              11
   44.5000000              11
   44.5999985              11
   44.7000008              11
   44.7999992              11
   44.9000015              11
   45.0000000              11
   45.0999985              11
   45.2000008              11
   45.2999992              11
   45.4000015              11
   45.5000000              11
   45.5999985              11
   45.7000008              11
   45.7999992              11
   45.9000015              11
   46.0000000              11
   46.0999985              11
   46.2000008              11
   46.2999992              11
   46.4000015              11
   46.5000000              11
   46.5999985              11
   46.7000008              11
   46.7999992              11
   46.9000015              11
   47.0000000              11
   47.0999985              11
   47.2000008              11
   47.2999992              11
   47.4000015              11
   47.5000000              11
   47.5999985              11
   47.7000008              11
   47.7999992              11
   47.9000015              11
   48.0000000              11
   48.0999985              11
   48.2000008              11
   48.2999992              11
   48.4000015              11
   48.5000000              11
   48.5999985              11
   48.7000008              11
   48.7999992              11
   48.9000015              11
   49.0000000              11
   49.0999985              11
   49.2000008              11
   49.2999992              11
   49.4000015              11
   49.5000000              11
   49.5999985              11
   49.7000008              11
   49.7999992              11
   49.9000015              11
   50.0000000              11
   50.0999985              11
   50.2000008              11
   50.2999992              11
   50.4000015              11
   50.5000000              11
   50.5999985              11
   50.7000008              11
   50.7999992              11
   50.9000015              11
   51.0000000              11
   51.0999985              11
   51.2000008              11
   51.2999992              11
   51.4000015              11
   51.5000000              11
   51.5999985              11
   51.7000008              11
   51.7999992              11
   51.9000015              11
   52.0000000              11
   52.0999985              11
   52.2000008              11
   52.2999992              11
   52.4000015              11
   52.5000000              11
   52.5999985              11
   52.7000008              11
   52.7999992              11
   52.9000015              11
   53.0000000              11
   53.0999985              11
   53.2000008              11
   53.2999992              11
   53.4000015              11
   53.5000000              11
   53.5999985              11
   53.7000008              11
   53.7999992              11
   53.9000015              11
   54.0000000              11
   54.0999985              11
   54.2000008              11
   54.2999992              11
   54.4000015              11
   54.5000000              11
   54.5999985              11
   54.7000008              11
   54.7999992              11
   54.9000015              11
   55.0000000              11
   55.0999985              11
   55.2000008              11
   55.2999992              11
   55.4000015              11
   55.5000000              11
   55.5999985              11
   55.7000008              11
   55.7999992              11
   55.9000015              11
   56.0000000              11
   56.0999985              11
   56.2000008              11
   56.2999992              11
   56.4000015              11
   56.5000000              11
   56.5999985              11
   56.7000008              11
   56.7999992              11
   56.9000015              11
   57.0000000              11
   57.0999985              11
   57.2000008              11
   57.2999992              11
   57.4000015              11
   57.5000000              11
   57.5999985              11
   57.7000008              11
   57.7999992              11
   57.9000015              11
   58.0000000              11
   58.0999985              11
   58.2000008              11
   58.2999992              11
   58.4000015              11
   58.5000000              11
   58.5999985              11
   58.7000008              11
   58.7999992              11
   58.9000015              11
   59.0000000              11
   59.0999985              11
   59.2000008              11
   59.2999992              11
   59.4000015              11
   59.5000000              11
   59.5999985              12
   59.7000008              12
   59.7999992              12
   59.9000015              12
   60.0000000              12
   60.0999985              12
   60.2000008              12
   60.2999992              12
   60.4000015              13
   60.5000000              13
   60.5999985              13
   60.7000008              13
   60.7999992              13
   60.9000015              13
   61.0000000              13
   61.0999985              13
   61.2000008              13
   61.2999992              13
   61.4000015              13
   61.5000000              13
   61.5999985              13
   61.7000008              13
   61.7999992              13
   61.9000015              13
   62.0000000              13
   62.0999985              13
   62.2000008              13
   62.2999992              13
   62.4000015              13
   62.5000000              13
   62.5999985              13
   62.7000008              13
   62.7999992              13
   62.9000015              13
   63.0000000              13
   63.0999985              13
   63.2000008              13
   63.2999992              13
   63.4000015              13
   63.5000000              13
   63.5999985              14
   63.7000008              14
   63.7999992              14
   63.9000015              14
   64.0000000              14
   64.0999985              14
   64.1999969              14
   64.3000031              14
   64.4000015              14
   64.5000000              14
   64.5999985              14
   64.6999969              14
   64.8000031              14
   64.9000015              14
   65.0000000              14
   65.0999985              14
   65.1999969              14
   65.3000031              14
   65.4000015              14
   65.5000000              14
   65.5999985              14
   65.6999969              14
   65.8000031              14
   65.9000015              14
   66.0000000              14
   66.0999985              14
   66.1999969              14
   66.3000031              14
   66.4000015              14
   66.5000000              14
   66.5999985              14
   66.6999969              14
   66.8000031              14
   66.9000015              14
   67.0000000              14
   67.0999985              14
   67.1999969              14
   67.3000031              14
   67.4000015              14
   67.5000000              14
   67.5999985              14
   67.6999969              14
   67.8000031              14
   67.9000015              14
   68.0000000              14
   68.0999985              14
   68.1999969              14
   68.3000031              14
   68.4000015              14
   68.5000000              14
   68.5999985              14
   68.6999969              14
   68.8000031              14
   68.9000015              14
   69.0000000              14
   69.0999985              14
   69.1999969              14
   69.3000031              14
   69.4000015              14
   69.5000000              14
   69.5999985              14
   69.6999969              14
   69.8000031              14
   69.9000015              14
   70.0000000              14
   70.0999985              14
   70.1999969              14
   70.3000031              14
   70.4000015              14
   70.5000000              14
   70.5999985              14
   70.6999969              14
   70.8000031              14
   70.9000015              14
   71.0000000              14
   71.0999985              14
   71.1999969              14
   71.3000031              14
   71.4000015              14
   71.5000000              14
   71.5999985              14
   71.6999969              14
   71.8000031              14
   71.9000015              14
   72.0000000              14
   72.0999985              14
   72.1999969              14
   72.3000031              14
   72.4000015              14
   72.5000000              14
   72.5999985              14
   72.6999969              14
   72.8000031              14
   72.9000015              14
   73.0000000              14
   73.0999985              14
   73.1999969              14
   73.3000031              14
   73.4000015              14
   73.5000000              14
   73.5999985              14
   73.6999969              14
   73.8000031              14
   73.9000015              14
   74.0000000              14
   74.0999985              14
   74.1999969              14
   74.3000031              14
   74.4000015              14
   74.5000000              14
   74.5999985              14
   74.6999969              14
   74.8000031              14
   74.9000015              14
   75.0000000              14
   75.0999985              14
   75.1999969              14
   75.3000031              14
   75.4000015              14
   75.5000000              14
   75.5999985              14
   75.6999969              14
   75.8000031              14
   75.9000015              14
   76.0000000              14
   76.0999985              14
   76.1999969              14
   76.3000031              14
   76.4000015              14
   76.5000000              14
   76.5999985              14
   76.6999969              14
   76.8000031              14
   76.9000015              14
   77.0000000              14
   77.0999985              14
   77.1999969              14
   77.3000031              14
   77.4000015              14
   77.5000000              14
   77.5999985              14
   77.6999969              14
   77.8000031              14
   77.9000015              14
   78.0000000              14
   78.0999985              14
   78.1999969              14
   78.3000031              14
   78.4000015              14
   78.5000000              14
   78.5999985              14
   78.6999969              14
   78.8000031              14
   78.9000015              14
   79.0000000              14
   79.0999985              14
   79.1999969              14
   79.3000031              14
   79.4000015              14
   79.5000000              14
   79.5999985              14
   79.6999969              14
   79.8000031              14
   79.9000015              14
   80.0000000              14
   80.0999985              14
   80.1999969              14
   80.3000031              14
   80.4000015              14
   80.5000000              14
   80.5999985              14
   80.6999969              14
   80.8000031              14
   80.9000015              14
   81.0000000              14
   81.0999985              14
   81.1999969              14
   81.3000031              14
   81.4000015              14
   81.5000000              14
   81.5999985              14
   81.6999969              14
   81.8000031              14
   81.9000015              14
   82.0000000              14
   82.0999985              14
   82.1999969              14
   82.3000031              14
   82.4000015              14
   82.5000000              14
   82.5999985              14
   82.6999969              14
   82.8000031              14
   82.9000015              14
   83.0000000              14
   83.0999985              15
   83.1999969              15
   83.3000031              15
   83.4000015              15
   83.5000000              15
   83.5999985              15
   83.6999969              15
   83.8000031              15
   83.9000015              15
   84.0000000              15
   84.0999985              15
   84.1999969              15
   84.3000031              15
   84.4000015              15
   84.5000000              15
   84.5999985              15
   84.6999969              15
   84.8000031              15
   84.9000015              15
   85.0000000              15
   85.0999985              15
   85.1999969              15
   85.3000031              15
   85.4000015              15
   85.5000000              15
   85.5999985              15
   85.6999969              15
   85.8000031              15
   85.9000015              15
   86.0000000              15
   86.0999985              15
   86.1999969              15
   86.3000031              15
   86.4000015              15
   86.5000000              15
   86.5999985              16
   86.6999969              16
   86.8000031              16
   86.9000015              16
   87.0000000              16
   87.0999985              16
   87.1999969              16
   87.3000031              16
   87.4000015              16
   87.5000000              16
   87.5999985              16
   87.6999969              16
   87.8000031              16
   87.9000015              16
   88.0000000              16
   88.0999985              16
   88.1999969              16
   88.3000031              16
   88.4000015              16
   88.5000000              16
   88.5999985              16
   88.6999969              16
   88.8000031              16
   88.9000015              16
   89.0000000              16
   89.0999985              16
   89.1999969              16
   89.3000031              16
   89.4000015              16
   89.5000000              16
   89.5999985              16
   89.6999969              16
   89.8000031              16
   89.9000015              16
   90.0000000              16
   90.0999985              16
   90.1999969              16
   90.3000031              16
   90.4000015              16
   90.5000000              16
   90.5999985              16
   90.6999969              16
   90.8000031              16
   90.9000015              16
   91.0000000              16
   91.0999985              16
   91.1999969              16
   91.3000031              16
   91.4000015              16
   91.5000000              16
   91.5999985              16
   91.6999969              16
   91.8000031              16
   91.9000015              17
   92.0000000              17
   92.0999985              17
   92.1999969              17
   92.3000031              17
   92.4000015              17
   92.5000000              17
   92.5999985              17
   92.6999969              17
   92.8000031              17
   92.9000015              17
   93.0000000              17
   93.0999985              17
   93.1999969              17
   93.3000031              17
   93.4000015              17
   93.5000000              17
   93.5999985              17
   93.6999969              17
   93.8000031              17
   93.9000015              17
   94.0000000              17
   94.0999985              17
   94.1999969              17
   94.3000031              17
   94.4000015              17
   94.5000000              17
   94.5999985              17
   94.6999969              17
   94.8000031              17
   94.9000015              17
   95.0000000              17
   95.0999985              17
   95.1999969              17
   95.3000031              17
   95.4000015              17
   95.5000000              17
   95.5999985              17
   95.6999969              17
   95.8000031              17
   95.9000015              17
   96.0000000              17
   96.0999985              17
   96.1999969              17
   96.3000031              17
   96.4000015              17
   96.5000000              17
   96.5999985              17
   96.6999969              17
   96.8000031              17
   96.9000015              17
   97.0000000              17
   97.0999985              17
   97.1999969              17
   97.3000031              18
   97.4000015              18
   97.5000000              18
   97.5999985              18
   97.6999969              18
   97.8000031              18
   97.9000015              18
   98.0000000              18
   98.0999985              18
   98.1999969              18
   98.3000031              18
   98.4000015              18
   98.5000000              18
   98.5999985              18
   98.6999969              18
   98.8000031              18
   98.9000015              18
   99.0000000              18
   99.0999985              18
   99.1999969              18
   99.3000031              18
   99.4000015              18
   99.5000000              18
   99.5999985              18
   99.6999969              18
   99.8000031              18
   99.9000015              18
   100.000000              18
   100.099998              18
   100.199997              18
   100.300003              18
   100.400002              18
   100.500000              18
   100.599998              18
   100.699997              18
   100.800003              18
   100.900002              18
   101.000000              18
   101.099998              18
   101.199997              18
   101.300003              18
   101.400002              18
   101.500000              18
   101.599998              18
   101.699997              18
   101.800003              18
   101.900002              18
   102.000000              18
   102.099998              18
   102.199997              18
   102.300003              18
   102.400002              18
   102.500000              18
   102.599998              18
   102.699997              18
   102.800003              18
   102.900002              18
   103.000000              18
   103.099998              18
   103.199997              18
   103.300003              18
   103.400002              18
   103.500000              18
   103.599998              18
   103.699997              18
   103.800003              18
   103.900002              18
   104.000000              18
   104.099998              18
   104.199997              18
   104.300003              18
   104.400002              18
   104.500000              18
   104.599998              18
   104.699997              18
   104.800003              18
   104.900002              18
   105.000000              18
   105.099998              18
   105.199997              18
   105.300003              18
   105.400002              18
   105.500000              18
   105.599998              18
   105.699997              18
   105.800003              18
   105.900002              18
   106.000000              18
   106.099998              18
   106.199997              18
   106.300003              18
   106.400002              18
   106.500000              18
   106.599998              18
   106.699997              18
   106.800003              18
   106.900002              18
   107.000000              18
   107.099998              18
   107.199997              18
   107.300003              18
   107.400002              18
   107.500000              18
   107.599998              18
   107.699997              18
   107.800003              18
   107.900002              18
   108.000000              18
   108.099998              18
   108.199997              18
   108.300003              18
   108.400002              18
   108.500000              18
   108.599998              18
   108.699997              18
   108.800003              18
   108.900002              18
   109.000000              18
   109.099998              18
   109.199997              18
   109.300003              18
   109.400002              18
   109.500000              18
   109.599998              18
   109.699997              18
   109.800003              18
   109.900002              18
   110.000000              18
   110.099998              18
   110.199997              18
   110.300003              18
   110.400002              18
   110.500000              18
   110.599998              18
   110.699997              18
   110.800003              18
   110.900002              18
   111.000000              18
   111.099998              18
   111.199997              18
   111.300003              18
   111.400002              18
   111.500000              18
   111.599998              18
   111.699997              18
   111.800003              18
   111.900002              18
   112.000000              18
   112.099998              18
   112.199997              18
   112.300003              18
   112.400002              18
   112.500000              18
   112.599998              18
   112.699997              18
   112.800003              18
   112.900002              18
   113.000000              18
   113.099998              18
   113.199997              18
   113.300003              19
   113.400002              19
   113.500000              19
   113.599998              19
   113.699997              19
   113.800003              19
   113.900002              19
   114.000000              19
   114.099998              19
   114.199997              19
   114.300003              19
   114.400002              19
   114.500000              19
   114.599998              19
   114.699997              19
   114.800003              19
   114.900002              19
   115.000000              19
   115.099998              19
   115.199997              19
   115.300003              19
   115.400002              19
   115.500000              19
   115.599998              19
   115.699997              19
   115.800003              19
   115.900002              19
   116.000000              19
   116.099998              19
   116.199997              19
   116.300003              19
   116.400002              19
   116.500000              19
   116.599998              19
   116.699997              19
   116.800003              19
   116.900002              19
   117.000000              19
   117.099998              19
   117.199997              19
   117.300003              19
   117.400002              19
   117.500000              19
   117.599998              19
   117.699997              19
   117.800003              19
   117.900002              19
   118.000000              19
   118.099998              19
   118.199997              19
   118.300003              19
   118.400002              19
   118.500000              19
   118.599998              19
   118.699997              19
   118.800003              19
   118.900002              19
   119.000000              19
   119.099998              19
   119.199997              19
   119.300003              19
   119.400002              19
   119.500000              19
   119.599998              19
   119.699997              19
   119.800003              19
   119.900002              19
   120.000000              19
   120.099998              19
   120.199997              19
   120.300003              19
   120.400002              19
   120.500000              19
   120.599998              19
   120.699997              19
   120.800003              19
   120.900002              19
   121.000000              19
   121.099998              19
   121.199997              19
   121.300003              19
   121.400002              19
   121.500000              19
   121.599998              19
   121.699997              19
   121.800003              19
   121.900002              19
   122.000000              20
   122.099998              20
   122.199997              20
   122.300003              20
   122.400002              20
   122.500000              20
   122.599998              20
   122.699997              20
   122.800003              20
   122.900002              20
   123.000000              20
   123.099998              20
   123.199997              20
   123.300003              20
   123.400002              20
   123.500000              20
   123.599998              20
   123.699997              20
   123.800003              20
   123.900002              20
   124.000000              20
   124.099998              20
   124.199997              20
   124.300003              20
   124.400002              20
   124.500000              20
   124.599998              20
   124.699997              20
   124.800003              20
   124.900002              20
   125.000000              20
   125.099998              20
   125.199997              20
   125.300003              20
   125.400002              20
   125.500000              20
   125.599998              20
   125.699997              20
   125.800003              20
   125.900002              20
   126.000000              20
   126.099998              20
   126.199997              20
   126.300003              20
   126.400002              20
   126.500000              20
   126.599998              20
   126.699997              20
   126.800003              20
   126.900002              21
   127.000000              21
   127.099998              21
   127.199997              21
   127.300003              21
   127.400002              21
   127.500000              21
   127.599998              21
   127.699997              21
   127.800003              21
   127.900002              21
   128.000000              21
   128.100006              21
   128.199997              21
   128.300003              21
   128.399994              21
   128.500000              21
   128.600006              21
   128.699997              21
   128.800003              21
   128.899994              21
   129.000000              21
   129.100006              21
   129.199997              21
   129.300003              21
   129.399994              21
   129.500000              21
   129.600006              21
   129.699997              21
   129.800003              21
   129.899994              21
   130.000000              21
   130.100006              21
   130.199997              21
   130.300003              21
   130.399994              21
   130.500000              21
   130.600006              21
   130.699997              21
   130.800003              21
   130.899994              21
   131.000000              21
   131.100006              21
   131.199997              21
   131.300003              21
   131.399994              21
   131.500000              21
   131.600006              21
   131.699997              21
   131.800003              21
   131.899994              21
   132.000000              21
   132.100006              21
   132.199997              21
   132.300003              21
   132.399994              22
   132.500000              22
   132.600006              22
   132.699997              22
   132.800003              22
   132.899994              22
   133.000000              22
   133.100006              22
   133.199997              22
   133.300003              22
   133.399994              22
   133.500000              22
   133.600006              22
   133.699997              22
   133.800003              22
   133.899994              22
   134.000000              22
   134.100006              22
   134.199997              22
   134.300003              22
   134.399994              22
   134.500000              22
   134.600006              22
   134.699997              22
   134.800003              22
   134.899994              22
   135.000000              22
   135.100006              22
   135.199997              22
   135.300003              22
   135.399994              22
   135.500000              22
   135.600006              22
   135.699997              22
   135.800003              23
   135.899994              23
   136.000000              23
   136.100006              23
   136.199997              23
   136.300003              23
   136.399994              23
   136.500000              23
   136.600006              23
   136.699997              23
   136.800003              23
   136.899994              23
   137.000000              23
   137.100006              23
   137.199997              23
   137.300003              23
   137.399994              23
   137.500000              23
   137.600006              23
   137.699997              23
   137.800003              23
   137.899994              23
   138.000000              23
   138.100006              23
   138.199997              23
   138.300003              23
   138.399994              23
   138.500000              23
   138.600006              23
   138.699997              23
   138.800003              24
   138.899994              24
   139.000000              24
   139.100006              24
   139.199997              24
   139.300003              24
   139.399994              24
   139.500000              24
   139.600006              24
   139.699997              24
   139.800003              24
   139.899994              24
   140.000000              24
   140.100006              24
   140.199997              24
   140.300003              24
   140.399994              24
   140.500000              24
   140.600006              24
   140.699997              24
   140.800003              24
   140.899994              24
   141.000000              24
   141.100006              24
   141.199997              24
   141.300003              24
   141.399994              24
   141.500000              24
   141.600006              24
   141.699997              24
   141.800003              24
   141.899994              24
   142.000000              24
   142.100006              24
   142.199997              24
   142.300003              24
   142.399994              24
   142.500000              24
   142.600006              24
   142.699997              24
   142.800003              24
   142.899994              24
   143.000000              24
   143.100006              24
   143.199997              24
   143.300003              24
   143.399994              24
   143.500000              24
   143.600006              24
   143.699997              24
   143.800003              24
   143.899994              24
   144.000000              24
   144.100006              24
   144.199997              24
   144.300003              24
   144.399994              24
   144.500000              24
   144.600006              24
   144.699997              24
   144.800003              24
   144.899994              24
   145.000000              24
   145.100006              24
   145.199997              24
   145.300003              24
   145.399994              24
   145.500000              24
   145.600006              24
   145.699997              24
   145.800003              24
   145.899994              24
   146.000000              24
   146.100006              24
   146.199997              24
   146.300003              24
   146.399994              24
   146.500000              24
   146.600006              24
   146.699997              24
   146.800003              24
   146.899994              24
   147.000000              24
   147.100006              24
   147.199997              24
   147.300003              24
   147.399994              24
   147.500000              24
   147.600006              24
   147.699997              24
   147.800003              24
   147.899994              24
   148.000000              24
   148.100006              24
   148.199997              24
   148.300003              24
   148.399994              24
   148.500000              24
   148.600006              24
   148.699997              24
   148.800003              24
   148.899994              24
   149.000000              24
   149.100006              24
   149.199997              24
   149.300003              24
   149.399994              25
   149.500000              25
   149.600006              25
   149.699997              25
   149.800003              25
   149.899994              25
   150.000000              25
   150.100006              25
   150.199997              25
   150.300003              25
   150.399994              25
   150.500000              25
   150.600006              25
   150.699997              25
   150.800003              25
   150.899994              25
   151.000000              25
   151.100006              25
   151.199997              25
   151.300003              25
   151.399994              25
   151.500000              25
   151.600006              25
   151.699997              25
   151.800003              25
   151.899994              25
   152.000000              25
   152.100006              25
   152.199997              25
   152.300003              25
   152.399994              25
   152.500000              26
   152.600006              26
   152.699997              26
   152.800003              26
   152.899994              26
   153.000000              26
   153.100006              26
   153.199997              26
   153.300003              26
   153.399994              26
   153.500000              26
   153.600006              26
   153.699997              26
   153.800003              26
   153.899994              26
   154.000000              26
   154.100006              26
   154.199997              26
   154.300003              26
   154.399994              26
   154.500000              26
   154.600006              26
   154.699997              26
   154.800003              26
   154.899994              26
   155.000000              26
   155.100006              26
   155.199997              26
   155.300003              26
   155.399994              26
   155.500000              26
   155.600006              26
   155.699997              26
   155.800003              26
   155.899994              26
   156.000000              26
   156.100006              26
   156.199997              26
   156.300003              26
   156.399994              26
   156.500000              27
   156.600006              28
   156.699997              28
   156.800003              28
   156.899994              28
   157.000000              28
   157.100006              28
   157.199997              28
   157.300003              28
   157.399994              28
   157.500000              28
   157.600006              28
   157.699997              28
   157.800003              28
   157.899994              28
   158.000000              28
   158.100006              28
   158.199997              28
   158.300003              28
   158.399994              28
   158.500000              28
   158.600006              29
   158.699997              29
   158.800003              29
   158.899994              29
   159.000000              29
   159.100006              30
   159.199997              30
   159.300003              30
   159.399994              30
   159.500000              30
   159.600006              30
   159.699997              30
   159.800003              31
   159.899994              31
   160.000000              31
   160.100006              31
   160.199997              31
   160.300003              31
   160.399994              31
   160.500000              31
   160.600006              31
   160.699997              31
   160.800003              31
   160.899994              31
   161.000000              31
   161.100006              31
   161.199997              31
   161.300003              31
   161.399994              31
   161.500000              31
   161.600006              31
   161.699997              31
   161.800003              31
   161.899994              31
   162.000000              31
   162.100006              31
   162.199997              31
   162.300003              31
   162.399994              31
   162.500000              31
   162.600006              31
   162.699997              31
   162.800003              31
   162.899994              31
   163.000000              31
   163.100006              31
   163.199997              31
   163.300003              31
   163.399994              31
   163.500000              31
   163.600006              31
   163.699997              31
   163.800003              31
   163.899994              31
   164.000000              31
   164.100006              31
   164.199997              31
   164.300003              31
   164.399994              31
   164.500000              31
   164.600006              31
   164.699997              31
   164.800003              31
   164.899994              31
   165.000000              31
   165.100006              31
   165.199997              31
   165.300003              31
   165.399994              31
   165.500000              31
   165.600006              31
   165.699997              31
   165.800003              31
   165.899994              31
   166.000000              31
   166.100006              31
   166.199997              31
   166.300003              31
   166.399994              31
   166.500000              31
   166.600006              31
   166.699997              31
   166.800003              31
   166.899994              31
   167.000000              31
   167.100006              31
   167.199997              31
   167.300003              31
   167.399994              31
   167.500000              31
   167.600006              31
   167.699997              31
   167.800003              31
   167.899994              31
   168.000000              31
   168.100006              31
   168.199997              31
   168.300003              31
   168.399994              31
   168.500000              31
   168.600006              31
   168.699997              31
   168.800003              31
   168.899994              31
   169.000000              31
   169.100006              31
   169.199997              31
   169.300003              31
   169.399994              31
   169.500000              31
   169.600006              31
   169.699997              31
   169.800003              31
   169.899994              31
   170.000000              31
   170.100006              31
   170.199997              31
   170.300003              31
   170.399994              31
   170.500000              32
   170.600006              32
   170.699997              32
   170.800003              32
   170.899994              32
   171.000000              32
   171.100006              32
   171.199997              32
   171.300003              32
   171.399994              32
   171.500000              32
   171.600006              32
   171.699997              32
   171.800003              33
   171.899994              33
   172.000000              33
   172.100006              33
   172.199997              33
   172.300003              34
   172.399994              34
   172.500000              34
   172.600006              34
   172.699997              34
   172.800003              34
   172.899994              34
   173.000000              34
   173.100006              34
   173.199997              34
   173.300003              34
   173.399994              34
   173.500000              34
   173.600006              34
   173.699997              34
   173.800003              34
   173.899994              34
   174.000000              34
   174.100006              34
   174.199997              34
   174.300003              34
   174.399994              34
   174.500000              34
   174.600006              34
   174.699997              34
   174.800003              34
   174.899994              34
   175.000000              34
   175.100006              34
   175.199997              34
   175.300003              34
   175.399994              34
   175.500000              34
   175.600006              34
   175.699997              34
   175.800003              34
   175.899994              34
   176.000000              34
   176.100006              34
   176.199997              34
   176.300003              34
   176.399994              34
   176.500000              34
   176.600006              34
   176.699997              34
   176.800003              34
   176.899994              34
   177.000000              34
   177.100006              34
   177.199997              34
   177.300003              34
   177.399994              34
   177.500000              34
   177.600006              34
   177.699997              34
   177.800003              34
   177.899994              34
   178.000000              34
   178.100006              34
   178.199997              34
   178.300003              34
   178.399994              34
   178.500000              34
   178.600006              34
   178.699997              34
   178.800003              34
   178.899994              34
   179.000000              34
   179.100006              34
   179.199997              34
   179.300003              34
   179.399994              34
   179.500000              34
   179.600006              34
   179.699997              34
   179.800003              34
   179.899994              34
   180.000000              34
   180.100006              34
   180.199997              34
   180.300003              34
   180.399994              34
   180.500000              34
   180.600006              34
   180.699997              34
   180.800003              34
   180.899994              34
   181.000000              34
   181.100006              34
   181.199997              34
   181.300003              34
   181.399994              34
   181.500000              34
   181.600006              34
   181.699997              34
   181.800003              34
   181.899994              34
   182.000000              34
   182.100006              34
   182.199997              34
   182.300003              34
   182.399994              34
   182.500000              34
   182.600006              34
   182.699997              34
   182.800003              34
   182.899994              34
   183.000000              34
   183.100006              34
   183.199997              34
   183.300003              34
   183.399994              34
   183.500000              34
   183.600006              34
   183.699997              34
   183.800003              34
   183.899994              34
   184.000000              34
   184.100006              34
   184.199997              34
   184.300003              34
   184.399994              34
   184.500000              34
   184.600006              34
   184.699997              34
   184.800003              34
   184.899994              34
   185.000000              34
   185.100006              34
   185.199997              34
   185.300003              34
   185.399994              34
   185.500000              34
   185.600006              34
   185.699997              34
   185.800003              34
   185.899994              34
   186.000000              34
   186.100006              34
   186.199997              34
   186.300003              34
   186.399994              34
   186.500000              34
   186.600006              34
   186.699997              34
   186.800003              34
   186.899994              34
   187.000000              34
   187.100006              34
   187.199997              34
   187.300003              34
   187.399994              34
   187.500000              34
   187.600006              34
   187.699997              34
   187.800003              34
   187.899994              35
   188.000000              35
   188.100006              35
   188.199997              35
   188.300003              35
   188.399994              35
   188.500000              35
   188.600006              35
   188.699997              35
   188.800003              35
   188.899994              35
   189.000000              35
   189.100006              35
   189.199997              35
   189.300003              35
   189.399994              35
   189.500000              35
   189.600006              35
   189.699997              35
   189.800003              35
   189.899994              35
   190.000000              35
   190.100006              35
   190.199997              35
   190.300003              35
   190.399994              35
   190.500000              35
   190.600006              35
   190.699997              35
   190.800003              35
   190.899994              35
   191.000000              35
   191.100006              35
   191.199997              35
   191.300003              35
   191.399994              35
   191.500000              35
   191.600006              35
   191.699997              35
   191.800003              35
   191.899994              35
   192.000000              35
   192.100006              35
   192.199997              35
   192.300003              35
   192.399994              35
   192.500000              35
   192.600006              35
   192.699997              35
   192.800003              35
   192.899994              35
   193.000000              35
   193.100006              35
   193.199997              35
   193.300003              35
   193.399994              35
   193.500000              35
   193.600006              35
   193.699997              35
   193.800003              35
   193.899994              35
   194.000000              35
   194.100006              35
   194.199997              35
   194.300003              35
   194.399994              35
   194.500000              35
   194.600006              36
   194.699997              36
   194.800003              36
   194.899994              36
   195.000000              36
   195.100006              36
   195.199997              36
   195.300003              36
   195.399994              36
   195.500000              36
   195.600006              36
   195.699997              36
   195.800003              36
   195.899994              36
   196.000000              36
   196.100006              36
   196.199997              36
   196.300003              36
   196.399994              36
   196.500000              36
   196.600006              36
   196.699997              37
   196.800003              37
   196.899994              37
   197.000000              37
   197.100006              37
   197.199997              37
   197.300003              37
   197.399994              37
   197.500000              37
   197.600006              37
   197.699997              37
   197.800003              37
   197.899994              37
   198.000000              37
   198.100006              37
   198.199997              37
   198.300003              37
   198.399994              37
   198.500000              37
   198.600006              37
   198.699997              37
   198.800003              37
   198.899994              37
   199.000000              37
   199.100006              37
   199.199997              37
   199.300003              37
   199.399994              37
   199.500000              37
   199.600006              37
   199.699997              37
   199.800003              37
   199.899994              37
   200.000000              37
   200.100006              37
   200.199997              37
   200.300003              37
   200.399994              37
   200.500000              37
   200.600006              37
   200.699997              37
   200.800003              37
   200.899994              37
   201.000000              37
   201.100006              37
   201.199997              37
   201.300003              37
   201.399994              37
   201.500000              37
   201.600006              37
   201.699997              37
   201.800003              37
   201.899994              37
   202.000000              37
   202.100006              37
   202.199997              37
   202.300003              37
   202.399994              37
   202.500000              37
   202.600006              37
   202.699997              37
   202.800003              37
   202.899994              37
   203.000000              37
   203.100006              37
   203.199997              37
   203.300003              37
   203.399994              37
   203.500000              37
   203.600006              37
   203.699997              37
   203.800003              37
   203.899994              37
   204.000000              37
   204.100006              37
   204.199997              37
   204.300003              37
   204.399994              37
   204.500000              37
   204.600006              37
   204.699997              37
   204.800003              37
   204.899994              37
   205.000000              37
   205.100006              38
   205.199997              38
   205.300003              38
   205.399994              38
   205.500000              38
   205.600006              38
   205.699997              38
   205.800003              38
   205.899994              38
   206.000000              38
   206.100006              38
   206.199997              38
   206.300003              38
   206.399994              38
   206.500000              38
   206.600006              38
   206.699997              38
   206.800003              38
   206.899994              38
   207.000000              38
   207.100006              38
   207.199997              38
   207.300003              38
   207.399994              38
   207.500000              38
   207.600006              38
   207.699997              38
   207.800003              38
   207.899994              38
   208.000000              38
   208.100006              38
   208.199997              38
   208.300003              38
   208.399994              38
   208.500000              38
   208.600006              38
   208.699997              38
   208.800003              38
   208.899994              38
   209.000000              38
   209.100006              38
   209.199997              38
   209.300003              38
   209.399994              38
   209.500000              38
   209.600006              38
   209.699997              38
   209.800003              38
   209.899994              38
   210.000000              38
   210.100006              38
   210.199997              38
   210.300003              38
   210.399994              38
   210.500000              38
   210.600006              38
   210.699997              38
   210.800003              38
   210.899994              38
   211.000000              38
   211.100006              38
   211.199997              38
   211.300003              39
   211.399994              39
   211.500000              39
   211.600006              39
   211.699997              39
   211.800003              39
   211.899994              39
   212.000000              39
   212.100006              39
   212.199997              39
   212.300003              39
   212.399994              39
   212.500000              39
   212.600006              39
   212.699997              39
   212.800003              39
   212.899994              39
   213.000000              39
   213.100006              39
   213.199997              39
   213.300003              39
   213.399994              39
   213.500000              39
   213.600006              39
   213.699997              39
   213.800003              39
   213.899994              39
   214.000000              39
   214.100006              39
   214.199997              39
   214.300003              39
   214.399994              39
   214.500000              39
   214.600006              39
   214.699997              39
   214.800003              39
   214.899994              39
   215.000000              39
   215.100006              39
   215.199997              39
   215.300003              39
   215.399994              39
   215.500000              39
   215.600006              39
   215.699997              39
   215.800003              39
   215.899994              39
   216.000000              40
   216.100006              40
   216.199997              40
   216.300003              40
   216.399994              40
   216.500000              40
   216.600006              40
   216.699997              40
   216.800003              40
   216.899994              40
   217.000000              40
   217.100006              40
   217.199997              40
   217.300003              40
   217.399994              40
   217.500000              40
   217.600006              40
   217.699997              40
   217.800003              40
   217.899994              40
   218.000000              40
   218.100006              40
   218.199997              40
   218.300003              40
   218.399994              40
   218.500000              40
   218.600006              40
   218.699997              40
   218.800003              40
   218.899994              40
   219.000000              40
   219.100006              40
   219.199997              40
   219.300003              40
   219.399994              40
   219.500000              40
   219.600006              40
   219.699997              40
   219.800003              40
   219.899994              40
   220.000000              40
   220.100006              40
   220.199997              40
   220.300003              40
   220.399994              40
   220.500000              40
   220.600006              40
   220.699997              40
   220.800003              40
   220.899994              40
   221.000000              40
   221.100006              40
   221.199997              40
   221.300003              40
   221.399994              40
   221.500000              40
   221.600006              40
   221.699997              40
   221.800003              40
   221.899994              40
   222.000000              40
   222.100006              40
   222.199997              40
   222.300003              40
   222.399994              40
   222.500000              40
   222.600006              40
   222.699997              40
   222.800003              40
   222.899994              40
   223.000000              40
   223.100006              40
   223.199997              40
   223.300003              40
   223.399994              40
   223.500000              40
   223.600006              40
   223.699997              40
   223.800003              40
   223.899994              40
   224.000000              40
   224.100006              40
   224.199997              40
   224.300003              40
   224.399994              40
   224.500000              40
   224.600006              40
   224.699997              40
   224.800003              40
   224.899994              40
   225.000000              40
   225.100006              40
   225.199997              40
   225.300003              40
   225.399994              40
   225.500000              40
   225.600006              40
   225.699997              40
   225.800003              40
   225.899994              40
   226.000000              40
   226.100006              40
   226.199997              40
   226.300003              40
   226.399994              40
   226.500000              40
   226.600006              40
   226.699997              40
   226.800003              40
   226.899994              40
   227.000000              40
   227.100006              40
   227.199997              40
   227.300003              40
   227.399994              40
   227.500000              40
   227.600006              40
   227.699997              40
   227.800003              40
   227.899994              40
   228.000000              40
   228.100006              40
   228.199997              40
   228.300003              40
   228.399994              40
   228.500000              40
   228.600006              40
   228.699997              40
   228.800003              40
   228.899994              40
   229.000000              40
   229.100006              40
   229.199997              40
   229.300003              40
   229.399994              41
   229.500000              41
   229.600006              41
   229.699997              41
   229.800003              41
   229.899994              41
   230.000000              41
   230.100006              41
   230.199997              41
   230.300003              41
   230.399994              41
   230.500000              41
   230.600006              41
   230.699997              41
   230.800003              41
   230.899994              41
   231.000000              41
   231.100006              41
   231.199997              41
   231.300003              41
   231.399994              41
   231.500000              42
   231.600006              42
   231.699997              42
   231.800003              42
   231.899994              42
   232.000000              42
   232.100006              42
   232.199997              42
   232.300003              42
   232.399994              42
   232.500000              42
   232.600006              42
   232.699997              42
   232.800003              42
   232.899994              42
   233.000000              42
   233.100006              42
   233.199997              42
   233.300003              42
   233.399994              42
   233.500000              42
   233.600006              42
   233.699997              42
   233.800003              42
   233.899994              42
   234.000000              42
   234.100006              42
   234.199997              42
   234.300003              42
   234.399994              42
   234.500000              42
   234.600006              42
   234.699997              42
   234.800003              42
   234.899994              42
   235.000000              42
   235.100006              42
   235.199997              42
   235.300003              42
   235.399994              42
   235.500000              42
   235.600006              42
   235.699997              42
   235.800003              42
   235.899994              42
   236.000000              42
   236.100006              42
   236.199997              42
   236.300003              42
   236.399994              42
   236.500000              42
   236.600006              42
   236.699997              42
   236.800003              42
   236.899994              42
   237.000000              42
   237.100006              42
   237.199997              42
   237.300003              42
   237.399994              42
   237.500000              42
   237.600006              42
   237.699997              42
   237.800003              42
   237.899994              42
   238.000000              43
   238.100006              43
   238.199997              43
   238.300003              43
   238.399994              43
   238.500000              43
   238.600006              43
   238.699997              43
   238.800003              43
   238.899994              43
   239.000000              43
   239.100006              43
   239.199997              43
   239.300003              43
   239.399994              43
   239.500000              43
   239.600006              43
   239.699997              44
   239.800003              44
   239.899994              44
   240.000000              44
   240.100006              44
   240.199997              44
   240.300003              44
   240.399994              44
   240.500000              44
   240.600006              44
   240.699997              44
   240.800003              44
   240.899994              44
   241.000000              44
   241.100006              44
   241.199997              44
   241.300003              44
   241.399994              44
   241.500000              44
   241.600006              44
   241.699997              44
   241.800003              44
   241.899994              44
   242.000000              44
   242.100006              44
   242.199997              44
   242.300003              44
   242.399994              44
   242.500000              44
   242.600006              44
   242.699997              44
   242.800003              44
   242.899994              44
   243.000000              44
   243.100006              44
   243.199997              44
   243.300003              44
   243.399994              44
   243.500000              44
   243.600006              44
   243.699997              44
   243.800003              44
   243.899994              44
   244.000000              44
   244.100006              44
   244.199997              44
   244.300003              44
   244.399994              44
   244.500000              44
   244.600006              44
   244.699997              44
   244.800003              44
   244.899994              44
   245.000000              44
   245.100006              44
   245.199997              44
   245.300003              44
   245.399994              44
   245.500000              44
   245.600006              44
   245.699997              44
   245.800003              44
   245.899994              44
   246.000000              44
   246.100006              44
   246.199997              44
   246.300003              44
   246.399994              44
   246.500000              44
   246.600006              44
   246.699997              44
   246.800003              44
   246.899994              44
   247.000000              44
   247.100006              44
   247.199997              44
   247.300003              44
   247.399994              44
   247.500000              44
   247.600006              44
   247.699997              44
   247.800003              44
   247.899994              44
   248.000000              45
   248.100006              45
   248.199997              45
   248.300003              45
   248.399994              45
   248.500000              45
   248.600006              45
   248.699997              45
   248.800003              45
   248.899994              45
   249.000000              45
   249.100006              45
   249.199997              45
   249.300003              45
   249.399994              45
   249.500000              45
   249.600006              46
   249.699997              46
   249.800003              46
   249.899994              46
   250.000000              46
   250.100006              46
   250.199997              46
   250.300003              46
   250.399994              46
   250.500000              46
   250.600006              46
   250.699997              46
   250.800003              47
   250.899994              47
   251.000000              47
   251.100006              47
   251.199997              47
   251.300003              47
   251.399994              47
   251.500000              47
   251.600006              47
   251.699997              47
   251.800003              47
   251.899994              47
   252.000000              47
   252.100006              47
   252.199997              47
   252.300003              47
   252.399994              47
   252.500000              47
   252.600006              47
   252.699997              47
   252.800003              47
   252.899994              47
   253.000000              47
   253.100006              47
   253.199997              47
   253.300003              47
   253.399994              47
   253.500000              47
   253.600006              47
   253.699997              47
   253.800003              47
   253.899994              47
   254.000000              47
   254.100006              47
   254.199997              47
   254.300003              47
   254.399994              47
   254.500000              47
   254.600006              47
   254.699997              47
   254.800003              47
   254.899994              47
   255.000000              47
   255.100006              47
   255.199997              47
   255.300003              47
   255.399994              47
   255.500000              47
   255.600006              47
   255.699997              47
   255.800003              47
   255.899994              47
   256.000000              47
   256.100006              47
   256.200012              47
   256.299988              47
   256.399994              47
   256.500000              47
   256.600006              47
   256.700012              47
   256.799988              47
   256.899994              47
   257.000000              47
   257.100006              47
   257.200012              47
   257.299988              47
   257.399994              47
   257.500000              47
   257.600006              47
   257.700012              47
   257.799988              47
   257.899994              47
   258.000000              47
   258.100006              47
   258.200012              47
   258.299988              47
   258.399994              47
   258.500000              47
   258.600006              47
   258.700012              47
   258.799988              47
   258.899994              47
   259.000000              47
   259.100006              47
   259.200012              47
   259.299988              47
   259.399994              47
   259.500000              47
   259.600006              47
   259.700012              47
   259.799988              47
   259.899994              47
   260.000000              47
   260.100006              47
   260.200012              47
   260.299988              47
   260.399994              47
   260.500000              47
   260.600006              47
   260.700012              47
   260.799988              47
   260.899994              47
   261.000000              47
   261.100006              47
   261.200012              47
   261.299988              47
   261.399994              47
   261.500000              47
   261.600006              47
   261.700012              47
   261.799988              47
   261.899994              47
   262.000000              47
   262.100006              47
   262.200012              47
   262.299988              47
   262.399994              47
   262.500000              47
   262.600006              47
   262.700012              47
   262.799988              47
   262.899994              47
   263.000000              47
   263.100006              47
   263.200012              47
   263.299988              47
   263.399994              47
   263.500000              47
   263.600006              47
   263.700012              47
   263.799988              47
   263.899994              47
   264.000000              47
   264.100006              47
   264.200012              47
   264.299988              47
   264.399994              47
   264.500000              47
   264.600006              47
   264.700012              47
   264.799988              47
   264.899994              47
   265.000000              47
   265.100006              47
   265.200012              47
   265.299988              47
   265.399994              47
   265.500000              47
   265.600006              47
   265.700012              47
   265.799988              47
   265.899994              47
   266.000000              47
   266.100006              47
   266.200012              47
   266.299988              47
   266.399994              47
   266.500000              47
   266.600006              47
   266.700012              47
   266.799988              47
   266.899994              47
   267.000000              47
   267.100006              47
   267.200012              47
   267.299988              47
   267.399994              47
   267.500000              47
   267.600006              47
   267.700012              47
   267.799988              47
   267.899994              47
   268.000000              47
   268.100006              47
   268.200012              47
   268.299988              47
   268.399994              47
   268.500000              48
   268.600006              48
   268.700012              48
   268.799988              48
   268.899994              48
   269.000000              48
   269.100006              48
   269.200012              48
   269.299988              48
   269.399994              48
   269.500000              48
   269.600006              48
   269.700012              48
   269.799988              48
   269.899994              48
   270.000000              48
   270.100006              48
   270.200012              48
   270.299988              48
   270.399994              48
   270.500000              48
   270.600006              48
   270.700012              48
   270.799988              48
   270.899994              48
   271.000000              48
   271.100006              48
   271.200012              48
   271.299988              48
   271.399994              48
   271.500000              48
   271.600006              48
   271.700012              48
   271.799988              48
   271.899994              48
   272.000000              48
   272.100006              48
   272.200012              48
   272.299988              48
   272.399994              48
   272.500000              48
   272.600006              48
   272.700012              48
   272.799988              48
   272.899994              48
   273.000000              48
   273.100006              48
   273.200012              48
   273.299988              48
   273.399994              49
   273.500000              49
   273.600006              49
   273.700012              49
   273.799988              49
   273.899994              49
   274.000000              49
   274.100006              49
   274.200012              49
   274.299988              49
   274.399994              49
   274.500000              49
   274.600006              49
   274.700012              49
   274.799988              49
   274.899994              49
   275.000000              49
   275.100006              49
   275.200012              49
   275.299988              49
   275.399994              49
   275.500000              49
   275.600006              49
   275.700012              49
   275.799988              49
   275.899994              49
   276.000000              49
   276.100006              49
   276.200012              49
   276.299988              49
   276.399994              49
   276.500000              49
   276.600006              49
   276.700012              49
   276.799988              49
   276.899994              49
   277.000000              49
   277.100006              49
   277.200012              49
   277.299988              49
   277.399994              49
   277.500000              49
   277.600006              49
   277.700012              49
   277.799988              49
   277.899994              49
   278.000000              49
   278.100006              49
   278.200012              49
   278.299988              49
   278.399994              49
   278.500000              49
   278.600006              49
   278.700012              49
   278.799988              49
   278.899994              49
   279.000000              49
   279.100006              49
   279.200012              49
   279.299988              49
   279.399994              49
   279.500000              49
   279.600006              49
   279.700012              49
   279.799988              49
   279.899994              49
   280.000000              49
   280.100006              49
   280.200012              49
   280.299988              49
   280.399994              49
   280.500000              49
   280.600006              49
   280.700012              49
   280.799988              49
   280.899994              49
   281.000000              49
   281.100006              49
   281.200012              49
   281.299988              49
   281.399994              49
   281.500000              49
   281.600006              49
   281.700012              49
   281.799988              49
   281.899994              49
   282.000000              49
   282.100006              49
   282.200012              49
   282.299988              49
   282.399994              49
   282.500000              49
   282.600006              49
   282.700012              49
   282.799988              49
   282.899994              49
   283.000000              49
   283.100006              49
   283.200012              49
   283.299988              49
   283.399994              49
   283.500000              49
   283.600006              49
   283.700012              49
   283.799988              49
   283.899994              49
   284.000000              49
   284.100006              49
   284.200012              49
   284.299988              49
   284.399994              49
   284.500000              49
   284.600006              50
   284.700012              50
   284.799988              50
   284.899994              50
   285.000000              50
   285.100006              50
   285.200012              50
   285.299988              50
   285.399994              50
   285.500000              50
   285.600006              50
   285.700012              50
   285.799988              50
   285.899994              50
   286.000000              51
   286.100006              51
   286.200012              51
   286.299988              51
   286.399994              51
   286.500000              51
   286.600006              51
   286.700012              51
   286.799988              51
   286.899994              51
   287.000000              51
   287.100006              51
   287.200012              51
   287.299988              51
   287.399994              51
   287.500000              51
   287.600006              51
   287.700012              51
   287.799988              51
   287.899994              51
   288.000000              51
   288.100006              51
   288.200012              51
   288.299988              51
   288.399994              51
   288.500000              51
   288.600006              51
   288.700012              51
   288.799988              51
   288.899994              51
   289.000000              51
   289.100006              51
   289.200012              51
   289.299988              51
   289.399994              51
   289.500000              51
   289.600006              51
   289.700012              51
   289.799988              51
   289.899994              51
   290.000000              51
   290.100006              51
   290.200012              51
   290.299988              51
   290.399994              51
   290.500000              51
   290.600006              52
   290.700012              52
   290.799988              52
   290.899994              52
   291.000000              52
   291.100006              52
   291.200012              52
   291.299988              52
   291.399994              52
   291.500000              52
   291.600006              52
   291.700012              52
   291.799988              52
   291.899994              52
   292.000000              52
   292.100006              52
   292.200012              53
   292.299988              53
   292.399994              53
   292.500000              53
   292.600006              53
   292.700012              53
   292.799988              53
   292.899994              53
   293.000000              53
   293.100006              53
   293.200012              53
   293.299988              53
   293.399994              53
   293.500000              53
   293.600006              53
   293.700012              53
   293.799988              53
   293.899994              53
   294.000000              53
   294.100006              53
   294.200012              53
   294.299988              53
   294.399994              53
   294.500000              53
   294.600006              53
   294.700012              53
   294.799988              53
   294.899994              53
   295.000000              53
   295.100006              53
   295.200012              53
   295.299988              53
   295.399994              53
   295.500000              53
   295.600006              53
   295.700012              53
   295.799988              53
   295.899994              53
   296.000000              53
   296.100006              53
   296.200012              53
   296.299988              53
   296.399994              53
   296.500000              53
   296.600006              53
   296.700012              53
   296.799988              53
   296.899994              53
   297.000000              53
   297.100006              53
   297.200012              53
   297.299988              53
   297.399994              53
   297.500000              53
   297.600006              53
   297.700012              53
   297.799988              53
   297.899994              53
   298.000000              53
   298.100006              53
   298.200012              53
   298.299988              53
   298.399994              53
   298.500000              53
   298.600006              53
   298.700012              53
   298.799988              53
   298.899994              53
   299.000000              53
