 Permeation events over simulation time.
 t(ns) Number of events
   0.00000000               0
   1.99999996E-02           0
   3.99999991E-02           0
   5.99999987E-02           0
   7.99999982E-02           0
  0.100000001               0
  0.119999997               0
  0.140000001               0
  0.159999996               0
  0.180000007               0
  0.200000003               0
  0.219999999               0
  0.239999995               0
  0.259999990               0
  0.280000001               0
  0.300000012               0
  0.319999993               0
  0.340000004               0
  0.360000014               0
  0.379999995               0
  0.400000006               0
  0.419999987               0
  0.439999998               0
  0.460000008               0
  0.479999989               0
  0.500000000               0
  0.519999981               0
  0.540000021               0
  0.560000002               0
  0.579999983               0
  0.600000024               0
  0.620000005               0
  0.639999986               0
  0.660000026               0
  0.680000007               0
  0.699999988               0
  0.720000029               0
  0.740000010               0
  0.759999990               0
  0.779999971               0
  0.800000012               0
  0.819999993               0
  0.839999974               0
  0.860000014               0
  0.879999995               0
  0.899999976               0
  0.920000017               0
  0.939999998               0
  0.959999979               0
  0.980000019               0
   1.00000000               0
   1.01999998               0
   1.03999996               0
   1.05999994               0
   1.08000004               0
   1.10000002               0
   1.12000000               0
   1.13999999               0
   1.15999997               0
   1.17999995               0
   1.20000005               0
   1.22000003               0
   1.24000001               0
   1.25999999               0
   1.27999997               0
   1.29999995               0
   1.32000005               0
   1.34000003               0
   1.36000001               0
   1.38000000               0
   1.39999998               0
   1.41999996               0
   1.44000006               0
   1.46000004               0
   1.48000002               0
   1.50000000               0
   1.51999998               0
   1.53999996               0
   1.55999994               0
   1.58000004               0
   1.60000002               0
   1.62000000               0
   1.63999999               0
   1.65999997               0
   1.67999995               0
   1.70000005               0
   1.72000003               0
   1.74000001               0
   1.75999999               0
   1.77999997               0
   1.79999995               0
   1.82000005               0
   1.84000003               0
   1.86000001               0
   1.88000000               0
   1.89999998               0
   1.91999996               0
   1.94000006               0
   1.96000004               0
   1.98000002               0
   2.00000000               0
   2.01999998               0
   2.03999996               0
   2.05999994               0
   2.07999992               0
   2.09999990               0
   2.11999989               0
   2.14000010               0
   2.16000009               0
   2.18000007               0
   2.20000005               0
   2.22000003               0
   2.24000001               0
   2.25999999               0
   2.27999997               0
   2.29999995               0
   2.31999993               0
   2.33999991               0
   2.35999990               0
   2.38000011               0
   2.40000010               0
   2.42000008               0
   2.44000006               0
   2.46000004               0
   2.48000002               0
   2.50000000               0
   2.51999998               0
   2.53999996               0
   2.55999994               0
   2.57999992               0
   2.59999990               0
   2.61999989               0
   2.64000010               0
   2.66000009               0
   2.68000007               0
   2.70000005               0
   2.72000003               0
   2.74000001               0
   2.75999999               0
   2.77999997               0
   2.79999995               0
   2.81999993               0
   2.83999991               0
   2.85999990               0
   2.88000011               0
   2.90000010               0
   2.92000008               0
   2.94000006               0
   2.96000004               0
   2.98000002               0
   3.00000000               0
   3.01999998               0
   3.03999996               0
   3.05999994               0
   3.07999992               0
   3.09999990               0
   3.11999989               0
   3.14000010               0
   3.16000009               0
   3.18000007               0
   3.20000005               0
   3.22000003               0
   3.24000001               0
   3.25999999               0
   3.27999997               0
   3.29999995               0
   3.31999993               0
   3.33999991               0
   3.35999990               0
   3.38000011               0
   3.40000010               0
   3.42000008               0
   3.44000006               0
   3.46000004               0
   3.48000002               0
   3.50000000               0
   3.51999998               0
   3.53999996               0
   3.55999994               0
   3.57999992               0
   3.59999990               0
   3.61999989               0
   3.64000010               0
   3.66000009               0
   3.68000007               0
   3.70000005               0
   3.72000003               0
   3.74000001               0
   3.75999999               0
   3.77999997               0
   3.79999995               0
   3.81999993               0
   3.83999991               0
   3.85999990               0
   3.88000011               0
   3.90000010               0
   3.92000008               0
   3.94000006               0
   3.96000004               0
   3.98000002               0
   4.00000000               0
   4.01999998               0
   4.03999996               0
   4.05999994               0
   4.07999992               0
   4.09999990               0
   4.11999989               0
   4.13999987               0
   4.15999985               0
   4.17999983               0
   4.19999981               0
   4.21999979               0
   4.23999977               0
   4.26000023               0
   4.28000021               0
   4.30000019               0
   4.32000017               0
   4.34000015               0
   4.36000013               0
   4.38000011               0
   4.40000010               0
   4.42000008               0
   4.44000006               0
   4.46000004               0
   4.48000002               0
   4.50000000               0
   4.51999998               0
   4.53999996               0
   4.55999994               0
   4.57999992               0
   4.59999990               0
   4.61999989               0
   4.63999987               0
   4.65999985               0
   4.67999983               0
   4.69999981               0
   4.71999979               0
   4.73999977               0
   4.76000023               0
   4.78000021               0
   4.80000019               0
   4.82000017               0
   4.84000015               0
   4.86000013               0
   4.88000011               0
   4.90000010               0
   4.92000008               0
   4.94000006               0
   4.96000004               0
   4.98000002               0
   5.00000000               0
   5.01999998               0
   5.03999996               0
   5.05999994               0
   5.07999992               0
   5.09999990               0
   5.11999989               0
   5.13999987               0
   5.15999985               0
   5.17999983               0
   5.19999981               0
   5.21999979               0
   5.23999977               0
   5.26000023               0
   5.28000021               0
   5.30000019               0
   5.32000017               0
   5.34000015               0
   5.36000013               0
   5.38000011               0
   5.40000010               0
   5.42000008               0
   5.44000006               0
   5.46000004               0
   5.48000002               0
   5.50000000               0
   5.51999998               0
   5.53999996               0
   5.55999994               0
   5.57999992               0
   5.59999990               0
   5.61999989               0
   5.63999987               0
   5.65999985               0
   5.67999983               0
   5.69999981               0
   5.71999979               0
   5.73999977               0
   5.76000023               0
   5.78000021               0
   5.80000019               0
   5.82000017               0
   5.84000015               0
   5.86000013               0
   5.88000011               0
   5.90000010               0
   5.92000008               0
   5.94000006               0
   5.96000004               0
   5.98000002               0
   6.00000000               0
   6.01999998               0
   6.03999996               0
   6.05999994               0
   6.07999992               0
   6.09999990               0
   6.11999989               0
   6.13999987               0
   6.15999985               0
   6.17999983               0
   6.19999981               0
   6.21999979               0
   6.23999977               0
   6.26000023               0
   6.28000021               0
   6.30000019               0
   6.32000017               0
   6.34000015               0
   6.36000013               0
   6.38000011               0
   6.40000010               0
   6.42000008               0
   6.44000006               0
   6.46000004               0
   6.48000002               0
   6.50000000               0
   6.51999998               0
   6.53999996               0
   6.55999994               0
   6.57999992               0
   6.59999990               0
   6.61999989               0
   6.63999987               0
   6.65999985               0
   6.67999983               0
   6.69999981               0
   6.71999979               0
   6.73999977               0
   6.76000023               0
   6.78000021               0
   6.80000019               0
   6.82000017               0
   6.84000015               0
   6.86000013               0
   6.88000011               0
   6.90000010               0
   6.92000008               0
   6.94000006               0
   6.96000004               0
   6.98000002               0
   7.00000000               0
   7.01999998               0
   7.03999996               0
   7.05999994               0
   7.07999992               0
   7.09999990               0
   7.11999989               0
   7.13999987               0
   7.15999985               0
   7.17999983               0
   7.19999981               0
   7.21999979               0
   7.23999977               0
   7.26000023               0
   7.28000021               0
   7.30000019               0
   7.32000017               0
   7.34000015               0
   7.36000013               0
   7.38000011               0
   7.40000010               0
   7.42000008               0
   7.44000006               0
   7.46000004               0
   7.48000002               0
   7.50000000               0
   7.51999998               0
   7.53999996               0
   7.55999994               0
   7.57999992               0
   7.59999990               0
   7.61999989               0
   7.63999987               0
   7.65999985               0
   7.67999983               0
   7.69999981               0
   7.71999979               0
   7.73999977               0
   7.76000023               0
   7.78000021               0
   7.80000019               0
   7.82000017               0
   7.84000015               0
   7.86000013               0
   7.88000011               0
   7.90000010               0
   7.92000008               0
   7.94000006               0
   7.96000004               0
   7.98000002               0
   8.00000000               0
   8.02000046               0
   8.03999996               0
   8.06000042               0
   8.07999992               0
   8.10000038               0
   8.11999989               0
   8.14000034               0
   8.15999985               0
   8.18000031               0
   8.19999981               0
   8.22000027               0
   8.23999977               0
   8.26000023               0
   8.27999973               0
   8.30000019               0
   8.31999969               0
   8.34000015               0
   8.35999966               0
   8.38000011               0
   8.39999962               0
   8.42000008               0
   8.43999958               0
   8.46000004               0
   8.47999954               0
   8.50000000               0
   8.52000046               0
   8.53999996               0
   8.56000042               0
   8.57999992               0
   8.60000038               0
   8.61999989               0
   8.64000034               0
   8.65999985               0
   8.68000031               0
   8.69999981               0
   8.72000027               0
   8.73999977               0
   8.76000023               0
   8.77999973               0
   8.80000019               0
   8.81999969               0
   8.84000015               0
   8.85999966               0
   8.88000011               0
   8.89999962               0
   8.92000008               0
   8.93999958               0
   8.96000004               0
   8.97999954               0
   9.00000000               0
   9.02000046               0
   9.03999996               0
   9.06000042               0
   9.07999992               0
   9.10000038               0
   9.11999989               0
   9.14000034               0
   9.15999985               0
   9.18000031               0
   9.19999981               0
   9.22000027               0
   9.23999977               0
   9.26000023               0
   9.27999973               0
   9.30000019               0
   9.31999969               0
   9.34000015               0
   9.35999966               0
   9.38000011               0
   9.39999962               0
   9.42000008               0
   9.43999958               0
   9.46000004               0
   9.47999954               0
   9.50000000               0
   9.52000046               0
   9.53999996               0
   9.56000042               0
   9.57999992               0
   9.60000038               0
   9.61999989               0
   9.64000034               0
   9.65999985               0
   9.68000031               0
   9.69999981               0
   9.72000027               1
   9.73999977               1
   9.76000023               1
   9.77999973               1
   9.80000019               1
   9.81999969               1
   9.84000015               1
   9.85999966               1
   9.88000011               1
   9.89999962               1
   9.92000008               1
   9.93999958               1
   9.96000004               1
   9.97999954               1
   10.0000000               1
   10.0200005               1
   10.0400000               1
   10.0600004               1
   10.0799999               1
   10.1000004               1
   10.1199999               1
   10.1400003               1
   10.1599998               1
   10.1800003               1
   10.1999998               1
   10.2200003               1
   10.2399998               1
   10.2600002               1
   10.2799997               1
   10.3000002               1
   10.3199997               1
   10.3400002               1
   10.3599997               1
   10.3800001               1
   10.3999996               1
   10.4200001               1
   10.4399996               1
   10.4600000               1
   10.4799995               1
   10.5000000               1
   10.5200005               1
   10.5400000               1
   10.5600004               1
   10.5799999               1
   10.6000004               1
   10.6199999               1
   10.6400003               1
   10.6599998               1
   10.6800003               1
   10.6999998               1
   10.7200003               1
   10.7399998               1
   10.7600002               1
   10.7799997               1
   10.8000002               1
   10.8199997               1
   10.8400002               1
   10.8599997               1
   10.8800001               1
   10.8999996               1
   10.9200001               1
   10.9399996               1
   10.9600000               1
   10.9799995               1
   11.0000000               1
   11.0200005               1
   11.0400000               1
   11.0600004               1
   11.0799999               1
   11.1000004               1
   11.1199999               1
   11.1400003               1
   11.1599998               1
   11.1800003               1
   11.1999998               1
   11.2200003               1
   11.2399998               1
   11.2600002               1
   11.2799997               1
   11.3000002               1
   11.3199997               1
   11.3400002               1
   11.3599997               1
   11.3800001               1
   11.3999996               1
   11.4200001               1
   11.4399996               1
   11.4600000               1
   11.4799995               1
   11.5000000               1
   11.5200005               1
   11.5400000               1
   11.5600004               1
   11.5799999               1
   11.6000004               1
   11.6199999               1
   11.6400003               1
   11.6599998               1
   11.6800003               1
   11.6999998               1
   11.7200003               1
   11.7399998               1
   11.7600002               1
   11.7799997               1
   11.8000002               1
   11.8199997               1
   11.8400002               1
   11.8599997               1
   11.8800001               1
   11.8999996               1
   11.9200001               1
   11.9399996               1
   11.9600000               1
   11.9799995               1
   12.0000000               1
   12.0200005               1
   12.0400000               1
   12.0600004               1
   12.0799999               1
   12.1000004               1
   12.1199999               1
   12.1400003               1
   12.1599998               1
   12.1800003               1
   12.1999998               1
   12.2200003               1
   12.2399998               1
   12.2600002               1
   12.2799997               1
   12.3000002               1
   12.3199997               1
   12.3400002               1
   12.3599997               1
   12.3800001               1
   12.3999996               1
   12.4200001               1
   12.4399996               1
   12.4600000               1
   12.4799995               1
   12.5000000               1
   12.5200005               1
   12.5400000               1
   12.5600004               1
   12.5799999               1
   12.6000004               1
   12.6199999               1
   12.6400003               1
   12.6599998               1
   12.6800003               1
   12.6999998               1
   12.7200003               1
   12.7399998               1
   12.7600002               1
   12.7799997               1
   12.8000002               1
   12.8199997               1
   12.8400002               1
   12.8599997               1
   12.8800001               1
   12.8999996               1
   12.9200001               1
   12.9399996               1
   12.9600000               1
   12.9799995               1
   13.0000000               1
   13.0200005               1
   13.0400000               1
   13.0600004               1
   13.0799999               1
   13.1000004               1
   13.1199999               1
   13.1400003               1
   13.1599998               1
   13.1800003               1
   13.1999998               1
   13.2200003               1
   13.2399998               1
   13.2600002               1
   13.2799997               1
   13.3000002               1
   13.3199997               1
   13.3400002               1
   13.3599997               1
   13.3800001               1
   13.3999996               1
   13.4200001               1
   13.4399996               1
   13.4600000               1
   13.4799995               1
   13.5000000               1
   13.5200005               1
   13.5400000               1
   13.5600004               1
   13.5799999               1
   13.6000004               1
   13.6199999               1
   13.6400003               1
   13.6599998               1
   13.6800003               1
   13.6999998               1
   13.7200003               1
   13.7399998               1
   13.7600002               1
   13.7799997               1
   13.8000002               1
   13.8199997               1
   13.8400002               1
   13.8599997               1
   13.8800001               1
   13.8999996               1
   13.9200001               1
   13.9399996               1
   13.9600000               1
   13.9799995               1
   14.0000000               1
   14.0200005               1
   14.0400000               1
   14.0600004               1
   14.0799999               1
   14.1000004               1
   14.1199999               1
   14.1400003               1
   14.1599998               1
   14.1800003               1
   14.1999998               1
   14.2200003               1
   14.2399998               1
   14.2600002               1
   14.2799997               1
   14.3000002               1
   14.3199997               1
   14.3400002               1
   14.3599997               1
   14.3800001               1
   14.3999996               1
   14.4200001               1
   14.4399996               1
   14.4600000               1
   14.4799995               1
   14.5000000               1
   14.5200005               1
   14.5400000               1
   14.5600004               1
   14.5799999               1
   14.6000004               1
   14.6199999               1
   14.6400003               1
   14.6599998               1
   14.6800003               1
   14.6999998               1
   14.7200003               1
   14.7399998               1
   14.7600002               1
   14.7799997               1
   14.8000002               1
   14.8199997               1
   14.8400002               1
   14.8599997               1
   14.8800001               1
   14.8999996               1
   14.9200001               1
   14.9399996               1
   14.9600000               1
   14.9799995               1
   15.0000000               1
   15.0200005               1
   15.0400000               1
   15.0600004               1
   15.0799999               1
   15.1000004               1
   15.1199999               1
   15.1400003               1
   15.1599998               1
   15.1800003               1
   15.1999998               1
   15.2200003               1
   15.2399998               1
   15.2600002               1
   15.2799997               1
   15.3000002               1
   15.3199997               1
   15.3400002               1
   15.3599997               1
   15.3800001               1
   15.3999996               1
   15.4200001               1
   15.4399996               1
   15.4600000               1
   15.4799995               1
   15.5000000               1
   15.5200005               1
   15.5400000               1
   15.5600004               1
   15.5799999               1
   15.6000004               1
   15.6199999               1
   15.6400003               1
   15.6599998               1
   15.6800003               1
   15.6999998               1
   15.7200003               1
   15.7399998               1
   15.7600002               1
   15.7799997               1
   15.8000002               1
   15.8199997               1
   15.8400002               1
   15.8599997               1
   15.8800001               1
   15.8999996               1
   15.9200001               1
   15.9399996               1
   15.9600000               1
   15.9799995               1
   16.0000000               1
   16.0200005               1
   16.0400009               1
   16.0599995               1
   16.0799999               1
   16.1000004               1
   16.1200008               1
   16.1399994               1
   16.1599998               1
   16.1800003               1
   16.2000008               1
   16.2199993               1
   16.2399998               1
   16.2600002               1
   16.2800007               1
   16.2999992               1
   16.3199997               1
   16.3400002               1
   16.3600006               1
   16.3799992               1
   16.3999996               1
   16.4200001               1
   16.4400005               1
   16.4599991               1
   16.4799995               1
   16.5000000               1
   16.5200005               1
   16.5400009               1
   16.5599995               1
   16.5799999               1
   16.6000004               1
   16.6200008               1
   16.6399994               1
   16.6599998               1
   16.6800003               1
   16.7000008               1
   16.7199993               1
   16.7399998               1
   16.7600002               1
   16.7800007               1
   16.7999992               1
   16.8199997               1
   16.8400002               1
   16.8600006               1
   16.8799992               1
   16.8999996               1
   16.9200001               1
   16.9400005               1
   16.9599991               2
   16.9799995               2
   17.0000000               2
   17.0200005               2
   17.0400009               2
   17.0599995               2
   17.0799999               2
   17.1000004               2
   17.1200008               2
   17.1399994               2
   17.1599998               2
   17.1800003               2
   17.2000008               2
   17.2199993               2
   17.2399998               2
   17.2600002               2
   17.2800007               2
   17.2999992               2
   17.3199997               2
   17.3400002               2
   17.3600006               2
   17.3799992               2
   17.3999996               2
   17.4200001               2
   17.4400005               2
   17.4599991               2
   17.4799995               2
   17.5000000               2
   17.5200005               2
   17.5400009               2
   17.5599995               2
   17.5799999               2
   17.6000004               2
   17.6200008               2
   17.6399994               2
   17.6599998               2
   17.6800003               2
   17.7000008               2
   17.7199993               2
   17.7399998               2
   17.7600002               2
   17.7800007               2
   17.7999992               2
   17.8199997               2
   17.8400002               2
   17.8600006               2
   17.8799992               2
   17.8999996               2
   17.9200001               2
   17.9400005               2
   17.9599991               2
   17.9799995               2
   18.0000000               2
   18.0200005               2
   18.0400009               2
   18.0599995               2
   18.0799999               2
   18.1000004               2
   18.1200008               2
   18.1399994               2
   18.1599998               2
   18.1800003               2
   18.2000008               2
   18.2199993               2
   18.2399998               2
   18.2600002               2
   18.2800007               2
   18.2999992               2
   18.3199997               2
   18.3400002               2
   18.3600006               2
   18.3799992               2
   18.3999996               2
   18.4200001               2
   18.4400005               2
   18.4599991               2
   18.4799995               2
   18.5000000               2
   18.5200005               2
   18.5400009               2
   18.5599995               2
   18.5799999               2
   18.6000004               2
   18.6200008               2
   18.6399994               2
   18.6599998               2
   18.6800003               2
   18.7000008               2
   18.7199993               2
   18.7399998               2
   18.7600002               2
   18.7800007               2
   18.7999992               2
   18.8199997               2
   18.8400002               2
   18.8600006               2
   18.8799992               2
   18.8999996               2
   18.9200001               2
   18.9400005               2
   18.9599991               2
   18.9799995               2
   19.0000000               2
   19.0200005               2
   19.0400009               2
   19.0599995               2
   19.0799999               2
   19.1000004               2
   19.1200008               2
   19.1399994               2
   19.1599998               2
   19.1800003               2
   19.2000008               2
   19.2199993               2
   19.2399998               2
   19.2600002               2
   19.2800007               2
   19.2999992               2
   19.3199997               2
   19.3400002               2
   19.3600006               2
   19.3799992               2
   19.3999996               2
   19.4200001               2
   19.4400005               2
   19.4599991               2
   19.4799995               2
   19.5000000               2
   19.5200005               2
   19.5400009               2
   19.5599995               2
   19.5799999               2
   19.6000004               2
   19.6200008               2
   19.6399994               2
   19.6599998               2
   19.6800003               2
   19.7000008               2
   19.7199993               2
   19.7399998               2
   19.7600002               2
   19.7800007               2
   19.7999992               2
   19.8199997               2
   19.8400002               2
   19.8600006               2
   19.8799992               2
   19.8999996               2
   19.9200001               2
   19.9400005               2
   19.9599991               2
   19.9799995               2
   20.0000000               2
   20.0200005               2
   20.0400009               2
   20.0599995               2
   20.0799999               2
   20.1000004               2
   20.1200008               2
   20.1399994               2
   20.1599998               2
   20.1800003               2
   20.2000008               2
   20.2199993               2
   20.2399998               2
   20.2600002               2
   20.2800007               2
   20.2999992               2
   20.3199997               2
   20.3400002               2
   20.3600006               2
   20.3799992               2
   20.3999996               2
   20.4200001               2
   20.4400005               2
   20.4599991               2
   20.4799995               2
   20.5000000               2
   20.5200005               2
   20.5400009               2
   20.5599995               2
   20.5799999               2
   20.6000004               2
   20.6200008               2
   20.6399994               2
   20.6599998               2
   20.6800003               2
   20.7000008               2
   20.7199993               2
   20.7399998               2
   20.7600002               2
   20.7800007               2
   20.7999992               2
   20.8199997               2
   20.8400002               2
   20.8600006               2
   20.8799992               2
   20.8999996               2
   20.9200001               2
   20.9400005               2
   20.9599991               2
   20.9799995               2
   21.0000000               2
   21.0200005               2
   21.0400009               2
   21.0599995               2
   21.0799999               2
   21.1000004               2
   21.1200008               2
   21.1399994               2
   21.1599998               2
   21.1800003               2
   21.2000008               2
   21.2199993               2
   21.2399998               2
   21.2600002               2
   21.2800007               2
   21.2999992               2
   21.3199997               2
   21.3400002               2
   21.3600006               2
   21.3799992               2
   21.3999996               2
   21.4200001               2
   21.4400005               2
   21.4599991               2
   21.4799995               2
   21.5000000               2
   21.5200005               2
   21.5400009               2
   21.5599995               2
   21.5799999               2
   21.6000004               2
   21.6200008               2
   21.6399994               2
   21.6599998               2
   21.6800003               2
   21.7000008               2
   21.7199993               2
   21.7399998               2
   21.7600002               2
   21.7800007               2
   21.7999992               2
   21.8199997               2
   21.8400002               2
   21.8600006               2
   21.8799992               2
   21.8999996               2
   21.9200001               2
   21.9400005               2
   21.9599991               2
   21.9799995               2
   22.0000000               2
   22.0200005               2
   22.0400009               2
   22.0599995               2
   22.0799999               2
   22.1000004               2
   22.1200008               2
   22.1399994               2
   22.1599998               2
   22.1800003               2
   22.2000008               2
   22.2199993               2
   22.2399998               2
   22.2600002               2
   22.2800007               2
   22.2999992               2
   22.3199997               2
   22.3400002               2
   22.3600006               2
   22.3799992               2
   22.3999996               2
   22.4200001               2
   22.4400005               2
   22.4599991               2
   22.4799995               2
   22.5000000               2
   22.5200005               2
   22.5400009               2
   22.5599995               2
   22.5799999               2
   22.6000004               2
   22.6200008               2
   22.6399994               2
   22.6599998               2
   22.6800003               2
   22.7000008               2
   22.7199993               2
   22.7399998               2
   22.7600002               2
   22.7800007               2
   22.7999992               2
   22.8199997               2
   22.8400002               2
   22.8600006               2
   22.8799992               2
   22.8999996               2
   22.9200001               2
   22.9400005               2
   22.9599991               2
   22.9799995               2
   23.0000000               2
   23.0200005               2
   23.0400009               2
   23.0599995               2
   23.0799999               2
   23.1000004               2
   23.1200008               2
   23.1399994               2
   23.1599998               2
   23.1800003               2
   23.2000008               2
   23.2199993               2
   23.2399998               2
   23.2600002               2
   23.2800007               2
   23.2999992               2
   23.3199997               2
   23.3400002               2
   23.3600006               2
   23.3799992               2
   23.3999996               2
   23.4200001               2
   23.4400005               2
   23.4599991               2
   23.4799995               2
   23.5000000               2
   23.5200005               2
   23.5400009               2
   23.5599995               2
   23.5799999               2
   23.6000004               2
   23.6200008               2
   23.6399994               2
   23.6599998               2
   23.6800003               2
   23.7000008               2
   23.7199993               2
   23.7399998               2
   23.7600002               2
   23.7800007               2
   23.7999992               2
   23.8199997               2
   23.8400002               2
   23.8600006               2
   23.8799992               2
   23.8999996               2
   23.9200001               2
   23.9400005               2
   23.9599991               2
   23.9799995               2
   24.0000000               2
   24.0200005               2
   24.0400009               2
   24.0599995               2
   24.0799999               2
   24.1000004               2
   24.1200008               3
   24.1399994               3
   24.1599998               3
   24.1800003               3
   24.2000008               3
   24.2199993               3
   24.2399998               3
   24.2600002               3
   24.2800007               3
   24.2999992               3
   24.3199997               3
   24.3400002               3
   24.3600006               3
   24.3799992               3
   24.3999996               3
   24.4200001               3
   24.4400005               3
   24.4599991               3
   24.4799995               3
   24.5000000               3
   24.5200005               3
   24.5400009               3
   24.5599995               3
   24.5799999               3
   24.6000004               3
   24.6200008               3
   24.6399994               3
   24.6599998               3
   24.6800003               3
   24.7000008               3
   24.7199993               3
   24.7399998               3
   24.7600002               3
   24.7800007               3
   24.7999992               3
   24.8199997               3
   24.8400002               3
   24.8600006               3
   24.8799992               3
   24.8999996               3
   24.9200001               3
   24.9400005               3
   24.9599991               3
   24.9799995               3
   25.0000000               3
   25.0200005               3
   25.0400009               3
   25.0599995               3
   25.0799999               3
   25.1000004               3
   25.1200008               3
   25.1399994               3
   25.1599998               3
   25.1800003               3
   25.2000008               3
   25.2199993               3
   25.2399998               3
   25.2600002               3
   25.2800007               3
   25.2999992               3
   25.3199997               3
   25.3400002               3
   25.3600006               3
   25.3799992               3
   25.3999996               3
   25.4200001               3
   25.4400005               3
   25.4599991               3
   25.4799995               3
   25.5000000               3
   25.5200005               3
   25.5400009               3
   25.5599995               3
   25.5799999               3
   25.6000004               3
   25.6200008               3
   25.6399994               3
   25.6599998               3
   25.6800003               3
   25.7000008               3
   25.7199993               3
   25.7399998               3
   25.7600002               3
   25.7800007               3
   25.7999992               3
   25.8199997               3
   25.8400002               3
   25.8600006               3
   25.8799992               3
   25.8999996               3
   25.9200001               3
   25.9400005               3
   25.9599991               3
   25.9799995               3
   26.0000000               3
   26.0200005               3
   26.0400009               3
   26.0599995               3
   26.0799999               3
   26.1000004               3
   26.1200008               3
   26.1399994               3
   26.1599998               3
   26.1800003               3
   26.2000008               3
   26.2199993               3
   26.2399998               3
   26.2600002               3
   26.2800007               3
   26.2999992               3
   26.3199997               3
   26.3400002               3
   26.3600006               3
   26.3799992               3
   26.3999996               3
   26.4200001               3
   26.4400005               3
   26.4599991               3
   26.4799995               3
   26.5000000               3
   26.5200005               3
   26.5400009               3
   26.5599995               3
   26.5799999               3
   26.6000004               3
   26.6200008               3
   26.6399994               3
   26.6599998               3
   26.6800003               3
   26.7000008               3
   26.7199993               3
   26.7399998               3
   26.7600002               3
   26.7800007               3
   26.7999992               3
   26.8199997               3
   26.8400002               3
   26.8600006               3
   26.8799992               3
   26.8999996               3
   26.9200001               3
   26.9400005               3
   26.9599991               3
   26.9799995               3
   27.0000000               3
   27.0200005               3
   27.0400009               3
   27.0599995               3
   27.0799999               3
   27.1000004               3
   27.1200008               3
   27.1399994               3
   27.1599998               3
   27.1800003               3
   27.2000008               3
   27.2199993               3
   27.2399998               3
   27.2600002               3
   27.2800007               3
   27.2999992               3
   27.3199997               3
   27.3400002               3
   27.3600006               3
   27.3799992               3
   27.3999996               3
   27.4200001               3
   27.4400005               3
   27.4599991               3
   27.4799995               3
   27.5000000               3
   27.5200005               3
   27.5400009               3
   27.5599995               3
   27.5799999               3
   27.6000004               3
   27.6200008               3
   27.6399994               3
   27.6599998               3
   27.6800003               3
   27.7000008               3
   27.7199993               3
   27.7399998               3
   27.7600002               3
   27.7800007               3
   27.7999992               3
   27.8199997               3
   27.8400002               3
   27.8600006               3
   27.8799992               3
   27.8999996               3
   27.9200001               3
   27.9400005               3
   27.9599991               3
   27.9799995               3
   28.0000000               3
   28.0200005               3
   28.0400009               3
   28.0599995               3
   28.0799999               3
   28.1000004               3
   28.1200008               3
   28.1399994               3
   28.1599998               3
   28.1800003               3
   28.2000008               3
   28.2199993               3
   28.2399998               3
   28.2600002               3
   28.2800007               3
   28.2999992               3
   28.3199997               3
   28.3400002               3
   28.3600006               3
   28.3799992               3
   28.3999996               3
   28.4200001               3
   28.4400005               3
   28.4599991               3
   28.4799995               3
   28.5000000               3
   28.5200005               3
   28.5400009               3
   28.5599995               3
   28.5799999               3
   28.6000004               3
   28.6200008               3
   28.6399994               3
   28.6599998               3
   28.6800003               3
   28.7000008               3
   28.7199993               3
   28.7399998               3
   28.7600002               3
   28.7800007               3
   28.7999992               3
   28.8199997               3
   28.8400002               3
   28.8600006               3
   28.8799992               3
   28.8999996               3
   28.9200001               3
   28.9400005               3
   28.9599991               3
   28.9799995               3
   29.0000000               3
   29.0200005               3
   29.0400009               3
   29.0599995               3
   29.0799999               3
   29.1000004               3
   29.1200008               3
   29.1399994               3
   29.1599998               3
   29.1800003               3
   29.2000008               3
   29.2199993               3
   29.2399998               3
   29.2600002               3
   29.2800007               3
   29.2999992               3
   29.3199997               3
   29.3400002               3
   29.3600006               3
   29.3799992               3
   29.3999996               3
   29.4200001               3
   29.4400005               3
   29.4599991               3
   29.4799995               3
   29.5000000               3
   29.5200005               3
   29.5400009               3
   29.5599995               3
   29.5799999               3
   29.6000004               3
   29.6200008               3
   29.6399994               3
   29.6599998               3
   29.6800003               3
   29.7000008               3
   29.7199993               3
   29.7399998               3
   29.7600002               3
   29.7800007               3
   29.7999992               3
   29.8199997               3
   29.8400002               3
   29.8600006               3
   29.8799992               3
   29.8999996               3
   29.9200001               3
   29.9400005               3
   29.9599991               3
   29.9799995               3
   30.0000000               3
   30.0200005               3
   30.0400009               3
   30.0599995               3
   30.0799999               3
   30.1000004               3
   30.1200008               3
   30.1399994               3
   30.1599998               3
   30.1800003               3
   30.2000008               3
   30.2199993               3
   30.2399998               3
   30.2600002               3
   30.2800007               3
   30.2999992               3
   30.3199997               3
   30.3400002               3
   30.3600006               3
   30.3799992               3
   30.3999996               3
   30.4200001               3
   30.4400005               3
   30.4599991               3
   30.4799995               3
   30.5000000               3
   30.5200005               3
   30.5400009               3
   30.5599995               3
   30.5799999               3
   30.6000004               3
   30.6200008               3
   30.6399994               3
   30.6599998               3
   30.6800003               3
   30.7000008               3
   30.7199993               3
   30.7399998               3
   30.7600002               3
   30.7800007               3
   30.7999992               3
   30.8199997               3
   30.8400002               3
   30.8600006               3
   30.8799992               3
   30.8999996               3
   30.9200001               3
   30.9400005               3
   30.9599991               3
   30.9799995               3
   31.0000000               3
   31.0200005               3
   31.0400009               3
   31.0599995               3
   31.0799999               3
   31.1000004               3
   31.1200008               3
   31.1399994               3
   31.1599998               3
   31.1800003               3
   31.2000008               3
   31.2199993               3
   31.2399998               3
   31.2600002               3
   31.2800007               3
   31.2999992               3
   31.3199997               3
   31.3400002               3
   31.3600006               3
   31.3799992               3
   31.3999996               3
   31.4200001               3
   31.4400005               3
   31.4599991               3
   31.4799995               3
   31.5000000               3
   31.5200005               3
   31.5400009               3
   31.5599995               3
   31.5799999               3
   31.6000004               3
   31.6200008               3
   31.6399994               3
   31.6599998               3
   31.6800003               3
   31.7000008               3
   31.7199993               3
   31.7399998               3
   31.7600002               3
   31.7800007               3
   31.7999992               3
   31.8199997               3
   31.8400002               3
   31.8600006               3
   31.8799992               3
   31.8999996               3
   31.9200001               3
   31.9400005               3
   31.9599991               3
   31.9799995               3
   32.0000000               3
   32.0200005               3
   32.0400009               3
   32.0600014               3
   32.0800018               3
   32.0999985               3
   32.1199989               3
   32.1399994               3
   32.1599998               3
   32.1800003               3
   32.2000008               3
   32.2200012               3
   32.2400017               3
   32.2599983               3
   32.2799988               3
   32.2999992               3
   32.3199997               3
   32.3400002               3
   32.3600006               3
   32.3800011               3
   32.4000015               3
   32.4199982               3
   32.4399986               3
   32.4599991               3
   32.4799995               3
   32.5000000               3
   32.5200005               3
   32.5400009               3
   32.5600014               3
   32.5800018               3
   32.5999985               3
   32.6199989               3
   32.6399994               3
   32.6599998               3
   32.6800003               3
   32.7000008               3
   32.7200012               3
   32.7400017               3
   32.7599983               3
   32.7799988               3
   32.7999992               3
   32.8199997               3
   32.8400002               3
   32.8600006               3
   32.8800011               3
   32.9000015               3
   32.9199982               3
   32.9399986               3
   32.9599991               3
   32.9799995               3
   33.0000000               3
   33.0200005               3
   33.0400009               3
   33.0600014               3
   33.0800018               3
   33.0999985               3
   33.1199989               3
   33.1399994               3
   33.1599998               3
   33.1800003               3
   33.2000008               3
   33.2200012               3
   33.2400017               3
   33.2599983               3
   33.2799988               3
   33.2999992               3
   33.3199997               3
   33.3400002               3
   33.3600006               3
   33.3800011               3
   33.4000015               3
   33.4199982               3
   33.4399986               3
   33.4599991               3
   33.4799995               3
   33.5000000               3
   33.5200005               3
   33.5400009               3
   33.5600014               3
   33.5800018               3
   33.5999985               3
   33.6199989               3
   33.6399994               3
   33.6599998               3
   33.6800003               3
   33.7000008               3
   33.7200012               3
   33.7400017               3
   33.7599983               3
   33.7799988               3
   33.7999992               3
   33.8199997               3
   33.8400002               3
   33.8600006               3
   33.8800011               3
   33.9000015               3
   33.9199982               3
   33.9399986               3
   33.9599991               3
   33.9799995               3
   34.0000000               3
   34.0200005               3
   34.0400009               3
   34.0600014               3
   34.0800018               3
   34.0999985               3
   34.1199989               3
   34.1399994               3
   34.1599998               3
   34.1800003               3
   34.2000008               3
   34.2200012               3
   34.2400017               3
   34.2599983               3
   34.2799988               3
   34.2999992               3
   34.3199997               3
   34.3400002               3
   34.3600006               3
   34.3800011               3
   34.4000015               3
   34.4199982               3
   34.4399986               3
   34.4599991               3
   34.4799995               3
   34.5000000               3
   34.5200005               3
   34.5400009               3
   34.5600014               3
   34.5800018               3
   34.5999985               3
   34.6199989               3
   34.6399994               3
   34.6599998               3
   34.6800003               3
   34.7000008               3
   34.7200012               3
   34.7400017               3
   34.7599983               3
   34.7799988               3
   34.7999992               3
   34.8199997               3
   34.8400002               3
   34.8600006               3
   34.8800011               3
   34.9000015               3
   34.9199982               3
   34.9399986               3
   34.9599991               3
   34.9799995               3
   35.0000000               3
   35.0200005               3
   35.0400009               3
   35.0600014               3
   35.0800018               3
   35.0999985               3
   35.1199989               3
   35.1399994               3
   35.1599998               3
   35.1800003               3
   35.2000008               3
   35.2200012               3
   35.2400017               3
   35.2599983               3
   35.2799988               3
   35.2999992               3
   35.3199997               3
   35.3400002               3
   35.3600006               3
   35.3800011               3
   35.4000015               3
   35.4199982               3
   35.4399986               3
   35.4599991               3
   35.4799995               3
   35.5000000               3
   35.5200005               3
   35.5400009               3
   35.5600014               3
   35.5800018               3
   35.5999985               3
   35.6199989               3
   35.6399994               3
   35.6599998               3
   35.6800003               3
   35.7000008               3
   35.7200012               3
   35.7400017               3
   35.7599983               3
   35.7799988               3
   35.7999992               3
   35.8199997               3
   35.8400002               3
   35.8600006               3
   35.8800011               3
   35.9000015               3
   35.9199982               3
   35.9399986               3
   35.9599991               3
   35.9799995               3
   36.0000000               3
   36.0200005               3
   36.0400009               3
   36.0600014               3
   36.0800018               3
   36.0999985               3
   36.1199989               3
   36.1399994               3
   36.1599998               3
   36.1800003               3
   36.2000008               3
   36.2200012               3
   36.2400017               3
   36.2599983               3
   36.2799988               3
   36.2999992               3
   36.3199997               3
   36.3400002               3
   36.3600006               3
   36.3800011               3
   36.4000015               3
   36.4199982               3
   36.4399986               3
   36.4599991               3
   36.4799995               3
   36.5000000               3
   36.5200005               3
   36.5400009               3
   36.5600014               3
   36.5800018               3
   36.5999985               3
   36.6199989               3
   36.6399994               3
   36.6599998               3
   36.6800003               3
   36.7000008               3
   36.7200012               3
   36.7400017               3
   36.7599983               3
   36.7799988               3
   36.7999992               3
   36.8199997               3
   36.8400002               3
   36.8600006               3
   36.8800011               3
   36.9000015               3
   36.9199982               3
   36.9399986               3
   36.9599991               3
   36.9799995               3
   37.0000000               3
   37.0200005               3
   37.0400009               3
   37.0600014               3
   37.0800018               3
   37.0999985               3
   37.1199989               3
   37.1399994               3
   37.1599998               3
   37.1800003               3
   37.2000008               3
   37.2200012               3
   37.2400017               3
   37.2599983               3
   37.2799988               3
   37.2999992               3
   37.3199997               3
   37.3400002               3
   37.3600006               3
   37.3800011               3
   37.4000015               3
   37.4199982               3
   37.4399986               3
   37.4599991               3
   37.4799995               3
   37.5000000               3
   37.5200005               3
   37.5400009               3
   37.5600014               3
   37.5800018               3
   37.5999985               3
   37.6199989               3
   37.6399994               3
   37.6599998               3
   37.6800003               3
   37.7000008               3
   37.7200012               3
   37.7400017               3
   37.7599983               3
   37.7799988               3
   37.7999992               3
   37.8199997               3
   37.8400002               3
   37.8600006               3
   37.8800011               3
   37.9000015               3
   37.9199982               3
   37.9399986               3
   37.9599991               3
   37.9799995               3
   38.0000000               3
   38.0200005               3
   38.0400009               3
   38.0600014               3
   38.0800018               3
   38.0999985               3
   38.1199989               3
   38.1399994               3
   38.1599998               3
   38.1800003               3
   38.2000008               3
   38.2200012               3
   38.2400017               3
   38.2599983               3
   38.2799988               3
   38.2999992               3
   38.3199997               3
   38.3400002               3
   38.3600006               3
   38.3800011               3
   38.4000015               3
   38.4199982               3
   38.4399986               3
   38.4599991               3
   38.4799995               3
   38.5000000               3
   38.5200005               3
   38.5400009               3
   38.5600014               3
   38.5800018               3
   38.5999985               3
   38.6199989               3
   38.6399994               3
   38.6599998               3
   38.6800003               3
   38.7000008               3
   38.7200012               3
   38.7400017               3
   38.7599983               3
   38.7799988               3
   38.7999992               3
   38.8199997               3
   38.8400002               3
   38.8600006               3
   38.8800011               3
   38.9000015               3
   38.9199982               3
   38.9399986               3
   38.9599991               3
   38.9799995               3
   39.0000000               3
   39.0200005               3
   39.0400009               3
   39.0600014               3
   39.0800018               3
   39.0999985               3
   39.1199989               3
   39.1399994               3
   39.1599998               3
   39.1800003               3
   39.2000008               3
   39.2200012               3
   39.2400017               3
   39.2599983               3
   39.2799988               3
   39.2999992               3
   39.3199997               3
   39.3400002               3
   39.3600006               3
   39.3800011               3
   39.4000015               3
   39.4199982               3
   39.4399986               3
   39.4599991               3
   39.4799995               3
   39.5000000               3
   39.5200005               3
   39.5400009               3
   39.5600014               3
   39.5800018               3
   39.5999985               3
   39.6199989               3
   39.6399994               3
   39.6599998               3
   39.6800003               3
   39.7000008               3
   39.7200012               3
   39.7400017               3
   39.7599983               3
   39.7799988               3
   39.7999992               3
   39.8199997               3
   39.8400002               3
   39.8600006               3
   39.8800011               3
   39.9000015               3
   39.9199982               3
   39.9399986               3
   39.9599991               3
   39.9799995               3
   40.0000000               3
   40.0200005               3
   40.0400009               3
   40.0600014               3
   40.0800018               3
   40.0999985               3
   40.1199989               3
   40.1399994               3
   40.1599998               3
   40.1800003               3
   40.2000008               3
   40.2200012               3
   40.2400017               3
   40.2599983               3
   40.2799988               3
   40.2999992               3
   40.3199997               3
   40.3400002               3
   40.3600006               3
   40.3800011               3
   40.4000015               3
   40.4199982               3
   40.4399986               3
   40.4599991               3
   40.4799995               3
   40.5000000               3
   40.5200005               3
   40.5400009               3
   40.5600014               3
   40.5800018               3
   40.5999985               3
   40.6199989               3
   40.6399994               3
   40.6599998               3
   40.6800003               3
   40.7000008               3
   40.7200012               3
   40.7400017               3
   40.7599983               3
   40.7799988               3
   40.7999992               3
   40.8199997               3
   40.8400002               3
   40.8600006               3
   40.8800011               3
   40.9000015               3
   40.9199982               3
   40.9399986               3
   40.9599991               3
   40.9799995               3
   41.0000000               3
   41.0200005               3
   41.0400009               3
   41.0600014               3
   41.0800018               3
   41.0999985               3
   41.1199989               3
   41.1399994               3
   41.1599998               3
   41.1800003               3
   41.2000008               3
   41.2200012               3
   41.2400017               3
   41.2599983               3
   41.2799988               3
   41.2999992               3
   41.3199997               3
   41.3400002               3
   41.3600006               3
   41.3800011               3
   41.4000015               3
   41.4199982               3
   41.4399986               3
   41.4599991               3
   41.4799995               3
   41.5000000               3
   41.5200005               3
   41.5400009               3
   41.5600014               3
   41.5800018               3
   41.5999985               3
   41.6199989               3
   41.6399994               3
   41.6599998               3
   41.6800003               3
   41.7000008               3
   41.7200012               3
   41.7400017               3
   41.7599983               3
   41.7799988               3
   41.7999992               3
   41.8199997               3
   41.8400002               3
   41.8600006               3
   41.8800011               3
   41.9000015               3
   41.9199982               3
   41.9399986               3
   41.9599991               3
   41.9799995               3
   42.0000000               3
   42.0200005               3
   42.0400009               3
   42.0600014               3
   42.0800018               3
   42.0999985               3
   42.1199989               3
   42.1399994               3
   42.1599998               3
   42.1800003               3
   42.2000008               3
   42.2200012               3
   42.2400017               3
   42.2599983               3
   42.2799988               3
   42.2999992               3
   42.3199997               3
   42.3400002               3
   42.3600006               3
   42.3800011               3
   42.4000015               3
   42.4199982               3
   42.4399986               3
   42.4599991               3
   42.4799995               3
   42.5000000               3
   42.5200005               3
   42.5400009               3
   42.5600014               3
   42.5800018               3
   42.5999985               3
   42.6199989               3
   42.6399994               3
   42.6599998               3
   42.6800003               3
   42.7000008               3
   42.7200012               3
   42.7400017               3
   42.7599983               3
   42.7799988               3
   42.7999992               3
   42.8199997               3
   42.8400002               3
   42.8600006               3
   42.8800011               3
   42.9000015               3
   42.9199982               3
   42.9399986               3
   42.9599991               3
   42.9799995               3
   43.0000000               3
   43.0200005               3
   43.0400009               3
   43.0600014               3
   43.0800018               3
   43.0999985               3
   43.1199989               3
   43.1399994               3
   43.1599998               3
   43.1800003               3
   43.2000008               3
   43.2200012               3
   43.2400017               3
   43.2599983               3
   43.2799988               3
   43.2999992               3
   43.3199997               3
   43.3400002               3
   43.3600006               3
   43.3800011               3
   43.4000015               3
   43.4199982               3
   43.4399986               3
   43.4599991               3
   43.4799995               3
   43.5000000               3
   43.5200005               3
   43.5400009               3
   43.5600014               3
   43.5800018               3
   43.5999985               3
   43.6199989               3
   43.6399994               3
   43.6599998               3
   43.6800003               3
   43.7000008               3
   43.7200012               3
   43.7400017               3
   43.7599983               3
   43.7799988               3
   43.7999992               3
   43.8199997               3
   43.8400002               3
   43.8600006               3
   43.8800011               3
   43.9000015               3
   43.9199982               3
   43.9399986               3
   43.9599991               3
   43.9799995               3
   44.0000000               3
   44.0200005               3
   44.0400009               3
   44.0600014               3
   44.0800018               3
   44.0999985               3
   44.1199989               3
   44.1399994               3
   44.1599998               3
   44.1800003               3
   44.2000008               3
   44.2200012               3
   44.2400017               3
   44.2599983               3
   44.2799988               3
   44.2999992               3
   44.3199997               3
   44.3400002               3
   44.3600006               3
   44.3800011               3
   44.4000015               3
   44.4199982               3
   44.4399986               3
   44.4599991               3
   44.4799995               3
   44.5000000               3
   44.5200005               3
   44.5400009               3
   44.5600014               3
   44.5800018               3
   44.5999985               3
   44.6199989               3
   44.6399994               3
   44.6599998               3
   44.6800003               3
   44.7000008               3
   44.7200012               3
   44.7400017               3
   44.7599983               3
   44.7799988               3
   44.7999992               3
   44.8199997               3
   44.8400002               3
   44.8600006               3
   44.8800011               3
   44.9000015               3
   44.9199982               3
   44.9399986               3
   44.9599991               3
   44.9799995               3
   45.0000000               3
   45.0200005               3
   45.0400009               3
   45.0600014               3
   45.0800018               3
   45.0999985               3
   45.1199989               3
   45.1399994               3
   45.1599998               3
   45.1800003               3
   45.2000008               3
   45.2200012               3
   45.2400017               3
   45.2599983               3
   45.2799988               3
   45.2999992               3
   45.3199997               3
   45.3400002               3
   45.3600006               3
   45.3800011               3
   45.4000015               3
   45.4199982               3
   45.4399986               3
   45.4599991               3
   45.4799995               3
   45.5000000               3
   45.5200005               3
   45.5400009               3
   45.5600014               3
   45.5800018               3
   45.5999985               3
   45.6199989               3
   45.6399994               3
   45.6599998               3
   45.6800003               3
   45.7000008               3
   45.7200012               3
   45.7400017               3
   45.7599983               3
   45.7799988               3
   45.7999992               3
   45.8199997               3
   45.8400002               3
   45.8600006               3
   45.8800011               3
   45.9000015               3
   45.9199982               3
   45.9399986               3
   45.9599991               3
   45.9799995               3
   46.0000000               3
   46.0200005               3
   46.0400009               3
   46.0600014               3
   46.0800018               3
   46.0999985               3
   46.1199989               3
   46.1399994               3
   46.1599998               3
   46.1800003               3
   46.2000008               3
   46.2200012               3
   46.2400017               3
   46.2599983               3
   46.2799988               3
   46.2999992               3
   46.3199997               3
   46.3400002               3
   46.3600006               3
   46.3800011               3
   46.4000015               3
   46.4199982               3
   46.4399986               3
   46.4599991               3
   46.4799995               3
   46.5000000               3
   46.5200005               3
   46.5400009               3
   46.5600014               3
   46.5800018               3
   46.5999985               3
   46.6199989               3
   46.6399994               3
   46.6599998               3
   46.6800003               3
   46.7000008               3
   46.7200012               3
   46.7400017               3
   46.7599983               3
   46.7799988               3
   46.7999992               3
   46.8199997               3
   46.8400002               3
   46.8600006               3
   46.8800011               3
   46.9000015               3
   46.9199982               3
   46.9399986               3
   46.9599991               3
   46.9799995               3
   47.0000000               3
   47.0200005               3
   47.0400009               3
   47.0600014               3
   47.0800018               3
   47.0999985               3
   47.1199989               3
   47.1399994               3
   47.1599998               3
   47.1800003               3
   47.2000008               3
   47.2200012               3
   47.2400017               3
   47.2599983               3
   47.2799988               3
   47.2999992               3
   47.3199997               3
   47.3400002               3
   47.3600006               3
   47.3800011               3
   47.4000015               3
   47.4199982               3
   47.4399986               3
   47.4599991               3
   47.4799995               3
   47.5000000               3
   47.5200005               3
   47.5400009               3
   47.5600014               3
   47.5800018               3
   47.5999985               3
   47.6199989               3
   47.6399994               3
   47.6599998               3
   47.6800003               3
   47.7000008               3
   47.7200012               3
   47.7400017               3
   47.7599983               3
   47.7799988               3
   47.7999992               3
   47.8199997               3
   47.8400002               3
   47.8600006               3
   47.8800011               3
   47.9000015               3
   47.9199982               3
   47.9399986               3
   47.9599991               3
   47.9799995               3
   48.0000000               3
   48.0200005               3
   48.0400009               3
   48.0600014               3
   48.0800018               3
   48.0999985               3
   48.1199989               3
   48.1399994               3
   48.1599998               3
   48.1800003               3
   48.2000008               3
   48.2200012               3
   48.2400017               3
   48.2599983               3
   48.2799988               3
   48.2999992               3
   48.3199997               3
   48.3400002               3
   48.3600006               3
   48.3800011               3
   48.4000015               3
   48.4199982               3
   48.4399986               3
   48.4599991               3
   48.4799995               3
   48.5000000               3
   48.5200005               3
   48.5400009               3
   48.5600014               3
   48.5800018               3
   48.5999985               3
   48.6199989               3
   48.6399994               3
   48.6599998               3
   48.6800003               3
   48.7000008               3
   48.7200012               3
   48.7400017               3
   48.7599983               3
   48.7799988               3
   48.7999992               3
   48.8199997               3
   48.8400002               3
   48.8600006               3
   48.8800011               3
   48.9000015               3
   48.9199982               3
   48.9399986               3
   48.9599991               3
   48.9799995               3
   49.0000000               3
   49.0200005               3
   49.0400009               3
   49.0600014               3
   49.0800018               3
   49.0999985               3
   49.1199989               3
   49.1399994               3
   49.1599998               3
   49.1800003               3
   49.2000008               3
   49.2200012               3
   49.2400017               3
   49.2599983               3
   49.2799988               3
   49.2999992               3
   49.3199997               3
   49.3400002               3
   49.3600006               3
   49.3800011               3
   49.4000015               3
   49.4199982               3
   49.4399986               3
   49.4599991               3
   49.4799995               3
   49.5000000               3
   49.5200005               3
   49.5400009               3
   49.5600014               3
   49.5800018               3
   49.5999985               3
   49.6199989               3
   49.6399994               3
   49.6599998               3
   49.6800003               3
   49.7000008               3
   49.7200012               3
   49.7400017               3
   49.7599983               3
   49.7799988               3
   49.7999992               3
   49.8199997               3
   49.8400002               3
   49.8600006               3
   49.8800011               3
   49.9000015               3
   49.9199982               3
   49.9399986               3
   49.9599991               3
   49.9799995               3
   50.0000000               3
   50.0200005               3
   50.0400009               3
   50.0600014               3
   50.0800018               3
   50.0999985               3
   50.1199989               3
   50.1399994               3
   50.1599998               3
   50.1800003               3
   50.2000008               3
   50.2200012               3
   50.2400017               3
   50.2599983               3
   50.2799988               3
   50.2999992               3
   50.3199997               3
   50.3400002               3
   50.3600006               3
   50.3800011               3
   50.4000015               3
   50.4199982               3
   50.4399986               3
   50.4599991               3
   50.4799995               3
   50.5000000               3
   50.5200005               3
   50.5400009               3
   50.5600014               3
   50.5800018               3
   50.5999985               3
   50.6199989               3
   50.6399994               3
   50.6599998               3
   50.6800003               3
   50.7000008               3
   50.7200012               3
   50.7400017               3
   50.7599983               3
   50.7799988               3
   50.7999992               3
   50.8199997               3
   50.8400002               3
   50.8600006               3
   50.8800011               3
   50.9000015               3
   50.9199982               3
   50.9399986               3
   50.9599991               3
   50.9799995               3
   51.0000000               3
   51.0200005               3
   51.0400009               3
   51.0600014               3
   51.0800018               3
   51.0999985               3
   51.1199989               3
   51.1399994               3
   51.1599998               3
   51.1800003               3
   51.2000008               3
   51.2200012               3
   51.2400017               3
   51.2599983               3
   51.2799988               3
   51.2999992               3
   51.3199997               3
   51.3400002               3
   51.3600006               3
   51.3800011               3
   51.4000015               3
   51.4199982               3
   51.4399986               3
   51.4599991               3
   51.4799995               3
   51.5000000               3
   51.5200005               3
   51.5400009               3
   51.5600014               3
   51.5800018               3
   51.5999985               3
   51.6199989               3
   51.6399994               3
   51.6599998               3
   51.6800003               3
   51.7000008               3
   51.7200012               3
   51.7400017               3
   51.7599983               3
   51.7799988               3
   51.7999992               3
   51.8199997               3
   51.8400002               3
   51.8600006               3
   51.8800011               3
   51.9000015               3
   51.9199982               3
   51.9399986               3
   51.9599991               3
   51.9799995               3
   52.0000000               3
   52.0200005               3
   52.0400009               3
   52.0600014               3
   52.0800018               3
   52.0999985               3
   52.1199989               3
   52.1399994               3
   52.1599998               3
   52.1800003               3
   52.2000008               3
   52.2200012               3
   52.2400017               3
   52.2599983               3
   52.2799988               3
   52.2999992               3
   52.3199997               3
   52.3400002               3
   52.3600006               3
   52.3800011               3
   52.4000015               3
   52.4199982               3
   52.4399986               3
   52.4599991               3
   52.4799995               3
   52.5000000               3
   52.5200005               3
   52.5400009               3
   52.5600014               3
   52.5800018               3
   52.5999985               3
   52.6199989               3
   52.6399994               3
   52.6599998               3
   52.6800003               3
   52.7000008               3
   52.7200012               3
   52.7400017               3
   52.7599983               3
   52.7799988               3
   52.7999992               3
   52.8199997               3
   52.8400002               3
   52.8600006               3
   52.8800011               3
   52.9000015               3
   52.9199982               3
   52.9399986               3
   52.9599991               3
   52.9799995               3
   53.0000000               3
   53.0200005               3
   53.0400009               3
   53.0600014               3
   53.0800018               3
   53.0999985               3
   53.1199989               3
   53.1399994               3
   53.1599998               3
   53.1800003               3
   53.2000008               3
   53.2200012               3
   53.2400017               3
   53.2599983               3
   53.2799988               3
   53.2999992               3
   53.3199997               3
   53.3400002               3
   53.3600006               3
   53.3800011               3
   53.4000015               3
   53.4199982               3
   53.4399986               3
   53.4599991               3
   53.4799995               3
   53.5000000               3
   53.5200005               3
   53.5400009               3
   53.5600014               3
   53.5800018               3
   53.5999985               3
   53.6199989               3
   53.6399994               3
   53.6599998               3
   53.6800003               3
   53.7000008               3
   53.7200012               3
   53.7400017               3
   53.7599983               3
   53.7799988               3
   53.7999992               3
   53.8199997               3
   53.8400002               3
   53.8600006               3
   53.8800011               3
   53.9000015               3
   53.9199982               3
   53.9399986               3
   53.9599991               3
   53.9799995               3
   54.0000000               3
   54.0200005               3
   54.0400009               3
   54.0600014               3
   54.0800018               3
   54.0999985               3
   54.1199989               3
   54.1399994               3
   54.1599998               3
   54.1800003               3
   54.2000008               3
   54.2200012               3
   54.2400017               3
   54.2599983               3
   54.2799988               3
   54.2999992               3
   54.3199997               3
   54.3400002               3
   54.3600006               3
   54.3800011               3
   54.4000015               3
   54.4199982               3
   54.4399986               3
   54.4599991               3
   54.4799995               3
   54.5000000               3
   54.5200005               3
   54.5400009               3
   54.5600014               3
   54.5800018               3
   54.5999985               3
   54.6199989               3
   54.6399994               3
   54.6599998               3
   54.6800003               3
   54.7000008               3
   54.7200012               3
   54.7400017               3
   54.7599983               3
   54.7799988               3
   54.7999992               3
   54.8199997               3
   54.8400002               3
   54.8600006               3
   54.8800011               3
   54.9000015               3
   54.9199982               3
   54.9399986               3
   54.9599991               3
   54.9799995               3
   55.0000000               3
   55.0200005               3
   55.0400009               3
   55.0600014               3
   55.0800018               3
   55.0999985               3
   55.1199989               3
   55.1399994               3
   55.1599998               3
   55.1800003               3
   55.2000008               3
   55.2200012               3
   55.2400017               3
   55.2599983               3
   55.2799988               3
   55.2999992               3
   55.3199997               3
   55.3400002               3
   55.3600006               3
   55.3800011               3
   55.4000015               3
   55.4199982               3
   55.4399986               3
   55.4599991               3
   55.4799995               3
   55.5000000               3
   55.5200005               3
   55.5400009               3
   55.5600014               3
   55.5800018               3
   55.5999985               3
   55.6199989               3
   55.6399994               3
   55.6599998               3
   55.6800003               3
   55.7000008               3
   55.7200012               3
   55.7400017               3
   55.7599983               3
   55.7799988               3
   55.7999992               3
   55.8199997               3
   55.8400002               3
   55.8600006               3
   55.8800011               3
   55.9000015               3
   55.9199982               3
   55.9399986               3
   55.9599991               3
   55.9799995               3
   56.0000000               3
   56.0200005               3
   56.0400009               3
   56.0600014               3
   56.0800018               3
   56.0999985               3
   56.1199989               3
   56.1399994               3
   56.1599998               3
   56.1800003               3
   56.2000008               3
   56.2200012               3
   56.2400017               3
   56.2599983               3
   56.2799988               3
   56.2999992               3
   56.3199997               3
   56.3400002               3
   56.3600006               3
   56.3800011               3
   56.4000015               3
   56.4199982               3
   56.4399986               3
   56.4599991               3
   56.4799995               3
   56.5000000               3
   56.5200005               3
   56.5400009               3
   56.5600014               3
   56.5800018               3
   56.5999985               3
   56.6199989               3
   56.6399994               3
   56.6599998               3
   56.6800003               3
   56.7000008               3
   56.7200012               3
   56.7400017               3
   56.7599983               3
   56.7799988               3
   56.7999992               3
   56.8199997               3
   56.8400002               3
   56.8600006               3
   56.8800011               3
   56.9000015               3
   56.9199982               3
   56.9399986               3
   56.9599991               3
   56.9799995               3
   57.0000000               3
   57.0200005               3
   57.0400009               3
   57.0600014               3
   57.0800018               3
   57.0999985               3
   57.1199989               3
   57.1399994               3
   57.1599998               3
   57.1800003               3
   57.2000008               3
   57.2200012               3
   57.2400017               3
   57.2599983               3
   57.2799988               3
   57.2999992               3
   57.3199997               3
   57.3400002               3
   57.3600006               3
   57.3800011               3
   57.4000015               3
   57.4199982               3
   57.4399986               3
   57.4599991               3
   57.4799995               3
   57.5000000               3
   57.5200005               3
   57.5400009               3
   57.5600014               3
   57.5800018               3
   57.5999985               3
   57.6199989               3
   57.6399994               3
   57.6599998               3
   57.6800003               3
   57.7000008               3
   57.7200012               3
   57.7400017               3
   57.7599983               3
   57.7799988               3
   57.7999992               3
   57.8199997               3
   57.8400002               3
   57.8600006               3
   57.8800011               3
   57.9000015               3
   57.9199982               3
   57.9399986               3
   57.9599991               3
   57.9799995               3
   58.0000000               3
   58.0200005               3
   58.0400009               3
   58.0600014               3
   58.0800018               3
   58.0999985               3
   58.1199989               3
   58.1399994               3
   58.1599998               3
   58.1800003               3
   58.2000008               3
   58.2200012               3
   58.2400017               3
   58.2599983               3
   58.2799988               3
   58.2999992               3
   58.3199997               3
   58.3400002               3
   58.3600006               3
   58.3800011               3
   58.4000015               3
   58.4199982               3
   58.4399986               3
   58.4599991               3
   58.4799995               3
   58.5000000               3
   58.5200005               3
   58.5400009               3
   58.5600014               3
   58.5800018               3
   58.5999985               3
   58.6199989               3
   58.6399994               3
   58.6599998               3
   58.6800003               3
   58.7000008               3
   58.7200012               3
   58.7400017               3
   58.7599983               3
   58.7799988               3
   58.7999992               3
   58.8199997               3
   58.8400002               3
   58.8600006               3
   58.8800011               3
   58.9000015               3
   58.9199982               3
   58.9399986               3
   58.9599991               3
   58.9799995               3
   59.0000000               3
   59.0200005               3
   59.0400009               3
   59.0600014               3
   59.0800018               3
   59.0999985               3
   59.1199989               3
   59.1399994               3
   59.1599998               3
   59.1800003               3
   59.2000008               3
   59.2200012               3
   59.2400017               3
   59.2599983               3
   59.2799988               3
   59.2999992               3
   59.3199997               3
   59.3400002               3
   59.3600006               3
   59.3800011               3
   59.4000015               3
   59.4199982               3
   59.4399986               3
   59.4599991               3
   59.4799995               3
   59.5000000               3
   59.5200005               3
   59.5400009               3
   59.5600014               3
   59.5800018               3
   59.5999985               3
   59.6199989               3
   59.6399994               3
   59.6599998               3
   59.6800003               3
   59.7000008               3
   59.7200012               3
   59.7400017               3
   59.7599983               3
   59.7799988               3
   59.7999992               3
   59.8199997               3
   59.8400002               3
   59.8600006               3
   59.8800011               3
   59.9000015               3
   59.9199982               3
   59.9399986               3
   59.9599991               3
   59.9799995               3
