 Permeation events over simulation time.
 t(ns) Number of events
   0.00000000               0
   1.00000000               0
   2.00000000               0
   3.00000000               0
   4.00000000               0
   5.00000000               0
   6.00000000               0
   7.00000000               0
   8.00000000               0
   9.00000000               0
   10.0000000               0
   11.0000000               0
   12.0000000               0
   13.0000000               0
   14.0000000               0
   15.0000000               0
   16.0000000               0
   17.0000000               0
   18.0000000               0
   19.0000000               0
   20.0000000               0
   21.0000000               0
   22.0000000               0
   23.0000000               0
   24.0000000               0
   25.0000000               0
   26.0000000               0
   27.0000000               0
   28.0000000               0
   29.0000000               0
   30.0000000               0
   31.0000000               0
   32.0000000               0
   33.0000000               0
   34.0000000               0
   35.0000000               0
   36.0000000               0
   37.0000000               0
   38.0000000               0
   39.0000000               0
   40.0000000               0
   41.0000000               0
   42.0000000               0
   43.0000000               0
   44.0000000               0
   45.0000000               0
   46.0000000               0
   47.0000000               0
   48.0000000               0
   49.0000000               0
   50.0000000               0
   51.0000000               0
   52.0000000               0
   53.0000000               0
   54.0000000               0
   55.0000000               0
   56.0000000               0
   57.0000000               0
   58.0000000               0
   59.0000000               0
   60.0000000               0
   61.0000000               0
   62.0000000               0
   63.0000000               0
   64.0000000               0
   65.0000000               0
   66.0000000               0
   67.0000000               0
   68.0000000               0
   69.0000000               0
   70.0000000               0
   71.0000000               0
   72.0000000               0
   73.0000000               0
   74.0000000               0
   75.0000000               0
   76.0000000               0
   77.0000000               0
   78.0000000               0
   79.0000000               0
   80.0000000               0
   81.0000000               0
   82.0000000               0
   83.0000000               0
   84.0000000               0
   85.0000000               1
   86.0000000               1
   87.0000000               1
   88.0000000               1
   89.0000000               1
   90.0000000               1
   91.0000000               1
   92.0000000               1
   93.0000000               1
   94.0000000               1
   95.0000000               1
   96.0000000               1
   97.0000000               1
   98.0000000               1
   99.0000000               1
   100.000000               1
   101.000000               1
   102.000000               1
   103.000000               1
   104.000000               1
   105.000000               1
   106.000000               1
   107.000000               1
   108.000000               1
   109.000000               1
   110.000000               1
   111.000000               1
   112.000000               1
   113.000000               1
   114.000000               1
   115.000000               1
   116.000000               1
   117.000000               1
   118.000000               1
   119.000000               1
   120.000000               1
   121.000000               1
   122.000000               1
   123.000000               1
   124.000000               1
   125.000000               1
   126.000000               1
   127.000000               1
   128.000000               1
   129.000000               1
   130.000000               1
   131.000000               1
   132.000000               1
   133.000000               1
   134.000000               1
   135.000000               1
   136.000000               1
   137.000000               1
   138.000000               1
   139.000000               1
   140.000000               1
   141.000000               1
   142.000000               1
   143.000000               1
   144.000000               1
   145.000000               1
   146.000000               1
   147.000000               1
   148.000000               1
   149.000000               1
   150.000000               1
   151.000000               1
   152.000000               1
   153.000000               1
   154.000000               1
   155.000000               1
   156.000000               1
   157.000000               1
   158.000000               1
   159.000000               1
   160.000000               1
   161.000000               1
   162.000000               1
   163.000000               1
   164.000000               1
   165.000000               1
   166.000000               1
   167.000000               1
   168.000000               1
   169.000000               1
   170.000000               1
   171.000000               1
   172.000000               1
   173.000000               1
   174.000000               1
   175.000000               1
   176.000000               1
   177.000000               1
   178.000000               1
   179.000000               1
   180.000000               1
   181.000000               1
   182.000000               1
   183.000000               1
   184.000000               1
   185.000000               1
   186.000000               1
   187.000000               1
   188.000000               1
   189.000000               1
   190.000000               1
   191.000000               1
   192.000000               1
   193.000000               1
   194.000000               1
   195.000000               1
   196.000000               1
   197.000000               1
   198.000000               1
   199.000000               1
   200.000000               1
   201.000000               1
   202.000000               1
   203.000000               1
   204.000000               1
   205.000000               1
   206.000000               1
   207.000000               1
   208.000000               1
   209.000000               1
   210.000000               1
   211.000000               1
   212.000000               1
   213.000000               1
   214.000000               1
   215.000000               1
   216.000000               1
   217.000000               1
   218.000000               1
   219.000000               1
   220.000000               1
   221.000000               1
   222.000000               1
   223.000000               1
   224.000000               1
   225.000000               1
   226.000000               1
   227.000000               1
   228.000000               1
   229.000000               1
   230.000000               1
   231.000000               1
   232.000000               1
   233.000000               1
   234.000000               1
   235.000000               1
   236.000000               1
   237.000000               1
   238.000000               1
   239.000000               1
   240.000000               1
   241.000000               1
   242.000000               1
   243.000000               1
   244.000000               1
   245.000000               1
   246.000000               1
   247.000000               1
   248.000000               1
   249.000000               1
   250.000000               1
   251.000000               1
   252.000000               1
   253.000000               1
   254.000000               1
   255.000000               1
   256.000000               1
   257.000000               1
   258.000000               1
   259.000000               1
   260.000000               1
   261.000000               1
   262.000000               1
   263.000000               1
   264.000000               1
   265.000000               1
   266.000000               1
   267.000000               1
   268.000000               1
   269.000000               1
   270.000000               1
   271.000000               1
   272.000000               1
   273.000000               1
   274.000000               1
   275.000000               1
   276.000000               1
   277.000000               1
   278.000000               1
   279.000000               1
   280.000000               1
   281.000000               1
   282.000000               1
   283.000000               1
   284.000000               1
   285.000000               1
   286.000000               1
   287.000000               1
   288.000000               1
   289.000000               1
   290.000000               1
   291.000000               1
   292.000000               1
   293.000000               1
   294.000000               1
   295.000000               1
   296.000000               1
   297.000000               1
   298.000000               1
   299.000000               1
   300.000000               1
   301.000000               1
   302.000000               1
   303.000000               1
   304.000000               1
   305.000000               1
   306.000000               1
   307.000000               1
   308.000000               1
   309.000000               1
   310.000000               1
   311.000000               1
   312.000000               1
   313.000000               1
   314.000000               1
   315.000000               1
   316.000000               1
   317.000000               1
   318.000000               1
   319.000000               1
   320.000000               1
   321.000000               1
   322.000000               1
   323.000000               1
   324.000000               1
   325.000000               1
   326.000000               1
   327.000000               1
   328.000000               1
   329.000000               1
   330.000000               1
   331.000000               1
   332.000000               1
   333.000000               1
   334.000000               1
   335.000000               1
   336.000000               1
   337.000000               1
   338.000000               1
   339.000000               1
   340.000000               1
   341.000000               1
   342.000000               1
   343.000000               1
   344.000000               1
   345.000000               1
   346.000000               1
   347.000000               1
   348.000000               1
   349.000000               1
   350.000000               1
   351.000000               1
   352.000000               1
   353.000000               1
   354.000000               1
   355.000000               1
   356.000000               1
   357.000000               1
   358.000000               1
   359.000000               1
   360.000000               1
   361.000000               1
   362.000000               1
   363.000000               1
   364.000000               1
   365.000000               1
   366.000000               1
   367.000000               1
   368.000000               1
   369.000000               1
   370.000000               1
   371.000000               1
   372.000000               1
   373.000000               1
   374.000000               1
   375.000000               1
   376.000000               1
   377.000000               1
   378.000000               1
   379.000000               1
   380.000000               1
   381.000000               1
   382.000000               1
   383.000000               1
   384.000000               1
   385.000000               1
   386.000000               1
   387.000000               1
   388.000000               1
   389.000000               1
   390.000000               1
   391.000000               1
   392.000000               1
   393.000000               1
   394.000000               1
   395.000000               1
   396.000000               1
   397.000000               1
   398.000000               1
   399.000000               1
   400.000000               1
   401.000000               1
   402.000000               1
   403.000000               1
   404.000000               1
   405.000000               1
   406.000000               1
   407.000000               1
   408.000000               1
   409.000000               1
   410.000000               1
   411.000000               1
   412.000000               1
   413.000000               1
   414.000000               1
   415.000000               1
   416.000000               1
   417.000000               1
   418.000000               1
   419.000000               1
   420.000000               1
   421.000000               1
   422.000000               1
   423.000000               1
   424.000000               1
   425.000000               1
   426.000000               1
   427.000000               1
   428.000000               1
   429.000000               1
   430.000000               1
   431.000000               1
   432.000000               1
   433.000000               1
   434.000000               1
   435.000000               1
   436.000000               1
   437.000000               1
   438.000000               1
   439.000000               1
   440.000000               2
   441.000000               2
   442.000000               2
   443.000000               2
   444.000000               2
   445.000000               2
   446.000000               2
   447.000000               2
   448.000000               2
   449.000000               2
   450.000000               2
   451.000000               2
   452.000000               2
   453.000000               2
   454.000000               2
   455.000000               2
   456.000000               2
   457.000000               2
   458.000000               2
   459.000000               2
   460.000000               2
   461.000000               2
   462.000000               2
   463.000000               2
   464.000000               2
   465.000000               2
   466.000000               2
   467.000000               2
   468.000000               2
   469.000000               2
   470.000000               2
   471.000000               2
   472.000000               2
   473.000000               2
   474.000000               2
   475.000000               2
   476.000000               2
   477.000000               2
   478.000000               2
   479.000000               2
   480.000000               2
   481.000000               2
   482.000000               2
   483.000000               2
   484.000000               2
   485.000000               2
   486.000000               2
   487.000000               2
   488.000000               2
   489.000000               2
   490.000000               2
   491.000000               2
   492.000000               2
   493.000000               2
   494.000000               2
   495.000000               2
   496.000000               2
   497.000000               2
   498.000000               2
   499.000000               2
   500.000000               2
   501.000000               2
   502.000000               2
   503.000000               2
   504.000000               2
   505.000000               2
   506.000000               2
   507.000000               2
   508.000000               2
   509.000000               2
   510.000000               2
   511.000000               2
   512.000000               2
   513.000000               2
   514.000000               2
   515.000000               2
   516.000000               2
   517.000000               2
   518.000000               2
   519.000000               2
   520.000000               2
   521.000000               2
   522.000000               2
   523.000000               2
   524.000000               2
   525.000000               2
   526.000000               2
   527.000000               2
   528.000000               2
   529.000000               2
   530.000000               2
   531.000000               2
   532.000000               2
   533.000000               2
   534.000000               2
   535.000000               2
   536.000000               2
   537.000000               2
   538.000000               2
   539.000000               2
   540.000000               2
   541.000000               2
   542.000000               2
   543.000000               2
   544.000000               2
   545.000000               2
   546.000000               2
   547.000000               2
   548.000000               2
   549.000000               2
   550.000000               2
   551.000000               2
   552.000000               2
   553.000000               2
   554.000000               2
   555.000000               2
   556.000000               2
   557.000000               2
   558.000000               2
   559.000000               2
   560.000000               2
   561.000000               2
   562.000000               2
   563.000000               2
   564.000000               2
   565.000000               2
   566.000000               2
   567.000000               2
   568.000000               2
   569.000000               2
   570.000000               2
   571.000000               2
   572.000000               2
   573.000000               2
   574.000000               2
   575.000000               2
   576.000000               2
   577.000000               2
   578.000000               2
   579.000000               2
   580.000000               2
   581.000000               2
   582.000000               2
   583.000000               2
   584.000000               2
   585.000000               2
   586.000000               2
   587.000000               2
   588.000000               2
   589.000000               2
   590.000000               2
   591.000000               2
   592.000000               2
   593.000000               2
   594.000000               2
   595.000000               2
   596.000000               2
   597.000000               2
   598.000000               2
   599.000000               2
   600.000000               2
   601.000000               2
   602.000000               2
   603.000000               2
   604.000000               2
   605.000000               2
   606.000000               2
   607.000000               2
   608.000000               2
   609.000000               2
   610.000000               2
   611.000000               2
   612.000000               2
   613.000000               2
   614.000000               2
   615.000000               2
   616.000000               2
   617.000000               2
   618.000000               2
   619.000000               2
   620.000000               2
   621.000000               2
   622.000000               2
   623.000000               2
   624.000000               2
   625.000000               2
   626.000000               2
   627.000000               2
   628.000000               2
   629.000000               2
   630.000000               2
   631.000000               2
   632.000000               2
   633.000000               2
   634.000000               2
   635.000000               2
   636.000000               2
   637.000000               2
   638.000000               2
   639.000000               2
   640.000000               2
   641.000000               2
   642.000000               2
   643.000000               2
   644.000000               2
   645.000000               2
   646.000000               2
   647.000000               2
   648.000000               2
   649.000000               2
   650.000000               2
   651.000000               2
   652.000000               2
   653.000000               2
   654.000000               2
   655.000000               2
   656.000000               2
   657.000000               2
   658.000000               2
   659.000000               2
   660.000000               2
   661.000000               2
   662.000000               2
   663.000000               2
   664.000000               2
   665.000000               2
   666.000000               2
   667.000000               2
   668.000000               2
   669.000000               2
   670.000000               2
   671.000000               2
   672.000000               2
   673.000000               2
   674.000000               2
   675.000000               2
   676.000000               2
   677.000000               2
   678.000000               2
   679.000000               2
   680.000000               2
   681.000000               2
   682.000000               2
   683.000000               2
   684.000000               2
   685.000000               2
   686.000000               2
   687.000000               2
   688.000000               2
   689.000000               2
   690.000000               2
   691.000000               2
   692.000000               2
   693.000000               2
   694.000000               2
   695.000000               2
   696.000000               2
   697.000000               2
   698.000000               2
   699.000000               2
   700.000000               2
   701.000000               2
   702.000000               2
   703.000000               2
   704.000000               2
   705.000000               2
   706.000000               2
   707.000000               2
   708.000000               2
   709.000000               2
   710.000000               2
   711.000000               2
   712.000000               2
   713.000000               2
   714.000000               2
   715.000000               2
   716.000000               2
   717.000000               2
   718.000000               2
   719.000000               2
   720.000000               2
   721.000000               2
   722.000000               2
   723.000000               2
   724.000000               2
   725.000000               2
   726.000000               2
   727.000000               2
   728.000000               2
   729.000000               2
   730.000000               2
   731.000000               2
   732.000000               2
   733.000000               2
   734.000000               2
   735.000000               2
   736.000000               2
   737.000000               2
   738.000000               2
   739.000000               2
   740.000000               2
   741.000000               2
   742.000000               2
   743.000000               2
   744.000000               2
   745.000000               2
   746.000000               2
   747.000000               2
   748.000000               2
   749.000000               2
   750.000000               2
   751.000000               2
   752.000000               2
   753.000000               2
   754.000000               2
   755.000000               2
   756.000000               2
   757.000000               2
   758.000000               2
   759.000000               2
   760.000000               2
   761.000000               2
   762.000000               2
   763.000000               2
   764.000000               2
   765.000000               2
   766.000000               2
   767.000000               2
   768.000000               2
   769.000000               2
   770.000000               2
   771.000000               2
   772.000000               2
   773.000000               2
   774.000000               2
   775.000000               2
   776.000000               2
   777.000000               2
   778.000000               2
   779.000000               2
   780.000000               2
   781.000000               2
   782.000000               2
   783.000000               2
   784.000000               2
   785.000000               2
   786.000000               2
   787.000000               2
   788.000000               2
   789.000000               2
   790.000000               2
   791.000000               2
   792.000000               2
   793.000000               2
   794.000000               2
   795.000000               2
   796.000000               2
   797.000000               2
   798.000000               2
   799.000000               2
   800.000000               2
   801.000000               2
   802.000000               2
   803.000000               2
   804.000000               2
   805.000000               2
   806.000000               2
   807.000000               2
   808.000000               2
   809.000000               2
   810.000000               2
   811.000000               2
   812.000000               2
   813.000000               2
   814.000000               2
   815.000000               2
   816.000000               2
   817.000000               2
   818.000000               2
   819.000000               2
   820.000000               2
   821.000000               2
   822.000000               2
   823.000000               2
   824.000000               2
   825.000000               2
   826.000000               2
   827.000000               2
   828.000000               2
   829.000000               2
   830.000000               2
   831.000000               2
   832.000000               2
   833.000000               2
   834.000000               2
   835.000000               2
   836.000000               2
   837.000000               2
   838.000000               2
   839.000000               2
   840.000000               2
   841.000000               2
   842.000000               2
   843.000000               2
   844.000000               2
   845.000000               2
   846.000000               2
   847.000000               2
   848.000000               2
   849.000000               2
   850.000000               2
   851.000000               2
   852.000000               2
   853.000000               2
   854.000000               2
   855.000000               2
   856.000000               2
   857.000000               2
   858.000000               2
   859.000000               2
   860.000000               2
   861.000000               2
   862.000000               2
   863.000000               2
   864.000000               2
   865.000000               2
   866.000000               2
   867.000000               2
   868.000000               2
   869.000000               2
   870.000000               2
   871.000000               2
   872.000000               2
   873.000000               2
   874.000000               2
   875.000000               2
   876.000000               2
   877.000000               2
   878.000000               2
   879.000000               2
   880.000000               2
   881.000000               2
   882.000000               2
   883.000000               2
   884.000000               2
   885.000000               2
   886.000000               2
   887.000000               2
   888.000000               2
   889.000000               2
   890.000000               2
   891.000000               2
   892.000000               2
   893.000000               2
   894.000000               2
   895.000000               2
   896.000000               2
   897.000000               2
   898.000000               2
   899.000000               2
   900.000000               2
   901.000000               2
   902.000000               2
   903.000000               2
   904.000000               2
   905.000000               2
   906.000000               2
   907.000000               2
   908.000000               2
   909.000000               2
   910.000000               2
   911.000000               2
   912.000000               2
   913.000000               2
   914.000000               2
   915.000000               2
   916.000000               2
   917.000000               2
   918.000000               2
   919.000000               2
   920.000000               2
   921.000000               2
   922.000000               2
   923.000000               2
   924.000000               2
   925.000000               2
   926.000000               2
   927.000000               2
   928.000000               2
   929.000000               2
   930.000000               2
   931.000000               2
   932.000000               2
   933.000000               2
   934.000000               2
   935.000000               2
   936.000000               2
   937.000000               2
   938.000000               2
   939.000000               2
   940.000000               2
   941.000000               2
   942.000000               2
   943.000000               2
   944.000000               2
   945.000000               2
   946.000000               2
   947.000000               2
   948.000000               2
   949.000000               2
   950.000000               2
   951.000000               2
   952.000000               2
   953.000000               2
   954.000000               2
   955.000000               2
   956.000000               2
   957.000000               2
   958.000000               2
   959.000000               2
   960.000000               2
   961.000000               2
   962.000000               2
   963.000000               2
   964.000000               2
   965.000000               2
   966.000000               2
   967.000000               2
   968.000000               2
   969.000000               2
   970.000000               2
   971.000000               2
   972.000000               2
   973.000000               2
   974.000000               2
   975.000000               2
   976.000000               2
   977.000000               2
   978.000000               2
   979.000000               2
   980.000000               2
   981.000000               2
   982.000000               2
   983.000000               2
   984.000000               2
   985.000000               2
   986.000000               2
   987.000000               2
   988.000000               2
   989.000000               2
   990.000000               2
   991.000000               2
   992.000000               2
   993.000000               2
   994.000000               2
   995.000000               2
   996.000000               2
   997.000000               2
   998.000000               2
   999.000000               2
   1000.00000               2
