 Permeation events over simulation time.
 t(ns) Number of events
   0.00000000               0
   1.00000000               0
   2.00000000               0
   3.00000000               0
   4.00000000               0
   5.00000000               0
   6.00000000               0
   7.00000000               0
   8.00000000               0
   9.00000000               0
   10.0000000               0
   11.0000000               0
   12.0000000               0
   13.0000000               0
   14.0000000               0
   15.0000000               0
   16.0000000               0
   17.0000000               0
   18.0000000               0
   19.0000000               0
   20.0000000               0
   21.0000000               0
   22.0000000               0
   23.0000000               0
   24.0000000               0
   25.0000000               0
   26.0000000               0
   27.0000000               0
   28.0000000               0
   29.0000000               0
   30.0000000               0
   31.0000000               0
   32.0000000               0
   33.0000000               0
   34.0000000               0
   35.0000000               0
   36.0000000               0
   37.0000000               0
   38.0000000               0
   39.0000000               0
   40.0000000               0
   41.0000000               0
   42.0000000               0
   43.0000000               0
   44.0000000               0
   45.0000000               0
   46.0000000               0
   47.0000000               0
   48.0000000               0
   49.0000000               0
   50.0000000               0
   51.0000000               0
   52.0000000               0
   53.0000000               0
   54.0000000               0
   55.0000000               0
   56.0000000               0
   57.0000000               0
   58.0000000               0
   59.0000000               0
   60.0000000               0
   61.0000000               0
   62.0000000               0
   63.0000000               0
   64.0000000               0
   65.0000000               0
   66.0000000               0
   67.0000000               0
   68.0000000               0
   69.0000000               0
   70.0000000               0
   71.0000000               0
   72.0000000               0
   73.0000000               0
   74.0000000               0
   75.0000000               0
   76.0000000               0
   77.0000000               0
   78.0000000               0
   79.0000000               0
   80.0000000               0
   81.0000000               0
   82.0000000               0
   83.0000000               0
   84.0000000               0
   85.0000000               0
   86.0000000               0
   87.0000000               0
   88.0000000               0
   89.0000000               0
   90.0000000               0
   91.0000000               0
   92.0000000               0
   93.0000000               0
   94.0000000               0
   95.0000000               0
   96.0000000               0
   97.0000000               0
   98.0000000               0
   99.0000000               0
   100.000000               0
   101.000000               0
   102.000000               0
   103.000000               0
   104.000000               0
   105.000000               0
   106.000000               0
   107.000000               0
   108.000000               0
   109.000000               0
   110.000000               0
   111.000000               0
   112.000000               0
   113.000000               0
   114.000000               0
   115.000000               0
   116.000000               0
   117.000000               0
   118.000000               0
   119.000000               0
   120.000000               0
   121.000000               0
   122.000000               0
   123.000000               0
   124.000000               0
   125.000000               0
   126.000000               0
   127.000000               0
   128.000000               0
   129.000000               0
   130.000000               0
   131.000000               0
   132.000000               0
   133.000000               0
   134.000000               0
   135.000000               0
   136.000000               0
   137.000000               0
   138.000000               0
   139.000000               0
   140.000000               0
   141.000000               0
   142.000000               0
   143.000000               0
   144.000000               0
   145.000000               0
   146.000000               0
   147.000000               0
   148.000000               0
   149.000000               0
   150.000000               0
   151.000000               0
   152.000000               0
   153.000000               0
   154.000000               0
   155.000000               0
   156.000000               0
   157.000000               0
   158.000000               0
   159.000000               0
   160.000000               0
   161.000000               0
   162.000000               0
   163.000000               0
   164.000000               0
   165.000000               0
   166.000000               0
   167.000000               0
   168.000000               0
   169.000000               0
   170.000000               0
   171.000000               0
   172.000000               0
   173.000000               0
   174.000000               0
   175.000000               0
   176.000000               0
   177.000000               0
   178.000000               0
   179.000000               0
   180.000000               0
   181.000000               0
   182.000000               0
   183.000000               0
   184.000000               0
   185.000000               0
   186.000000               0
   187.000000               0
   188.000000               0
   189.000000               0
   190.000000               0
   191.000000               0
   192.000000               0
   193.000000               0
   194.000000               0
   195.000000               0
   196.000000               0
   197.000000               0
   198.000000               0
   199.000000               0
   200.000000               0
   201.000000               0
   202.000000               0
   203.000000               0
   204.000000               0
   205.000000               0
   206.000000               0
   207.000000               0
   208.000000               0
   209.000000               0
   210.000000               0
   211.000000               0
   212.000000               0
   213.000000               0
   214.000000               0
   215.000000               0
   216.000000               0
   217.000000               0
   218.000000               0
   219.000000               0
   220.000000               0
   221.000000               0
   222.000000               0
   223.000000               0
   224.000000               0
   225.000000               0
   226.000000               0
   227.000000               0
   228.000000               0
   229.000000               0
   230.000000               0
   231.000000               0
   232.000000               0
   233.000000               0
   234.000000               0
   235.000000               0
   236.000000               0
   237.000000               0
   238.000000               0
   239.000000               0
   240.000000               0
   241.000000               0
   242.000000               0
   243.000000               0
   244.000000               0
   245.000000               0
   246.000000               0
   247.000000               0
   248.000000               0
   249.000000               0
   250.000000               0
   251.000000               0
   252.000000               0
   253.000000               0
   254.000000               0
   255.000000               0
   256.000000               0
   257.000000               0
   258.000000               0
   259.000000               0
   260.000000               0
   261.000000               0
   262.000000               0
   263.000000               0
   264.000000               0
   265.000000               0
   266.000000               0
   267.000000               0
   268.000000               0
   269.000000               0
   270.000000               0
   271.000000               0
   272.000000               0
   273.000000               0
   274.000000               0
   275.000000               0
   276.000000               0
   277.000000               0
   278.000000               0
   279.000000               0
   280.000000               0
   281.000000               0
   282.000000               0
   283.000000               0
   284.000000               0
   285.000000               0
   286.000000               0
   287.000000               0
   288.000000               0
   289.000000               0
   290.000000               0
   291.000000               0
   292.000000               0
   293.000000               0
   294.000000               0
   295.000000               0
   296.000000               0
   297.000000               0
   298.000000               0
   299.000000               0
   300.000000               0
   301.000000               0
   302.000000               0
   303.000000               0
   304.000000               0
   305.000000               0
   306.000000               0
   307.000000               0
   308.000000               0
   309.000000               0
   310.000000               0
   311.000000               0
   312.000000               0
   313.000000               0
   314.000000               0
   315.000000               1
   316.000000               2
   317.000000               2
   318.000000               2
   319.000000               2
   320.000000               2
   321.000000               2
   322.000000               2
   323.000000               2
   324.000000               2
   325.000000               2
   326.000000               2
   327.000000               2
   328.000000               2
   329.000000               2
   330.000000               2
   331.000000               2
   332.000000               2
   333.000000               2
   334.000000               2
   335.000000               2
   336.000000               2
   337.000000               2
   338.000000               2
   339.000000               2
   340.000000               2
   341.000000               2
   342.000000               2
   343.000000               2
   344.000000               2
   345.000000               2
   346.000000               2
   347.000000               2
   348.000000               2
   349.000000               2
   350.000000               2
   351.000000               2
   352.000000               2
   353.000000               2
   354.000000               2
   355.000000               2
   356.000000               2
   357.000000               2
   358.000000               2
   359.000000               2
   360.000000               2
   361.000000               2
   362.000000               2
   363.000000               2
   364.000000               2
   365.000000               2
   366.000000               2
   367.000000               2
   368.000000               2
   369.000000               2
   370.000000               2
   371.000000               2
   372.000000               2
   373.000000               2
   374.000000               2
   375.000000               2
   376.000000               2
   377.000000               2
   378.000000               2
   379.000000               2
   380.000000               2
   381.000000               2
   382.000000               2
   383.000000               2
   384.000000               2
   385.000000               2
   386.000000               2
   387.000000               2
   388.000000               2
   389.000000               2
   390.000000               2
   391.000000               2
   392.000000               2
   393.000000               2
   394.000000               2
   395.000000               2
   396.000000               2
   397.000000               2
   398.000000               2
   399.000000               2
   400.000000               2
   401.000000               2
   402.000000               2
   403.000000               2
   404.000000               2
   405.000000               2
   406.000000               2
   407.000000               2
   408.000000               2
   409.000000               2
   410.000000               2
   411.000000               2
   412.000000               2
   413.000000               2
   414.000000               2
   415.000000               2
   416.000000               2
   417.000000               2
   418.000000               2
   419.000000               2
   420.000000               2
   421.000000               2
   422.000000               2
   423.000000               2
   424.000000               2
   425.000000               2
   426.000000               2
   427.000000               2
   428.000000               2
   429.000000               2
   430.000000               2
   431.000000               2
   432.000000               2
   433.000000               2
   434.000000               2
   435.000000               2
   436.000000               2
   437.000000               2
   438.000000               2
   439.000000               2
   440.000000               2
   441.000000               2
   442.000000               2
   443.000000               2
   444.000000               2
   445.000000               2
   446.000000               2
   447.000000               2
   448.000000               2
   449.000000               2
   450.000000               2
   451.000000               2
   452.000000               2
   453.000000               2
   454.000000               2
   455.000000               2
   456.000000               2
   457.000000               2
   458.000000               2
   459.000000               2
   460.000000               2
   461.000000               2
   462.000000               2
   463.000000               2
   464.000000               2
   465.000000               2
   466.000000               2
   467.000000               2
   468.000000               2
   469.000000               2
   470.000000               2
   471.000000               2
   472.000000               2
   473.000000               2
   474.000000               2
   475.000000               2
   476.000000               2
   477.000000               2
   478.000000               2
   479.000000               2
   480.000000               2
   481.000000               2
   482.000000               2
   483.000000               2
   484.000000               2
   485.000000               2
   486.000000               2
   487.000000               2
   488.000000               2
   489.000000               2
   490.000000               2
   491.000000               2
   492.000000               2
   493.000000               2
   494.000000               2
   495.000000               2
   496.000000               2
   497.000000               2
   498.000000               2
   499.000000               2
   500.000000               2
   501.000000               2
   502.000000               2
   503.000000               2
   504.000000               2
   505.000000               2
   506.000000               2
   507.000000               2
   508.000000               2
   509.000000               2
   510.000000               2
   511.000000               2
   512.000000               2
   513.000000               2
   514.000000               2
   515.000000               2
   516.000000               2
   517.000000               2
   518.000000               2
   519.000000               2
   520.000000               2
   521.000000               2
   522.000000               2
   523.000000               2
   524.000000               2
   525.000000               2
   526.000000               2
   527.000000               2
   528.000000               2
   529.000000               2
   530.000000               2
   531.000000               2
   532.000000               2
   533.000000               2
   534.000000               2
   535.000000               2
   536.000000               2
   537.000000               2
   538.000000               2
   539.000000               2
   540.000000               2
   541.000000               2
   542.000000               2
   543.000000               2
   544.000000               2
   545.000000               2
   546.000000               2
   547.000000               2
   548.000000               2
   549.000000               2
   550.000000               2
   551.000000               2
   552.000000               2
   553.000000               2
   554.000000               2
   555.000000               2
   556.000000               2
   557.000000               2
   558.000000               2
   559.000000               2
   560.000000               3
   561.000000               4
   562.000000               5
   563.000000               5
   564.000000               5
   565.000000               5
   566.000000               5
   567.000000               5
   568.000000               5
   569.000000               5
   570.000000               5
   571.000000               5
   572.000000               5
   573.000000               5
   574.000000               5
   575.000000               5
   576.000000               5
   577.000000               5
   578.000000               5
   579.000000               5
   580.000000               5
   581.000000               5
   582.000000               5
   583.000000               5
   584.000000               5
   585.000000               5
   586.000000               5
   587.000000               5
   588.000000               5
   589.000000               5
   590.000000               5
   591.000000               5
   592.000000               5
   593.000000               5
   594.000000               5
   595.000000               5
   596.000000               5
   597.000000               5
   598.000000               5
   599.000000               5
   600.000000               5
   601.000000               5
   602.000000               5
   603.000000               5
   604.000000               5
   605.000000               5
   606.000000               5
   607.000000               5
   608.000000               5
   609.000000               5
   610.000000               5
   611.000000               5
   612.000000               5
   613.000000               5
   614.000000               5
   615.000000               5
   616.000000               5
   617.000000               5
   618.000000               5
   619.000000               5
   620.000000               5
   621.000000               5
   622.000000               5
   623.000000               5
   624.000000               5
   625.000000               5
   626.000000               5
   627.000000               5
   628.000000               5
   629.000000               5
   630.000000               5
   631.000000               5
   632.000000               5
   633.000000               5
   634.000000               5
   635.000000               5
   636.000000               5
   637.000000               5
   638.000000               5
   639.000000               5
   640.000000               5
   641.000000               5
   642.000000               5
   643.000000               5
   644.000000               5
   645.000000               5
   646.000000               5
   647.000000               5
   648.000000               5
   649.000000               5
   650.000000               5
   651.000000               5
   652.000000               5
   653.000000               5
   654.000000               5
   655.000000               5
   656.000000               5
   657.000000               5
   658.000000               5
   659.000000               5
   660.000000               5
   661.000000               5
   662.000000               5
   663.000000               5
   664.000000               5
   665.000000               5
   666.000000               5
   667.000000               5
   668.000000               5
   669.000000               5
   670.000000               5
   671.000000               5
   672.000000               5
   673.000000               5
   674.000000               5
   675.000000               5
   676.000000               5
   677.000000               5
   678.000000               5
   679.000000               5
   680.000000               5
   681.000000               5
   682.000000               5
   683.000000               5
   684.000000               5
   685.000000               5
   686.000000               5
   687.000000               5
   688.000000               5
   689.000000               5
   690.000000               5
   691.000000               5
   692.000000               5
   693.000000               5
   694.000000               5
   695.000000               5
   696.000000               5
   697.000000               5
   698.000000               5
   699.000000               5
   700.000000               5
   701.000000               5
   702.000000               5
   703.000000               5
   704.000000               5
   705.000000               5
   706.000000               5
   707.000000               5
   708.000000               5
   709.000000               5
   710.000000               5
   711.000000               5
   712.000000               5
   713.000000               5
   714.000000               5
   715.000000               5
   716.000000               5
   717.000000               5
   718.000000               5
   719.000000               5
   720.000000               5
   721.000000               5
   722.000000               5
   723.000000               5
   724.000000               5
   725.000000               5
   726.000000               5
   727.000000               5
   728.000000               5
   729.000000               5
   730.000000               5
   731.000000               5
   732.000000               5
   733.000000               5
   734.000000               5
   735.000000               5
   736.000000               5
   737.000000               5
   738.000000               5
   739.000000               5
   740.000000               5
   741.000000               5
   742.000000               5
   743.000000               5
   744.000000               5
   745.000000               5
   746.000000               5
   747.000000               5
   748.000000               5
   749.000000               5
   750.000000               5
   751.000000               5
   752.000000               5
   753.000000               5
   754.000000               5
   755.000000               5
   756.000000               5
   757.000000               5
   758.000000               5
   759.000000               5
   760.000000               5
   761.000000               5
   762.000000               5
   763.000000               5
   764.000000               5
   765.000000               5
   766.000000               5
   767.000000               5
   768.000000               5
   769.000000               5
   770.000000               5
   771.000000               5
   772.000000               5
   773.000000               5
   774.000000               5
   775.000000               5
   776.000000               5
   777.000000               5
   778.000000               5
   779.000000               5
   780.000000               5
   781.000000               5
   782.000000               5
   783.000000               5
   784.000000               5
   785.000000               5
   786.000000               5
   787.000000               5
   788.000000               5
   789.000000               5
   790.000000               5
   791.000000               5
   792.000000               5
   793.000000               5
   794.000000               5
   795.000000               5
   796.000000               5
   797.000000               5
   798.000000               5
   799.000000               6
   800.000000               7
   801.000000               8
   802.000000               8
   803.000000               8
   804.000000               8
   805.000000               8
   806.000000               8
   807.000000               8
   808.000000               8
   809.000000               8
   810.000000               8
   811.000000               8
   812.000000               8
   813.000000               8
   814.000000               8
   815.000000               8
   816.000000               8
   817.000000               8
   818.000000               8
   819.000000               8
   820.000000               8
   821.000000               8
   822.000000               8
   823.000000               8
   824.000000               8
   825.000000               8
   826.000000               8
   827.000000               8
   828.000000               8
   829.000000               8
   830.000000               8
   831.000000               8
   832.000000               8
   833.000000               8
   834.000000               8
   835.000000               9
   836.000000              10
   837.000000              11
   838.000000              11
   839.000000              11
   840.000000              11
   841.000000              11
   842.000000              11
   843.000000              11
   844.000000              11
   845.000000              11
   846.000000              11
   847.000000              11
   848.000000              11
   849.000000              11
   850.000000              11
   851.000000              11
   852.000000              11
   853.000000              11
   854.000000              11
   855.000000              11
   856.000000              11
   857.000000              11
   858.000000              11
   859.000000              11
   860.000000              11
   861.000000              11
   862.000000              11
   863.000000              11
   864.000000              12
   865.000000              13
   866.000000              14
   867.000000              14
   868.000000              14
   869.000000              14
   870.000000              14
   871.000000              14
   872.000000              14
   873.000000              14
   874.000000              14
   875.000000              14
   876.000000              14
   877.000000              14
   878.000000              14
   879.000000              14
   880.000000              14
   881.000000              14
   882.000000              14
   883.000000              14
   884.000000              14
   885.000000              14
   886.000000              14
   887.000000              14
   888.000000              14
   889.000000              14
   890.000000              14
   891.000000              14
   892.000000              14
   893.000000              14
   894.000000              14
   895.000000              14
   896.000000              14
   897.000000              14
   898.000000              14
   899.000000              14
   900.000000              14
