 Permeation events over simulation time.
 t(ns) Number of events
   0.00000000               0
   1.00000000               0
   2.00000000               0
   3.00000000               0
   4.00000000               0
   5.00000000               0
   6.00000000               0
   7.00000000               0
   8.00000000               0
   9.00000000               0
   10.0000000               0
   11.0000000               0
   12.0000000               0
   13.0000000               0
   14.0000000               0
   15.0000000               0
   16.0000000               0
   17.0000000               0
   18.0000000               0
   19.0000000               0
   20.0000000               0
   21.0000000               0
   22.0000000               0
   23.0000000               0
   24.0000000               0
   25.0000000               0
   26.0000000               0
   27.0000000               0
   28.0000000               0
   29.0000000               0
   30.0000000               0
   31.0000000               0
   32.0000000               0
   33.0000000               0
   34.0000000               0
   35.0000000               0
   36.0000000               0
   37.0000000               0
   38.0000000               0
   39.0000000               0
   40.0000000               0
   41.0000000               0
   42.0000000               0
   43.0000000               0
   44.0000000               0
   45.0000000               0
   46.0000000               0
   47.0000000               0
   48.0000000               0
   49.0000000               0
   50.0000000               0
   51.0000000               0
   52.0000000               0
   53.0000000               0
   54.0000000               0
   55.0000000               0
   56.0000000               1
   57.0000000               1
   58.0000000               1
   59.0000000               1
   60.0000000               1
   61.0000000               1
   62.0000000               1
   63.0000000               1
   64.0000000               1
   65.0000000               1
   66.0000000               1
   67.0000000               1
   68.0000000               1
   69.0000000               1
   70.0000000               1
   71.0000000               1
   72.0000000               1
   73.0000000               1
   74.0000000               1
   75.0000000               1
   76.0000000               1
   77.0000000               1
   78.0000000               1
   79.0000000               1
   80.0000000               1
   81.0000000               1
   82.0000000               1
   83.0000000               1
   84.0000000               1
   85.0000000               1
   86.0000000               1
   87.0000000               1
   88.0000000               1
   89.0000000               2
   90.0000000               2
   91.0000000               2
   92.0000000               2
   93.0000000               2
   94.0000000               2
   95.0000000               2
   96.0000000               2
   97.0000000               2
   98.0000000               2
   99.0000000               2
   100.000000               2
   101.000000               2
   102.000000               2
   103.000000               2
   104.000000               2
   105.000000               2
   106.000000               2
   107.000000               2
   108.000000               2
   109.000000               2
   110.000000               2
   111.000000               2
   112.000000               2
   113.000000               2
   114.000000               2
   115.000000               2
   116.000000               2
   117.000000               2
   118.000000               2
   119.000000               2
   120.000000               2
   121.000000               2
   122.000000               2
   123.000000               2
   124.000000               2
   125.000000               2
   126.000000               2
   127.000000               2
   128.000000               2
   129.000000               2
   130.000000               2
   131.000000               2
   132.000000               2
   133.000000               2
   134.000000               2
   135.000000               2
   136.000000               2
   137.000000               2
   138.000000               2
   139.000000               2
   140.000000               2
   141.000000               2
   142.000000               2
   143.000000               2
   144.000000               2
   145.000000               2
   146.000000               2
   147.000000               2
   148.000000               2
   149.000000               2
   150.000000               2
   151.000000               3
   152.000000               3
   153.000000               3
   154.000000               3
   155.000000               3
   156.000000               3
   157.000000               3
   158.000000               3
   159.000000               3
   160.000000               3
   161.000000               3
   162.000000               3
   163.000000               3
   164.000000               3
   165.000000               3
   166.000000               3
   167.000000               3
   168.000000               3
   169.000000               3
   170.000000               3
   171.000000               3
   172.000000               3
   173.000000               3
   174.000000               3
   175.000000               3
   176.000000               3
   177.000000               3
   178.000000               3
   179.000000               3
   180.000000               3
   181.000000               3
   182.000000               3
   183.000000               3
   184.000000               3
   185.000000               3
   186.000000               4
   187.000000               4
   188.000000               4
   189.000000               4
   190.000000               4
   191.000000               4
   192.000000               4
   193.000000               4
   194.000000               4
   195.000000               4
   196.000000               4
   197.000000               4
   198.000000               4
   199.000000               4
   200.000000               4
   201.000000               4
   202.000000               4
   203.000000               5
   204.000000               5
   205.000000               5
   206.000000               5
   207.000000               5
   208.000000               5
   209.000000               5
   210.000000               5
   211.000000               5
   212.000000               5
   213.000000               5
   214.000000               5
   215.000000               5
   216.000000               5
   217.000000               5
   218.000000               5
   219.000000               5
   220.000000               5
   221.000000               5
   222.000000               5
   223.000000               5
   224.000000               5
   225.000000               5
   226.000000               5
   227.000000               5
   228.000000               5
   229.000000               5
   230.000000               5
   231.000000               5
   232.000000               5
   233.000000               5
   234.000000               5
   235.000000               5
   236.000000               5
   237.000000               5
   238.000000               5
   239.000000               5
   240.000000               5
   241.000000               5
   242.000000               5
   243.000000               5
   244.000000               5
   245.000000               5
   246.000000               5
   247.000000               5
   248.000000               5
   249.000000               5
   250.000000               5
   251.000000               5
   252.000000               5
   253.000000               5
   254.000000               5
   255.000000               5
   256.000000               5
   257.000000               5
   258.000000               5
   259.000000               5
   260.000000               5
   261.000000               6
   262.000000               6
   263.000000               7
   264.000000               7
   265.000000               7
   266.000000               7
   267.000000               7
   268.000000               7
   269.000000               7
   270.000000               7
   271.000000               7
   272.000000               7
   273.000000               7
   274.000000               7
   275.000000               7
   276.000000               7
   277.000000               7
   278.000000               7
   279.000000               7
   280.000000               7
   281.000000               7
   282.000000               7
   283.000000               7
   284.000000               7
   285.000000               7
   286.000000               7
   287.000000               7
   288.000000               7
   289.000000               7
   290.000000               7
   291.000000               7
   292.000000               7
   293.000000               7
   294.000000               7
   295.000000               7
   296.000000               7
   297.000000               7
   298.000000               7
   299.000000               7
   300.000000               7
   301.000000               7
   302.000000               7
   303.000000               7
   304.000000               7
   305.000000               7
   306.000000               7
   307.000000               7
   308.000000               7
   309.000000               7
   310.000000               7
   311.000000               7
   312.000000               7
   313.000000               7
   314.000000               7
   315.000000               7
   316.000000               7
   317.000000               7
   318.000000               7
   319.000000               7
   320.000000               7
   321.000000               7
   322.000000               8
   323.000000               8
   324.000000               8
   325.000000               8
   326.000000               8
   327.000000               8
   328.000000               8
   329.000000               8
   330.000000               8
   331.000000               8
   332.000000               8
   333.000000               8
   334.000000               8
   335.000000               8
   336.000000               8
   337.000000               8
   338.000000               8
   339.000000               8
   340.000000               8
   341.000000               8
   342.000000               8
   343.000000               8
   344.000000               8
   345.000000               8
   346.000000               8
   347.000000               8
   348.000000               8
   349.000000               8
   350.000000               8
   351.000000               8
   352.000000               8
   353.000000               8
   354.000000               8
   355.000000               8
   356.000000               8
   357.000000               8
   358.000000               8
   359.000000               8
   360.000000               8
   361.000000               8
   362.000000               9
   363.000000               9
   364.000000              10
   365.000000              10
   366.000000              10
   367.000000              10
   368.000000              10
   369.000000              10
   370.000000              10
   371.000000              10
   372.000000              10
   373.000000              10
   374.000000              10
   375.000000              10
   376.000000              10
   377.000000              10
   378.000000              10
   379.000000              10
   380.000000              10
   381.000000              10
   382.000000              10
   383.000000              10
   384.000000              10
   385.000000              10
   386.000000              10
   387.000000              10
   388.000000              10
   389.000000              10
   390.000000              10
   391.000000              10
   392.000000              10
   393.000000              10
   394.000000              10
   395.000000              10
   396.000000              10
   397.000000              10
   398.000000              10
   399.000000              10
   400.000000              10
   401.000000              10
   402.000000              10
   403.000000              10
   404.000000              10
   405.000000              10
   406.000000              10
   407.000000              10
   408.000000              10
   409.000000              10
   410.000000              10
   411.000000              10
   412.000000              10
   413.000000              10
   414.000000              10
   415.000000              10
   416.000000              10
   417.000000              11
   418.000000              11
   419.000000              11
   420.000000              11
   421.000000              11
   422.000000              11
   423.000000              11
   424.000000              11
   425.000000              11
   426.000000              11
   427.000000              11
   428.000000              11
   429.000000              11
   430.000000              11
   431.000000              11
   432.000000              11
   433.000000              11
   434.000000              11
   435.000000              11
   436.000000              11
   437.000000              11
   438.000000              11
   439.000000              11
   440.000000              11
   441.000000              11
   442.000000              11
   443.000000              11
   444.000000              11
   445.000000              11
   446.000000              11
   447.000000              11
   448.000000              11
   449.000000              11
   450.000000              11
   451.000000              11
   452.000000              11
   453.000000              11
   454.000000              11
   455.000000              11
   456.000000              11
   457.000000              12
   458.000000              12
   459.000000              12
   460.000000              12
   461.000000              12
   462.000000              12
   463.000000              12
   464.000000              12
   465.000000              12
   466.000000              12
   467.000000              12
   468.000000              12
   469.000000              12
   470.000000              12
   471.000000              12
   472.000000              12
   473.000000              12
   474.000000              12
   475.000000              12
   476.000000              12
   477.000000              12
   478.000000              12
   479.000000              12
   480.000000              12
   481.000000              12
   482.000000              12
   483.000000              12
   484.000000              12
   485.000000              12
   486.000000              12
   487.000000              12
   488.000000              12
   489.000000              12
   490.000000              12
   491.000000              12
   492.000000              12
   493.000000              12
   494.000000              12
   495.000000              12
   496.000000              12
   497.000000              12
   498.000000              12
   499.000000              12
   500.000000              12
   501.000000              12
   502.000000              12
   503.000000              12
   504.000000              12
   505.000000              12
   506.000000              12
   507.000000              12
   508.000000              12
   509.000000              12
   510.000000              12
   511.000000              12
   512.000000              12
   513.000000              12
   514.000000              12
   515.000000              12
   516.000000              12
   517.000000              12
   518.000000              12
   519.000000              12
   520.000000              12
   521.000000              13
   522.000000              13
   523.000000              13
   524.000000              13
   525.000000              13
   526.000000              13
   527.000000              13
   528.000000              13
   529.000000              13
   530.000000              13
   531.000000              13
   532.000000              14
   533.000000              14
   534.000000              14
   535.000000              14
   536.000000              14
   537.000000              14
   538.000000              14
   539.000000              14
   540.000000              14
   541.000000              14
   542.000000              14
   543.000000              14
   544.000000              15
   545.000000              15
   546.000000              15
   547.000000              15
   548.000000              15
   549.000000              15
   550.000000              15
   551.000000              15
   552.000000              15
   553.000000              15
   554.000000              16
   555.000000              16
   556.000000              16
   557.000000              16
   558.000000              16
   559.000000              16
   560.000000              16
   561.000000              16
   562.000000              16
   563.000000              16
   564.000000              16
   565.000000              16
   566.000000              16
   567.000000              16
   568.000000              16
   569.000000              16
   570.000000              16
   571.000000              16
   572.000000              16
   573.000000              16
   574.000000              16
   575.000000              16
   576.000000              16
   577.000000              16
   578.000000              16
   579.000000              16
   580.000000              16
   581.000000              16
   582.000000              16
   583.000000              16
   584.000000              16
   585.000000              16
   586.000000              16
   587.000000              16
   588.000000              16
   589.000000              16
   590.000000              16
   591.000000              16
   592.000000              16
   593.000000              16
   594.000000              17
   595.000000              17
   596.000000              17
   597.000000              17
   598.000000              17
   599.000000              17
   600.000000              17
   601.000000              18
   602.000000              18
   603.000000              18
   604.000000              18
   605.000000              18
   606.000000              18
   607.000000              18
   608.000000              18
   609.000000              18
   610.000000              18
   611.000000              18
   612.000000              18
   613.000000              18
   614.000000              18
   615.000000              18
   616.000000              18
   617.000000              18
   618.000000              18
   619.000000              18
   620.000000              18
   621.000000              18
   622.000000              18
   623.000000              18
   624.000000              18
   625.000000              18
   626.000000              18
   627.000000              18
   628.000000              18
   629.000000              18
   630.000000              18
   631.000000              18
   632.000000              18
   633.000000              18
   634.000000              18
   635.000000              18
   636.000000              18
   637.000000              18
   638.000000              18
   639.000000              18
   640.000000              18
   641.000000              18
   642.000000              18
   643.000000              18
   644.000000              19
   645.000000              19
   646.000000              19
   647.000000              19
   648.000000              19
   649.000000              19
   650.000000              19
   651.000000              20
   652.000000              20
   653.000000              20
   654.000000              20
   655.000000              20
   656.000000              20
   657.000000              20
   658.000000              20
   659.000000              20
   660.000000              20
   661.000000              20
   662.000000              21
   663.000000              21
   664.000000              21
   665.000000              21
   666.000000              21
   667.000000              21
   668.000000              21
   669.000000              21
   670.000000              21
   671.000000              21
   672.000000              21
   673.000000              22
   674.000000              22
   675.000000              22
   676.000000              22
   677.000000              22
   678.000000              22
   679.000000              22
   680.000000              22
   681.000000              23
   682.000000              23
   683.000000              23
   684.000000              23
   685.000000              23
   686.000000              24
   687.000000              24
   688.000000              24
   689.000000              24
   690.000000              24
   691.000000              24
   692.000000              24
   693.000000              24
   694.000000              24
   695.000000              24
   696.000000              24
   697.000000              24
   698.000000              24
   699.000000              24
   700.000000              25
   701.000000              25
   702.000000              25
   703.000000              25
   704.000000              25
   705.000000              25
   706.000000              26
   707.000000              26
   708.000000              26
   709.000000              26
   710.000000              26
   711.000000              26
   712.000000              26
   713.000000              26
   714.000000              26
   715.000000              26
   716.000000              26
   717.000000              26
   718.000000              26
   719.000000              26
   720.000000              26
   721.000000              26
   722.000000              26
   723.000000              26
   724.000000              26
   725.000000              26
   726.000000              26
   727.000000              26
   728.000000              26
   729.000000              26
   730.000000              26
   731.000000              26
   732.000000              26
   733.000000              26
   734.000000              26
   735.000000              26
   736.000000              26
   737.000000              26
   738.000000              26
   739.000000              27
   740.000000              27
   741.000000              27
   742.000000              27
   743.000000              27
   744.000000              27
   745.000000              28
   746.000000              28
   747.000000              28
   748.000000              28
   749.000000              28
   750.000000              28
   751.000000              28
   752.000000              28
   753.000000              28
   754.000000              28
   755.000000              28
   756.000000              28
   757.000000              28
   758.000000              28
   759.000000              28
   760.000000              28
   761.000000              28
   762.000000              28
   763.000000              28
   764.000000              28
   765.000000              28
   766.000000              29
   767.000000              29
   768.000000              29
   769.000000              29
   770.000000              29
   771.000000              29
   772.000000              29
   773.000000              29
   774.000000              29
   775.000000              29
   776.000000              29
   777.000000              29
   778.000000              29
   779.000000              29
   780.000000              29
   781.000000              29
   782.000000              29
   783.000000              29
   784.000000              29
   785.000000              29
   786.000000              29
   787.000000              29
   788.000000              29
   789.000000              29
   790.000000              29
   791.000000              29
   792.000000              29
   793.000000              29
   794.000000              29
   795.000000              29
   796.000000              29
   797.000000              29
   798.000000              29
   799.000000              29
   800.000000              29
   801.000000              29
   802.000000              29
   803.000000              29
   804.000000              29
   805.000000              29
   806.000000              29
   807.000000              29
   808.000000              29
   809.000000              29
   810.000000              29
   811.000000              29
   812.000000              29
   813.000000              29
   814.000000              29
   815.000000              29
   816.000000              29
   817.000000              29
   818.000000              29
   819.000000              29
   820.000000              29
   821.000000              29
   822.000000              29
   823.000000              29
   824.000000              29
   825.000000              29
   826.000000              29
   827.000000              29
   828.000000              29
   829.000000              29
   830.000000              29
   831.000000              29
   832.000000              29
   833.000000              29
   834.000000              29
   835.000000              29
   836.000000              29
   837.000000              29
   838.000000              29
   839.000000              29
   840.000000              29
   841.000000              29
   842.000000              29
   843.000000              29
   844.000000              29
   845.000000              29
   846.000000              29
   847.000000              29
   848.000000              29
   849.000000              29
   850.000000              29
   851.000000              29
   852.000000              29
   853.000000              29
   854.000000              29
   855.000000              29
   856.000000              29
   857.000000              29
   858.000000              29
   859.000000              29
   860.000000              29
   861.000000              29
   862.000000              29
   863.000000              29
   864.000000              29
   865.000000              29
   866.000000              29
   867.000000              29
   868.000000              30
   869.000000              30
   870.000000              30
   871.000000              30
   872.000000              30
   873.000000              30
   874.000000              30
   875.000000              30
   876.000000              30
   877.000000              30
   878.000000              30
   879.000000              30
   880.000000              30
   881.000000              30
   882.000000              30
   883.000000              30
   884.000000              30
   885.000000              30
   886.000000              30
   887.000000              30
   888.000000              30
   889.000000              30
   890.000000              30
   891.000000              30
   892.000000              30
   893.000000              30
   894.000000              30
   895.000000              30
   896.000000              30
   897.000000              30
   898.000000              30
   899.000000              30
   900.000000              30
   901.000000              30
   902.000000              30
   903.000000              30
   904.000000              30
   905.000000              30
   906.000000              30
   907.000000              30
   908.000000              30
   909.000000              30
   910.000000              30
   911.000000              30
   912.000000              30
   913.000000              30
   914.000000              30
   915.000000              30
   916.000000              30
   917.000000              30
   918.000000              30
   919.000000              30
   920.000000              30
   921.000000              30
   922.000000              30
   923.000000              30
   924.000000              30
   925.000000              30
   926.000000              30
   927.000000              30
   928.000000              30
   929.000000              30
   930.000000              30
   931.000000              30
   932.000000              30
   933.000000              30
   934.000000              30
   935.000000              30
   936.000000              30
   937.000000              30
   938.000000              30
   939.000000              30
   940.000000              30
   941.000000              30
   942.000000              30
   943.000000              30
   944.000000              30
   945.000000              30
   946.000000              30
   947.000000              30
   948.000000              30
   949.000000              30
   950.000000              30
   951.000000              30
   952.000000              30
   953.000000              30
   954.000000              30
   955.000000              30
   956.000000              31
   957.000000              31
   958.000000              31
   959.000000              31
   960.000000              31
   961.000000              31
   962.000000              31
   963.000000              31
   964.000000              31
   965.000000              31
   966.000000              31
   967.000000              31
   968.000000              31
   969.000000              31
   970.000000              31
   971.000000              31
   972.000000              31
   973.000000              31
   974.000000              31
   975.000000              31
   976.000000              31
   977.000000              31
   978.000000              31
   979.000000              31
   980.000000              31
   981.000000              31
   982.000000              31
   983.000000              31
   984.000000              31
   985.000000              31
   986.000000              31
   987.000000              31
   988.000000              31
   989.000000              32
   990.000000              32
   991.000000              33
   992.000000              33
   993.000000              33
   994.000000              33
   995.000000              33
   996.000000              33
   997.000000              33
   998.000000              33
   999.000000              33
   1000.00000              33
