 Permeation events over simulation time.
 t(ns) Number of events
   0.00000000               0
   1.00000000               0
   2.00000000               0
   3.00000000               0
   4.00000000               0
   5.00000000               0
   6.00000000               0
   7.00000000               0
   8.00000000               0
   9.00000000               0
   10.0000000               1
   11.0000000               2
   12.0000000               2
   13.0000000               2
   14.0000000               2
   15.0000000               2
   16.0000000               2
   17.0000000               2
   18.0000000               2
   19.0000000               2
   20.0000000               2
   21.0000000               2
   22.0000000               3
   23.0000000               4
   24.0000000               5
   25.0000000               5
   26.0000000               5
   27.0000000               5
   28.0000000               5
   29.0000000               5
   30.0000000               5
   31.0000000               5
   32.0000000               5
   33.0000000               5
   34.0000000               5
   35.0000000               5
   36.0000000               5
   37.0000000               5
   38.0000000               5
   39.0000000               5
   40.0000000               5
   41.0000000               5
   42.0000000               5
   43.0000000               5
   44.0000000               5
   45.0000000               5
   46.0000000               5
   47.0000000               5
   48.0000000               5
   49.0000000               5
   50.0000000               5
   51.0000000               5
   52.0000000               5
   53.0000000               5
   54.0000000               5
   55.0000000               5
   56.0000000               5
   57.0000000               5
   58.0000000               5
   59.0000000               5
   60.0000000               5
   61.0000000               5
   62.0000000               5
   63.0000000               5
   64.0000000               5
   65.0000000               5
   66.0000000               5
   67.0000000               5
   68.0000000               5
   69.0000000               5
   70.0000000               5
   71.0000000               5
   72.0000000               5
   73.0000000               5
   74.0000000               5
   75.0000000               5
   76.0000000               5
   77.0000000               5
   78.0000000               5
   79.0000000               5
   80.0000000               5
   81.0000000               5
   82.0000000               5
   83.0000000               5
   84.0000000               5
   85.0000000               5
   86.0000000               5
   87.0000000               5
   88.0000000               5
   89.0000000               5
   90.0000000               5
   91.0000000               5
   92.0000000               5
   93.0000000               5
   94.0000000               5
   95.0000000               5
   96.0000000               5
   97.0000000               5
   98.0000000               5
   99.0000000               5
   100.000000               5
   101.000000               5
   102.000000               5
   103.000000               5
   104.000000               5
   105.000000               5
   106.000000               5
   107.000000               5
   108.000000               5
   109.000000               5
   110.000000               5
   111.000000               5
   112.000000               5
   113.000000               5
   114.000000               5
   115.000000               5
   116.000000               5
   117.000000               5
   118.000000               5
   119.000000               5
   120.000000               5
   121.000000               5
   122.000000               5
   123.000000               5
   124.000000               5
   125.000000               5
   126.000000               5
   127.000000               5
   128.000000               5
   129.000000               5
   130.000000               5
   131.000000               5
   132.000000               5
   133.000000               5
   134.000000               5
   135.000000               5
   136.000000               5
   137.000000               5
   138.000000               5
   139.000000               5
   140.000000               5
   141.000000               5
   142.000000               5
   143.000000               5
   144.000000               5
   145.000000               5
   146.000000               5
   147.000000               5
   148.000000               5
   149.000000               5
   150.000000               5
   151.000000               5
   152.000000               5
   153.000000               5
   154.000000               5
   155.000000               5
   156.000000               5
   157.000000               5
   158.000000               5
   159.000000               5
   160.000000               5
   161.000000               5
   162.000000               5
   163.000000               5
   164.000000               5
   165.000000               5
   166.000000               5
   167.000000               5
   168.000000               5
   169.000000               5
   170.000000               5
   171.000000               5
   172.000000               5
   173.000000               5
   174.000000               5
   175.000000               5
   176.000000               5
   177.000000               5
   178.000000               5
   179.000000               5
   180.000000               5
   181.000000               5
   182.000000               5
   183.000000               5
   184.000000               5
   185.000000               5
   186.000000               5
   187.000000               5
   188.000000               5
   189.000000               5
   190.000000               5
   191.000000               5
   192.000000               5
   193.000000               5
   194.000000               5
   195.000000               5
   196.000000               5
   197.000000               5
   198.000000               5
   199.000000               5
   200.000000               5
   201.000000               5
   202.000000               5
   203.000000               5
   204.000000               5
   205.000000               5
   206.000000               5
   207.000000               5
   208.000000               5
   209.000000               5
   210.000000               5
   211.000000               5
   212.000000               5
   213.000000               5
   214.000000               5
   215.000000               5
   216.000000               5
   217.000000               5
   218.000000               5
   219.000000               5
   220.000000               5
   221.000000               5
   222.000000               5
   223.000000               5
   224.000000               5
   225.000000               5
   226.000000               5
   227.000000               5
   228.000000               5
   229.000000               5
   230.000000               5
   231.000000               5
   232.000000               5
   233.000000               5
   234.000000               5
   235.000000               5
   236.000000               5
   237.000000               5
   238.000000               5
   239.000000               5
   240.000000               5
   241.000000               5
   242.000000               5
   243.000000               5
   244.000000               5
   245.000000               5
   246.000000               5
   247.000000               5
   248.000000               5
   249.000000               5
   250.000000               5
   251.000000               5
   252.000000               5
   253.000000               5
   254.000000               5
   255.000000               6
   256.000000               7
   257.000000               7
   258.000000               7
   259.000000               7
   260.000000               7
   261.000000               7
   262.000000               7
   263.000000               7
   264.000000               7
   265.000000               7
   266.000000               7
   267.000000               7
   268.000000               7
   269.000000               7
   270.000000               7
   271.000000               7
   272.000000               7
   273.000000               7
   274.000000               7
   275.000000               7
   276.000000               7
   277.000000               7
   278.000000               7
   279.000000               7
   280.000000               7
   281.000000               7
   282.000000               7
   283.000000               7
   284.000000               7
   285.000000               7
   286.000000               7
   287.000000               7
   288.000000               7
   289.000000               7
   290.000000               7
   291.000000               7
   292.000000               7
   293.000000               7
   294.000000               7
   295.000000               7
   296.000000               7
   297.000000               7
   298.000000               7
   299.000000               7
   300.000000               7
   301.000000               7
   302.000000               7
   303.000000               7
   304.000000               7
   305.000000               7
   306.000000               7
   307.000000               7
   308.000000               7
   309.000000               7
   310.000000               7
   311.000000               7
   312.000000               7
   313.000000               7
   314.000000               7
   315.000000               7
   316.000000               7
   317.000000               7
   318.000000               7
   319.000000               7
   320.000000               7
   321.000000               7
   322.000000               7
   323.000000               7
   324.000000               7
   325.000000               7
   326.000000               7
   327.000000               7
   328.000000               7
   329.000000               7
   330.000000               7
   331.000000               7
   332.000000               7
   333.000000               7
   334.000000               7
   335.000000               7
   336.000000               7
   337.000000               7
   338.000000               7
   339.000000               7
   340.000000               7
   341.000000               7
   342.000000               7
   343.000000               7
   344.000000               7
   345.000000               7
   346.000000               7
   347.000000               7
   348.000000               7
   349.000000               7
   350.000000               7
   351.000000               7
   352.000000               7
   353.000000               7
   354.000000               7
   355.000000               7
   356.000000               7
   357.000000               7
   358.000000               8
   359.000000               9
   360.000000              10
   361.000000              10
   362.000000              10
   363.000000              10
   364.000000              10
   365.000000              10
   366.000000              10
   367.000000              10
   368.000000              10
   369.000000              10
   370.000000              10
   371.000000              10
   372.000000              10
   373.000000              10
   374.000000              10
   375.000000              10
   376.000000              10
   377.000000              10
   378.000000              10
   379.000000              10
   380.000000              10
   381.000000              10
   382.000000              10
   383.000000              10
   384.000000              10
   385.000000              10
   386.000000              10
   387.000000              10
   388.000000              10
   389.000000              10
   390.000000              10
   391.000000              10
   392.000000              10
   393.000000              10
   394.000000              10
   395.000000              10
   396.000000              10
   397.000000              10
   398.000000              10
   399.000000              10
   400.000000              10
   401.000000              10
   402.000000              10
   403.000000              10
   404.000000              10
   405.000000              10
   406.000000              10
   407.000000              10
   408.000000              10
   409.000000              10
   410.000000              10
   411.000000              10
   412.000000              10
   413.000000              10
   414.000000              10
   415.000000              10
   416.000000              10
   417.000000              10
   418.000000              10
   419.000000              11
   420.000000              12
   421.000000              12
   422.000000              12
   423.000000              12
   424.000000              12
   425.000000              12
   426.000000              12
   427.000000              12
   428.000000              12
   429.000000              12
   430.000000              12
   431.000000              12
   432.000000              12
   433.000000              12
   434.000000              12
   435.000000              12
   436.000000              12
   437.000000              12
   438.000000              12
   439.000000              12
   440.000000              12
   441.000000              12
   442.000000              12
   443.000000              12
   444.000000              12
   445.000000              12
   446.000000              12
   447.000000              12
   448.000000              12
   449.000000              12
   450.000000              12
   451.000000              12
   452.000000              12
   453.000000              12
   454.000000              12
   455.000000              12
   456.000000              12
   457.000000              12
   458.000000              12
   459.000000              12
   460.000000              12
   461.000000              12
   462.000000              12
   463.000000              12
   464.000000              12
   465.000000              12
   466.000000              12
   467.000000              12
   468.000000              12
   469.000000              12
   470.000000              12
   471.000000              12
   472.000000              12
   473.000000              12
   474.000000              12
   475.000000              12
   476.000000              12
   477.000000              12
   478.000000              13
   479.000000              14
   480.000000              14
   481.000000              14
   482.000000              14
   483.000000              14
   484.000000              14
   485.000000              14
   486.000000              14
   487.000000              14
   488.000000              14
   489.000000              14
   490.000000              14
   491.000000              14
   492.000000              14
   493.000000              14
   494.000000              14
   495.000000              14
   496.000000              14
   497.000000              14
   498.000000              14
   499.000000              14
   500.000000              14
   501.000000              14
   502.000000              14
   503.000000              14
   504.000000              14
   505.000000              14
   506.000000              14
   507.000000              14
   508.000000              14
   509.000000              14
   510.000000              14
   511.000000              14
   512.000000              14
   513.000000              14
   514.000000              14
   515.000000              14
   516.000000              14
   517.000000              14
   518.000000              14
   519.000000              14
   520.000000              14
   521.000000              14
   522.000000              14
   523.000000              14
   524.000000              14
   525.000000              14
   526.000000              14
   527.000000              14
   528.000000              14
   529.000000              14
   530.000000              14
   531.000000              14
   532.000000              14
   533.000000              14
   534.000000              14
   535.000000              14
   536.000000              14
   537.000000              14
   538.000000              14
   539.000000              14
   540.000000              14
   541.000000              14
   542.000000              14
   543.000000              14
   544.000000              14
   545.000000              14
   546.000000              14
   547.000000              14
   548.000000              14
   549.000000              14
   550.000000              14
   551.000000              14
   552.000000              14
   553.000000              14
   554.000000              14
   555.000000              14
   556.000000              14
   557.000000              14
   558.000000              14
   559.000000              14
   560.000000              14
   561.000000              14
   562.000000              14
   563.000000              14
   564.000000              14
   565.000000              14
   566.000000              14
   567.000000              14
   568.000000              14
   569.000000              14
   570.000000              14
   571.000000              14
   572.000000              14
   573.000000              14
   574.000000              14
   575.000000              14
   576.000000              14
   577.000000              14
   578.000000              14
   579.000000              14
   580.000000              14
   581.000000              14
   582.000000              14
   583.000000              15
   584.000000              16
   585.000000              16
   586.000000              16
   587.000000              16
   588.000000              16
   589.000000              16
   590.000000              16
   591.000000              16
   592.000000              16
   593.000000              16
   594.000000              16
   595.000000              16
   596.000000              16
   597.000000              16
   598.000000              16
   599.000000              16
   600.000000              16
   601.000000              16
   602.000000              16
   603.000000              16
   604.000000              16
   605.000000              16
   606.000000              16
   607.000000              16
   608.000000              16
   609.000000              16
   610.000000              16
   611.000000              16
   612.000000              16
   613.000000              16
   614.000000              16
   615.000000              16
   616.000000              16
   617.000000              16
   618.000000              16
   619.000000              16
   620.000000              16
   621.000000              16
   622.000000              16
   623.000000              16
   624.000000              16
   625.000000              16
   626.000000              16
   627.000000              16
   628.000000              16
   629.000000              16
   630.000000              16
   631.000000              16
   632.000000              16
   633.000000              16
   634.000000              16
   635.000000              16
   636.000000              16
   637.000000              16
   638.000000              16
   639.000000              16
   640.000000              16
   641.000000              16
   642.000000              16
   643.000000              16
   644.000000              16
   645.000000              16
   646.000000              16
   647.000000              16
   648.000000              16
   649.000000              16
   650.000000              16
   651.000000              16
   652.000000              16
   653.000000              16
   654.000000              16
   655.000000              16
   656.000000              16
   657.000000              16
   658.000000              16
   659.000000              16
   660.000000              16
   661.000000              16
   662.000000              16
   663.000000              16
   664.000000              16
   665.000000              16
   666.000000              16
   667.000000              16
   668.000000              16
   669.000000              16
   670.000000              16
   671.000000              16
   672.000000              16
   673.000000              16
   674.000000              16
   675.000000              16
   676.000000              16
   677.000000              16
   678.000000              16
   679.000000              16
   680.000000              16
   681.000000              16
   682.000000              16
   683.000000              16
   684.000000              16
   685.000000              16
   686.000000              16
   687.000000              16
   688.000000              16
   689.000000              16
   690.000000              16
   691.000000              16
   692.000000              16
   693.000000              16
   694.000000              16
   695.000000              16
   696.000000              16
   697.000000              16
   698.000000              17
   699.000000              18
   700.000000              18
   701.000000              18
   702.000000              18
   703.000000              18
   704.000000              18
   705.000000              18
   706.000000              18
   707.000000              18
   708.000000              18
   709.000000              18
   710.000000              18
   711.000000              18
   712.000000              18
   713.000000              18
   714.000000              18
   715.000000              18
   716.000000              18
   717.000000              18
   718.000000              18
   719.000000              18
   720.000000              18
   721.000000              18
   722.000000              18
   723.000000              18
   724.000000              18
   725.000000              18
   726.000000              18
   727.000000              18
   728.000000              18
   729.000000              18
   730.000000              18
   731.000000              18
   732.000000              18
   733.000000              18
   734.000000              18
   735.000000              18
   736.000000              18
   737.000000              18
   738.000000              18
   739.000000              18
   740.000000              18
   741.000000              18
   742.000000              18
   743.000000              18
   744.000000              18
   745.000000              18
   746.000000              18
   747.000000              18
   748.000000              18
   749.000000              18
   750.000000              18
   751.000000              18
   752.000000              18
   753.000000              18
   754.000000              18
   755.000000              18
   756.000000              18
   757.000000              18
   758.000000              18
   759.000000              18
   760.000000              18
   761.000000              18
   762.000000              18
   763.000000              18
   764.000000              18
   765.000000              18
   766.000000              18
   767.000000              18
   768.000000              18
   769.000000              18
   770.000000              19
   771.000000              20
   772.000000              20
   773.000000              20
   774.000000              20
   775.000000              20
   776.000000              20
   777.000000              20
   778.000000              20
   779.000000              20
   780.000000              20
   781.000000              20
   782.000000              20
   783.000000              20
   784.000000              20
   785.000000              21
   786.000000              22
   787.000000              23
   788.000000              23
   789.000000              23
   790.000000              23
   791.000000              23
   792.000000              23
   793.000000              23
   794.000000              23
   795.000000              23
   796.000000              23
   797.000000              23
   798.000000              23
   799.000000              23
   800.000000              23
