 Permeation events over simulation time.
 t(ns) Number of events
   0.00000000               0
   1.00000000               0
   2.00000000               0
   3.00000000               0
   4.00000000               0
   5.00000000               0
   6.00000000               0
   7.00000000               0
   8.00000000               0
   9.00000000               0
   10.0000000               0
   11.0000000               0
   12.0000000               0
   13.0000000               0
   14.0000000               0
   15.0000000               0
   16.0000000               0
   17.0000000               0
   18.0000000               0
   19.0000000               0
   20.0000000               0
   21.0000000               0
   22.0000000               0
   23.0000000               0
   24.0000000               0
   25.0000000               0
   26.0000000               0
   27.0000000               0
   28.0000000               0
   29.0000000               0
   30.0000000               0
   31.0000000               0
   32.0000000               0
   33.0000000               0
   34.0000000               0
   35.0000000               0
   36.0000000               0
   37.0000000               0
   38.0000000               0
   39.0000000               0
   40.0000000               0
   41.0000000               0
   42.0000000               0
   43.0000000               0
   44.0000000               0
   45.0000000               0
   46.0000000               0
   47.0000000               0
   48.0000000               0
   49.0000000               0
   50.0000000               0
   51.0000000               0
   52.0000000               0
   53.0000000               0
   54.0000000               0
   55.0000000               0
   56.0000000               0
   57.0000000               0
   58.0000000               0
   59.0000000               0
   60.0000000               0
   61.0000000               0
   62.0000000               0
   63.0000000               0
   64.0000000               0
   65.0000000               0
   66.0000000               0
   67.0000000               0
   68.0000000               0
   69.0000000               0
   70.0000000               0
   71.0000000               0
   72.0000000               0
   73.0000000               0
   74.0000000               0
   75.0000000               0
   76.0000000               0
   77.0000000               0
   78.0000000               0
   79.0000000               0
   80.0000000               0
   81.0000000               0
   82.0000000               0
   83.0000000               0
   84.0000000               0
   85.0000000               0
   86.0000000               0
   87.0000000               0
   88.0000000               0
   89.0000000               0
   90.0000000               0
   91.0000000               0
   92.0000000               0
   93.0000000               0
   94.0000000               0
   95.0000000               0
   96.0000000               0
   97.0000000               0
   98.0000000               0
   99.0000000               0
   100.000000               0
   101.000000               0
   102.000000               0
   103.000000               0
   104.000000               0
   105.000000               0
   106.000000               0
   107.000000               0
   108.000000               0
   109.000000               0
   110.000000               0
   111.000000               0
   112.000000               0
   113.000000               0
   114.000000               0
   115.000000               0
   116.000000               0
   117.000000               0
   118.000000               0
   119.000000               0
   120.000000               0
   121.000000               0
   122.000000               0
   123.000000               0
   124.000000               1
   125.000000               1
   126.000000               1
   127.000000               1
   128.000000               1
   129.000000               1
   130.000000               1
   131.000000               1
   132.000000               1
   133.000000               1
   134.000000               1
   135.000000               1
   136.000000               1
   137.000000               1
   138.000000               1
   139.000000               1
   140.000000               1
   141.000000               1
   142.000000               1
   143.000000               1
   144.000000               1
   145.000000               1
   146.000000               1
   147.000000               1
   148.000000               1
   149.000000               1
   150.000000               1
   151.000000               1
   152.000000               1
   153.000000               1
   154.000000               1
   155.000000               1
   156.000000               1
   157.000000               1
   158.000000               1
   159.000000               1
   160.000000               1
   161.000000               1
   162.000000               1
   163.000000               1
   164.000000               1
   165.000000               1
   166.000000               1
   167.000000               1
   168.000000               1
   169.000000               1
   170.000000               1
   171.000000               1
   172.000000               1
   173.000000               1
   174.000000               1
   175.000000               1
   176.000000               1
   177.000000               1
   178.000000               1
   179.000000               1
   180.000000               1
   181.000000               1
   182.000000               1
   183.000000               1
   184.000000               1
   185.000000               1
   186.000000               1
   187.000000               1
   188.000000               1
   189.000000               1
   190.000000               1
   191.000000               1
   192.000000               1
   193.000000               1
   194.000000               1
   195.000000               1
   196.000000               1
   197.000000               1
   198.000000               1
   199.000000               1
   200.000000               1
   201.000000               1
   202.000000               1
   203.000000               1
   204.000000               1
   205.000000               1
   206.000000               1
   207.000000               1
   208.000000               1
   209.000000               1
   210.000000               1
   211.000000               1
   212.000000               1
   213.000000               1
   214.000000               1
   215.000000               1
   216.000000               1
   217.000000               1
   218.000000               1
   219.000000               1
   220.000000               1
   221.000000               1
   222.000000               1
   223.000000               1
   224.000000               1
   225.000000               1
   226.000000               1
   227.000000               1
   228.000000               1
   229.000000               1
   230.000000               1
   231.000000               1
   232.000000               1
   233.000000               1
   234.000000               1
   235.000000               1
   236.000000               1
   237.000000               1
   238.000000               1
   239.000000               1
   240.000000               1
   241.000000               1
   242.000000               1
   243.000000               1
   244.000000               1
   245.000000               1
   246.000000               1
   247.000000               1
   248.000000               1
   249.000000               1
   250.000000               1
   251.000000               1
   252.000000               1
   253.000000               1
   254.000000               1
   255.000000               1
   256.000000               1
   257.000000               1
   258.000000               1
   259.000000               1
   260.000000               1
   261.000000               1
   262.000000               1
   263.000000               1
   264.000000               1
   265.000000               1
   266.000000               1
   267.000000               1
   268.000000               1
   269.000000               1
   270.000000               1
   271.000000               1
   272.000000               1
   273.000000               1
   274.000000               1
   275.000000               1
   276.000000               1
   277.000000               2
   278.000000               2
   279.000000               2
   280.000000               2
   281.000000               2
   282.000000               2
   283.000000               2
   284.000000               2
   285.000000               2
   286.000000               2
   287.000000               2
   288.000000               2
   289.000000               2
   290.000000               2
   291.000000               2
   292.000000               2
   293.000000               2
   294.000000               2
   295.000000               2
   296.000000               2
   297.000000               2
   298.000000               2
   299.000000               2
   300.000000               2
   301.000000               2
   302.000000               2
   303.000000               2
   304.000000               2
   305.000000               2
   306.000000               2
   307.000000               2
   308.000000               2
   309.000000               2
   310.000000               2
   311.000000               2
   312.000000               2
   313.000000               2
   314.000000               2
   315.000000               2
   316.000000               2
   317.000000               2
   318.000000               2
   319.000000               2
   320.000000               2
   321.000000               2
   322.000000               2
   323.000000               2
   324.000000               2
   325.000000               2
   326.000000               2
   327.000000               2
   328.000000               2
   329.000000               2
   330.000000               2
   331.000000               2
   332.000000               2
   333.000000               2
   334.000000               2
   335.000000               2
   336.000000               2
   337.000000               2
   338.000000               2
   339.000000               2
   340.000000               2
   341.000000               2
   342.000000               2
   343.000000               2
   344.000000               2
   345.000000               2
   346.000000               2
   347.000000               2
   348.000000               2
   349.000000               2
   350.000000               2
   351.000000               2
   352.000000               2
   353.000000               2
   354.000000               2
   355.000000               2
   356.000000               2
   357.000000               2
   358.000000               2
   359.000000               2
   360.000000               2
   361.000000               2
   362.000000               2
   363.000000               2
   364.000000               2
   365.000000               2
   366.000000               2
   367.000000               2
   368.000000               2
   369.000000               2
   370.000000               2
   371.000000               2
   372.000000               2
   373.000000               2
   374.000000               2
   375.000000               2
   376.000000               2
   377.000000               2
   378.000000               2
   379.000000               2
   380.000000               2
   381.000000               2
   382.000000               2
   383.000000               2
   384.000000               2
   385.000000               2
   386.000000               2
   387.000000               2
   388.000000               2
   389.000000               2
   390.000000               2
   391.000000               2
   392.000000               2
   393.000000               2
   394.000000               2
   395.000000               2
   396.000000               2
   397.000000               2
   398.000000               2
   399.000000               2
   400.000000               2
   401.000000               2
   402.000000               2
   403.000000               3
   404.000000               3
   405.000000               3
   406.000000               3
   407.000000               3
   408.000000               3
   409.000000               3
   410.000000               3
   411.000000               3
   412.000000               3
   413.000000               3
   414.000000               3
   415.000000               3
   416.000000               3
   417.000000               3
   418.000000               3
   419.000000               3
   420.000000               3
   421.000000               3
   422.000000               3
   423.000000               3
   424.000000               3
   425.000000               3
   426.000000               3
   427.000000               3
   428.000000               3
   429.000000               3
   430.000000               3
   431.000000               3
   432.000000               3
   433.000000               3
   434.000000               3
   435.000000               3
   436.000000               3
   437.000000               3
   438.000000               3
   439.000000               3
   440.000000               3
   441.000000               3
   442.000000               3
   443.000000               3
   444.000000               3
   445.000000               3
   446.000000               3
   447.000000               3
   448.000000               3
   449.000000               3
   450.000000               3
   451.000000               3
   452.000000               3
   453.000000               3
   454.000000               3
   455.000000               3
   456.000000               3
   457.000000               3
   458.000000               3
   459.000000               3
   460.000000               3
   461.000000               3
   462.000000               3
   463.000000               3
   464.000000               3
   465.000000               3
   466.000000               3
   467.000000               3
   468.000000               3
   469.000000               3
   470.000000               3
   471.000000               3
   472.000000               3
   473.000000               3
   474.000000               3
   475.000000               3
   476.000000               3
   477.000000               3
   478.000000               3
   479.000000               3
   480.000000               3
   481.000000               3
   482.000000               3
   483.000000               3
   484.000000               3
   485.000000               3
   486.000000               3
   487.000000               3
   488.000000               3
   489.000000               3
   490.000000               3
   491.000000               3
   492.000000               3
   493.000000               3
   494.000000               3
   495.000000               3
   496.000000               3
   497.000000               3
   498.000000               3
   499.000000               3
   500.000000               3
   501.000000               3
   502.000000               3
   503.000000               3
   504.000000               3
   505.000000               3
   506.000000               3
   507.000000               3
   508.000000               3
   509.000000               3
   510.000000               3
   511.000000               3
   512.000000               3
   513.000000               3
   514.000000               3
   515.000000               3
   516.000000               3
   517.000000               3
   518.000000               3
   519.000000               3
   520.000000               3
   521.000000               3
   522.000000               3
   523.000000               3
   524.000000               4
   525.000000               4
   526.000000               4
   527.000000               4
   528.000000               4
   529.000000               4
   530.000000               4
   531.000000               4
   532.000000               4
   533.000000               4
   534.000000               4
   535.000000               4
   536.000000               4
   537.000000               4
   538.000000               4
   539.000000               4
   540.000000               4
   541.000000               4
   542.000000               4
   543.000000               4
   544.000000               4
   545.000000               4
   546.000000               4
   547.000000               4
   548.000000               4
   549.000000               4
   550.000000               4
   551.000000               4
   552.000000               4
   553.000000               4
   554.000000               4
   555.000000               4
   556.000000               4
   557.000000               4
   558.000000               4
   559.000000               4
   560.000000               4
   561.000000               4
   562.000000               4
   563.000000               4
   564.000000               4
   565.000000               4
   566.000000               4
   567.000000               4
   568.000000               4
   569.000000               4
   570.000000               4
   571.000000               4
   572.000000               4
   573.000000               4
   574.000000               4
   575.000000               4
   576.000000               4
   577.000000               4
   578.000000               4
   579.000000               4
   580.000000               4
   581.000000               4
   582.000000               4
   583.000000               4
   584.000000               4
   585.000000               4
   586.000000               4
   587.000000               4
   588.000000               4
   589.000000               4
   590.000000               4
   591.000000               4
   592.000000               4
   593.000000               4
   594.000000               4
   595.000000               4
   596.000000               4
   597.000000               4
   598.000000               4
   599.000000               4
   600.000000               4
   601.000000               4
   602.000000               4
   603.000000               4
   604.000000               4
   605.000000               4
   606.000000               4
   607.000000               4
   608.000000               4
   609.000000               4
   610.000000               4
   611.000000               4
   612.000000               4
   613.000000               4
   614.000000               4
   615.000000               4
   616.000000               4
   617.000000               4
   618.000000               4
   619.000000               4
   620.000000               4
   621.000000               4
   622.000000               4
   623.000000               4
   624.000000               4
   625.000000               4
   626.000000               4
   627.000000               4
   628.000000               4
   629.000000               4
   630.000000               4
   631.000000               4
   632.000000               4
   633.000000               4
   634.000000               4
   635.000000               4
   636.000000               4
   637.000000               4
   638.000000               4
   639.000000               4
   640.000000               4
   641.000000               4
   642.000000               4
   643.000000               4
   644.000000               4
   645.000000               4
   646.000000               4
   647.000000               4
   648.000000               4
   649.000000               4
   650.000000               4
   651.000000               4
   652.000000               4
   653.000000               4
   654.000000               4
   655.000000               4
   656.000000               4
   657.000000               4
   658.000000               4
   659.000000               4
   660.000000               4
   661.000000               4
   662.000000               4
   663.000000               4
   664.000000               4
   665.000000               4
   666.000000               4
   667.000000               4
   668.000000               4
   669.000000               4
   670.000000               4
   671.000000               4
   672.000000               4
   673.000000               4
   674.000000               4
   675.000000               4
   676.000000               4
   677.000000               4
   678.000000               4
   679.000000               4
   680.000000               4
   681.000000               4
   682.000000               4
   683.000000               4
   684.000000               4
   685.000000               4
   686.000000               4
   687.000000               4
   688.000000               4
   689.000000               4
   690.000000               4
   691.000000               4
   692.000000               4
   693.000000               4
   694.000000               4
   695.000000               4
   696.000000               4
   697.000000               4
   698.000000               4
   699.000000               4
   700.000000               4
   701.000000               4
   702.000000               4
   703.000000               4
   704.000000               4
   705.000000               4
   706.000000               4
   707.000000               4
   708.000000               4
   709.000000               4
   710.000000               4
   711.000000               4
   712.000000               4
   713.000000               4
   714.000000               4
   715.000000               4
   716.000000               4
   717.000000               4
   718.000000               4
   719.000000               4
   720.000000               4
   721.000000               4
   722.000000               4
   723.000000               4
   724.000000               4
   725.000000               4
   726.000000               4
   727.000000               4
   728.000000               4
   729.000000               4
   730.000000               4
   731.000000               4
   732.000000               4
   733.000000               4
   734.000000               4
   735.000000               4
   736.000000               5
   737.000000               5
   738.000000               5
   739.000000               5
   740.000000               5
   741.000000               5
   742.000000               5
   743.000000               5
   744.000000               5
   745.000000               5
   746.000000               5
   747.000000               5
   748.000000               5
   749.000000               5
   750.000000               5
   751.000000               5
   752.000000               5
   753.000000               5
   754.000000               5
   755.000000               5
   756.000000               5
   757.000000               5
   758.000000               5
   759.000000               5
   760.000000               5
   761.000000               5
   762.000000               5
   763.000000               5
   764.000000               5
   765.000000               5
   766.000000               5
   767.000000               5
   768.000000               5
   769.000000               5
   770.000000               5
   771.000000               5
   772.000000               5
   773.000000               5
   774.000000               5
   775.000000               5
   776.000000               5
   777.000000               5
   778.000000               5
   779.000000               5
   780.000000               5
   781.000000               5
   782.000000               5
   783.000000               5
   784.000000               5
   785.000000               5
   786.000000               5
   787.000000               5
   788.000000               5
   789.000000               5
   790.000000               5
   791.000000               5
   792.000000               5
   793.000000               5
   794.000000               5
   795.000000               5
   796.000000               5
   797.000000               5
   798.000000               5
   799.000000               6
   800.000000               6
   801.000000               6
   802.000000               6
   803.000000               6
   804.000000               6
   805.000000               6
   806.000000               6
   807.000000               6
   808.000000               6
   809.000000               6
   810.000000               6
   811.000000               6
   812.000000               6
   813.000000               6
   814.000000               6
   815.000000               6
   816.000000               6
   817.000000               6
   818.000000               6
   819.000000               6
   820.000000               6
   821.000000               6
   822.000000               6
   823.000000               6
   824.000000               6
   825.000000               6
   826.000000               6
   827.000000               6
   828.000000               6
   829.000000               6
   830.000000               6
   831.000000               6
   832.000000               6
   833.000000               6
   834.000000               6
   835.000000               6
   836.000000               6
   837.000000               6
   838.000000               6
   839.000000               6
   840.000000               6
   841.000000               6
   842.000000               6
   843.000000               6
   844.000000               6
   845.000000               6
   846.000000               6
   847.000000               6
   848.000000               6
   849.000000               6
   850.000000               6
   851.000000               6
   852.000000               6
   853.000000               6
   854.000000               6
   855.000000               6
   856.000000               6
   857.000000               6
   858.000000               6
   859.000000               6
   860.000000               6
   861.000000               6
   862.000000               6
   863.000000               6
   864.000000               6
   865.000000               6
   866.000000               6
   867.000000               6
   868.000000               6
   869.000000               6
   870.000000               6
   871.000000               6
   872.000000               6
   873.000000               6
   874.000000               6
   875.000000               6
   876.000000               6
   877.000000               6
   878.000000               6
   879.000000               6
   880.000000               6
   881.000000               6
   882.000000               6
   883.000000               6
   884.000000               6
   885.000000               6
   886.000000               6
   887.000000               6
   888.000000               6
   889.000000               6
   890.000000               6
   891.000000               6
   892.000000               6
   893.000000               6
   894.000000               6
   895.000000               6
   896.000000               6
   897.000000               6
   898.000000               6
   899.000000               6
   900.000000               6
