 Permeation events over simulation time.
 t(ns) Number of events
   0.00000000               0
  0.100000001               0
  0.200000003               0
  0.300000012               0
  0.400000006               0
  0.500000000               0
  0.600000024               0
  0.699999988               0
  0.800000012               0
  0.899999976               0
   1.00000000               0
   1.10000002               0
   1.20000005               0
   1.29999995               0
   1.39999998               0
   1.50000000               0
   1.60000002               0
   1.70000005               0
   1.79999995               0
   1.89999998               0
   2.00000000               0
   2.09999990               0
   2.20000005               0
   2.29999995               0
   2.40000010               0
   2.50000000               0
   2.59999990               0
   2.70000005               0
   2.79999995               0
   2.90000010               0
   3.00000000               0
   3.09999990               0
   3.20000005               0
   3.29999995               0
   3.40000010               0
   3.50000000               0
   3.59999990               0
   3.70000005               0
   3.79999995               0
   3.90000010               0
   4.00000000               0
   4.09999990               0
   4.19999981               0
   4.30000019               0
   4.40000010               0
   4.50000000               0
   4.59999990               0
   4.69999981               0
   4.80000019               0
   4.90000010               0
   5.00000000               0
   5.09999990               0
   5.19999981               0
   5.30000019               0
   5.40000010               0
   5.50000000               0
   5.59999990               0
   5.69999981               0
   5.80000019               0
   5.90000010               0
   6.00000000               0
   6.09999990               0
   6.19999981               0
   6.30000019               0
   6.40000010               0
   6.50000000               0
   6.59999990               0
   6.69999981               0
   6.80000019               0
   6.90000010               0
   7.00000000               0
   7.09999990               0
   7.19999981               0
   7.30000019               0
   7.40000010               0
   7.50000000               0
   7.59999990               0
   7.69999981               0
   7.80000019               0
   7.90000010               0
   8.00000000               0
   8.10000038               0
   8.19999981               0
   8.30000019               0
   8.39999962               0
   8.50000000               0
   8.60000038               0
   8.69999981               0
   8.80000019               0
   8.89999962               0
   9.00000000               0
   9.10000038               0
   9.19999981               0
   9.30000019               0
   9.39999962               0
   9.50000000               0
   9.60000038               0
   9.69999981               0
   9.80000019               0
   9.89999962               0
   10.0000000               0
   10.1000004               0
   10.1999998               0
   10.3000002               0
   10.3999996               0
   10.5000000               0
   10.6000004               0
   10.6999998               0
   10.8000002               0
   10.8999996               0
   11.0000000               0
   11.1000004               0
   11.1999998               0
   11.3000002               0
   11.3999996               0
   11.5000000               0
   11.6000004               0
   11.6999998               0
   11.8000002               1
   11.8999996               1
   12.0000000               1
   12.1000004               1
   12.1999998               1
   12.3000002               1
   12.3999996               1
   12.5000000               1
   12.6000004               1
   12.6999998               1
   12.8000002               1
   12.8999996               1
   13.0000000               1
   13.1000004               1
   13.1999998               1
   13.3000002               1
   13.3999996               1
   13.5000000               1
   13.6000004               1
   13.6999998               1
   13.8000002               1
   13.8999996               1
   14.0000000               1
   14.1000004               1
   14.1999998               1
   14.3000002               1
   14.3999996               1
   14.5000000               1
   14.6000004               1
   14.6999998               1
   14.8000002               1
   14.8999996               1
   15.0000000               1
   15.1000004               1
   15.1999998               1
   15.3000002               1
   15.3999996               1
   15.5000000               1
   15.6000004               1
   15.6999998               1
   15.8000002               1
   15.8999996               1
   16.0000000               1
   16.1000004               1
   16.2000008               1
   16.2999992               1
   16.3999996               1
   16.5000000               1
   16.6000004               1
   16.7000008               1
   16.7999992               1
   16.8999996               1
   17.0000000               1
   17.1000004               1
   17.2000008               1
   17.2999992               1
   17.3999996               1
   17.5000000               1
   17.6000004               1
   17.7000008               1
   17.7999992               1
   17.8999996               1
   18.0000000               1
   18.1000004               1
   18.2000008               1
   18.2999992               1
   18.3999996               1
   18.5000000               1
   18.6000004               1
   18.7000008               1
   18.7999992               1
   18.8999996               1
   19.0000000               1
   19.1000004               1
   19.2000008               1
   19.2999992               1
   19.3999996               1
   19.5000000               1
   19.6000004               1
   19.7000008               1
   19.7999992               1
   19.8999996               1
   20.0000000               1
   20.1000004               1
   20.2000008               1
   20.2999992               1
   20.3999996               1
   20.5000000               1
   20.6000004               1
   20.7000008               1
   20.7999992               1
   20.8999996               1
   21.0000000               1
   21.1000004               1
   21.2000008               1
   21.2999992               1
   21.3999996               1
   21.5000000               1
   21.6000004               1
   21.7000008               1
   21.7999992               1
   21.8999996               1
   22.0000000               1
   22.1000004               1
   22.2000008               1
   22.2999992               1
   22.3999996               1
   22.5000000               1
   22.6000004               1
   22.7000008               1
   22.7999992               1
   22.8999996               1
   23.0000000               1
   23.1000004               1
   23.2000008               1
   23.2999992               1
   23.3999996               1
   23.5000000               1
   23.6000004               1
   23.7000008               1
   23.7999992               1
   23.8999996               1
   24.0000000               1
   24.1000004               1
   24.2000008               1
   24.2999992               1
   24.3999996               1
   24.5000000               1
   24.6000004               1
   24.7000008               1
   24.7999992               1
   24.8999996               1
   25.0000000               1
   25.1000004               1
   25.2000008               1
   25.2999992               2
   25.3999996               2
   25.5000000               2
   25.6000004               2
   25.7000008               2
   25.7999992               2
   25.8999996               2
   26.0000000               2
   26.1000004               2
   26.2000008               2
   26.2999992               2
   26.3999996               2
   26.5000000               2
   26.6000004               2
   26.7000008               2
   26.7999992               2
   26.8999996               2
   27.0000000               2
   27.1000004               2
   27.2000008               2
   27.2999992               2
   27.3999996               2
   27.5000000               2
   27.6000004               2
   27.7000008               2
   27.7999992               2
   27.8999996               2
   28.0000000               2
   28.1000004               2
   28.2000008               2
   28.2999992               2
   28.3999996               2
   28.5000000               2
   28.6000004               2
   28.7000008               2
   28.7999992               2
   28.8999996               2
   29.0000000               2
   29.1000004               2
   29.2000008               2
   29.2999992               2
   29.3999996               2
   29.5000000               2
   29.6000004               2
   29.7000008               2
   29.7999992               2
   29.8999996               2
   30.0000000               2
   30.1000004               2
   30.2000008               2
   30.2999992               2
   30.3999996               2
   30.5000000               2
   30.6000004               2
   30.7000008               2
   30.7999992               2
   30.8999996               2
   31.0000000               2
   31.1000004               2
   31.2000008               2
   31.2999992               2
   31.3999996               2
   31.5000000               2
   31.6000004               2
   31.7000008               2
   31.7999992               2
   31.8999996               2
   32.0000000               2
   32.0999985               2
   32.2000008               2
   32.2999992               2
   32.4000015               2
   32.5000000               2
   32.5999985               2
   32.7000008               2
   32.7999992               2
   32.9000015               2
   33.0000000               3
   33.0999985               3
   33.2000008               3
   33.2999992               3
   33.4000015               3
   33.5000000               3
   33.5999985               3
   33.7000008               3
   33.7999992               3
   33.9000015               3
   34.0000000               3
   34.0999985               3
   34.2000008               3
   34.2999992               3
   34.4000015               3
   34.5000000               3
   34.5999985               3
   34.7000008               3
   34.7999992               3
   34.9000015               4
   35.0000000               4
   35.0999985               4
   35.2000008               4
   35.2999992               4
   35.4000015               4
   35.5000000               4
   35.5999985               4
   35.7000008               4
   35.7999992               4
   35.9000015               4
   36.0000000               4
   36.0999985               4
   36.2000008               4
   36.2999992               4
   36.4000015               4
   36.5000000               4
   36.5999985               4
   36.7000008               4
   36.7999992               4
   36.9000015               4
   37.0000000               4
   37.0999985               4
   37.2000008               4
   37.2999992               4
   37.4000015               4
   37.5000000               4
   37.5999985               4
   37.7000008               4
   37.7999992               4
   37.9000015               4
   38.0000000               4
   38.0999985               4
   38.2000008               4
   38.2999992               4
   38.4000015               4
   38.5000000               4
   38.5999985               4
   38.7000008               4
   38.7999992               4
   38.9000015               4
   39.0000000               4
   39.0999985               4
   39.2000008               4
   39.2999992               4
   39.4000015               4
   39.5000000               4
   39.5999985               4
   39.7000008               4
   39.7999992               4
   39.9000015               4
   40.0000000               4
   40.0999985               4
   40.2000008               4
   40.2999992               4
   40.4000015               4
   40.5000000               4
   40.5999985               4
   40.7000008               4
   40.7999992               4
   40.9000015               4
   41.0000000               4
   41.0999985               4
   41.2000008               4
   41.2999992               4
   41.4000015               4
   41.5000000               4
   41.5999985               4
   41.7000008               4
   41.7999992               4
   41.9000015               4
   42.0000000               4
   42.0999985               4
   42.2000008               4
   42.2999992               4
   42.4000015               4
   42.5000000               4
   42.5999985               4
   42.7000008               4
   42.7999992               4
   42.9000015               4
   43.0000000               5
   43.0999985               5
   43.2000008               5
   43.2999992               5
   43.4000015               5
   43.5000000               5
   43.5999985               5
   43.7000008               5
   43.7999992               5
   43.9000015               5
   44.0000000               5
   44.0999985               5
   44.2000008               5
   44.2999992               5
   44.4000015               5
   44.5000000               5
   44.5999985               5
   44.7000008               5
   44.7999992               5
   44.9000015               5
   45.0000000               5
   45.0999985               5
   45.2000008               5
   45.2999992               5
   45.4000015               5
   45.5000000               5
   45.5999985               5
   45.7000008               5
   45.7999992               5
   45.9000015               5
   46.0000000               5
   46.0999985               5
   46.2000008               5
   46.2999992               5
   46.4000015               5
   46.5000000               5
   46.5999985               5
   46.7000008               5
   46.7999992               5
   46.9000015               5
   47.0000000               5
   47.0999985               5
   47.2000008               5
   47.2999992               5
   47.4000015               5
   47.5000000               5
   47.5999985               5
   47.7000008               5
   47.7999992               5
   47.9000015               5
   48.0000000               5
   48.0999985               5
   48.2000008               5
   48.2999992               5
   48.4000015               5
   48.5000000               5
   48.5999985               5
   48.7000008               5
   48.7999992               5
   48.9000015               5
   49.0000000               5
   49.0999985               5
   49.2000008               5
   49.2999992               5
   49.4000015               5
   49.5000000               5
   49.5999985               5
   49.7000008               5
   49.7999992               5
   49.9000015               5
   50.0000000               5
   50.0999985               5
   50.2000008               5
   50.2999992               5
   50.4000015               5
   50.5000000               5
   50.5999985               5
   50.7000008               5
   50.7999992               5
   50.9000015               5
   51.0000000               5
   51.0999985               5
   51.2000008               5
   51.2999992               5
   51.4000015               5
   51.5000000               5
   51.5999985               5
   51.7000008               5
   51.7999992               5
   51.9000015               5
   52.0000000               5
   52.0999985               5
   52.2000008               5
   52.2999992               5
   52.4000015               5
   52.5000000               5
   52.5999985               5
   52.7000008               5
   52.7999992               5
   52.9000015               5
   53.0000000               5
   53.0999985               5
   53.2000008               5
   53.2999992               5
   53.4000015               5
   53.5000000               5
   53.5999985               5
   53.7000008               5
   53.7999992               5
   53.9000015               5
   54.0000000               5
   54.0999985               5
   54.2000008               5
   54.2999992               5
   54.4000015               5
   54.5000000               5
   54.5999985               5
   54.7000008               5
   54.7999992               5
   54.9000015               5
   55.0000000               5
   55.0999985               5
   55.2000008               5
   55.2999992               5
   55.4000015               5
   55.5000000               5
   55.5999985               5
   55.7000008               5
   55.7999992               5
   55.9000015               5
   56.0000000               5
   56.0999985               5
   56.2000008               5
   56.2999992               5
   56.4000015               5
   56.5000000               5
   56.5999985               5
   56.7000008               5
   56.7999992               5
   56.9000015               5
   57.0000000               5
   57.0999985               5
   57.2000008               5
   57.2999992               5
   57.4000015               5
   57.5000000               5
   57.5999985               5
   57.7000008               5
   57.7999992               5
   57.9000015               5
   58.0000000               5
   58.0999985               5
   58.2000008               5
   58.2999992               5
   58.4000015               5
   58.5000000               5
   58.5999985               5
   58.7000008               5
   58.7999992               5
   58.9000015               5
   59.0000000               5
   59.0999985               5
   59.2000008               5
   59.2999992               5
   59.4000015               5
   59.5000000               5
   59.5999985               5
   59.7000008               5
   59.7999992               5
   59.9000015               5
   60.0000000               5
   60.0999985               5
   60.2000008               5
   60.2999992               5
   60.4000015               5
   60.5000000               5
   60.5999985               5
   60.7000008               5
   60.7999992               5
   60.9000015               5
   61.0000000               5
   61.0999985               5
   61.2000008               5
   61.2999992               5
   61.4000015               5
   61.5000000               5
   61.5999985               5
   61.7000008               5
   61.7999992               5
   61.9000015               5
   62.0000000               5
   62.0999985               5
   62.2000008               5
   62.2999992               5
   62.4000015               5
   62.5000000               5
   62.5999985               5
   62.7000008               5
   62.7999992               5
   62.9000015               5
   63.0000000               5
   63.0999985               5
   63.2000008               5
   63.2999992               5
   63.4000015               5
   63.5000000               5
   63.5999985               5
   63.7000008               5
   63.7999992               5
   63.9000015               5
   64.0000000               5
   64.0999985               5
   64.1999969               5
   64.3000031               5
   64.4000015               5
   64.5000000               5
   64.5999985               5
   64.6999969               5
   64.8000031               5
   64.9000015               5
   65.0000000               5
   65.0999985               5
   65.1999969               5
   65.3000031               5
   65.4000015               5
   65.5000000               5
   65.5999985               5
   65.6999969               5
   65.8000031               5
   65.9000015               5
   66.0000000               5
   66.0999985               5
   66.1999969               5
   66.3000031               5
   66.4000015               5
   66.5000000               5
   66.5999985               5
   66.6999969               5
   66.8000031               5
   66.9000015               5
   67.0000000               5
   67.0999985               5
   67.1999969               5
   67.3000031               5
   67.4000015               5
   67.5000000               5
   67.5999985               5
   67.6999969               5
   67.8000031               5
   67.9000015               5
   68.0000000               5
   68.0999985               5
   68.1999969               5
   68.3000031               5
   68.4000015               5
   68.5000000               5
   68.5999985               5
   68.6999969               5
   68.8000031               5
   68.9000015               5
   69.0000000               5
   69.0999985               5
   69.1999969               5
   69.3000031               5
   69.4000015               5
   69.5000000               5
   69.5999985               5
   69.6999969               5
   69.8000031               5
   69.9000015               5
   70.0000000               5
   70.0999985               5
   70.1999969               5
   70.3000031               5
   70.4000015               5
   70.5000000               5
   70.5999985               5
   70.6999969               5
   70.8000031               5
   70.9000015               5
   71.0000000               5
   71.0999985               5
   71.1999969               5
   71.3000031               5
   71.4000015               5
   71.5000000               5
   71.5999985               5
   71.6999969               5
   71.8000031               5
   71.9000015               5
   72.0000000               5
   72.0999985               5
   72.1999969               5
   72.3000031               5
   72.4000015               5
   72.5000000               5
   72.5999985               5
   72.6999969               5
   72.8000031               5
   72.9000015               5
   73.0000000               5
   73.0999985               5
   73.1999969               5
   73.3000031               5
   73.4000015               5
   73.5000000               5
   73.5999985               5
   73.6999969               5
   73.8000031               5
   73.9000015               5
   74.0000000               5
   74.0999985               5
   74.1999969               5
   74.3000031               5
   74.4000015               5
   74.5000000               5
   74.5999985               5
   74.6999969               5
   74.8000031               5
   74.9000015               5
   75.0000000               5
   75.0999985               5
   75.1999969               5
   75.3000031               5
   75.4000015               5
   75.5000000               5
   75.5999985               5
   75.6999969               5
   75.8000031               5
   75.9000015               5
   76.0000000               5
   76.0999985               5
   76.1999969               5
   76.3000031               5
   76.4000015               5
   76.5000000               5
   76.5999985               5
   76.6999969               5
   76.8000031               5
   76.9000015               5
   77.0000000               5
   77.0999985               5
   77.1999969               5
   77.3000031               5
   77.4000015               5
   77.5000000               5
   77.5999985               5
   77.6999969               5
   77.8000031               5
   77.9000015               5
   78.0000000               5
   78.0999985               5
   78.1999969               5
   78.3000031               5
   78.4000015               5
   78.5000000               5
   78.5999985               5
   78.6999969               5
   78.8000031               5
   78.9000015               5
   79.0000000               5
   79.0999985               5
   79.1999969               5
   79.3000031               5
   79.4000015               5
   79.5000000               5
   79.5999985               5
   79.6999969               5
   79.8000031               5
   79.9000015               5
   80.0000000               5
   80.0999985               5
   80.1999969               5
   80.3000031               5
   80.4000015               6
   80.5000000               6
   80.5999985               6
   80.6999969               6
   80.8000031               6
   80.9000015               6
   81.0000000               6
   81.0999985               6
   81.1999969               6
   81.3000031               6
   81.4000015               7
   81.5000000               7
   81.5999985               7
   81.6999969               7
   81.8000031               7
   81.9000015               7
   82.0000000               7
   82.0999985               7
   82.1999969               7
   82.3000031               7
   82.4000015               7
   82.5000000               7
   82.5999985               7
   82.6999969               7
   82.8000031               7
   82.9000015               7
   83.0000000               7
   83.0999985               7
   83.1999969               7
   83.3000031               7
   83.4000015               7
   83.5000000               7
   83.5999985               7
   83.6999969               7
   83.8000031               7
   83.9000015               7
   84.0000000               7
   84.0999985               7
   84.1999969               7
   84.3000031               7
   84.4000015               7
   84.5000000               7
   84.5999985               7
   84.6999969               7
   84.8000031               7
   84.9000015               7
   85.0000000               7
   85.0999985               7
   85.1999969               7
   85.3000031               7
   85.4000015               7
   85.5000000               7
   85.5999985               7
   85.6999969               7
   85.8000031               7
   85.9000015               7
   86.0000000               7
   86.0999985               7
   86.1999969               7
   86.3000031               7
   86.4000015               7
   86.5000000               7
   86.5999985               7
   86.6999969               7
   86.8000031               7
   86.9000015               7
   87.0000000               7
   87.0999985               7
   87.1999969               7
   87.3000031               7
   87.4000015               7
   87.5000000               7
   87.5999985               7
   87.6999969               7
   87.8000031               7
   87.9000015               7
   88.0000000               7
   88.0999985               7
   88.1999969               7
   88.3000031               7
   88.4000015               7
   88.5000000               7
   88.5999985               7
   88.6999969               7
   88.8000031               7
   88.9000015               7
   89.0000000               7
   89.0999985               7
   89.1999969               7
   89.3000031               7
   89.4000015               7
   89.5000000               7
   89.5999985               7
   89.6999969               7
   89.8000031               7
   89.9000015               7
   90.0000000               7
   90.0999985               7
   90.1999969               7
   90.3000031               7
   90.4000015               7
   90.5000000               7
   90.5999985               7
   90.6999969               7
   90.8000031               7
   90.9000015               7
   91.0000000               7
   91.0999985               7
   91.1999969               7
   91.3000031               7
   91.4000015               7
   91.5000000               7
   91.5999985               7
   91.6999969               7
   91.8000031               7
   91.9000015               7
   92.0000000               7
   92.0999985               7
   92.1999969               7
   92.3000031               7
   92.4000015               7
   92.5000000               7
   92.5999985               7
   92.6999969               7
   92.8000031               7
   92.9000015               7
   93.0000000               7
   93.0999985               7
   93.1999969               7
   93.3000031               7
   93.4000015               7
   93.5000000               7
   93.5999985               7
   93.6999969               7
   93.8000031               7
   93.9000015               7
   94.0000000               7
   94.0999985               7
   94.1999969               7
   94.3000031               7
   94.4000015               7
   94.5000000               7
   94.5999985               7
   94.6999969               7
   94.8000031               7
   94.9000015               7
   95.0000000               7
   95.0999985               7
   95.1999969               7
   95.3000031               7
   95.4000015               7
   95.5000000               7
   95.5999985               7
   95.6999969               7
   95.8000031               7
   95.9000015               7
   96.0000000               7
   96.0999985               7
   96.1999969               7
   96.3000031               7
   96.4000015               7
   96.5000000               7
   96.5999985               7
   96.6999969               7
   96.8000031               7
   96.9000015               7
   97.0000000               7
   97.0999985               7
   97.1999969               7
   97.3000031               7
   97.4000015               7
   97.5000000               7
   97.5999985               7
   97.6999969               7
   97.8000031               7
   97.9000015               7
   98.0000000               7
   98.0999985               7
   98.1999969               7
   98.3000031               7
   98.4000015               7
   98.5000000               7
   98.5999985               7
   98.6999969               7
   98.8000031               7
   98.9000015               7
   99.0000000               7
   99.0999985               7
   99.1999969               7
   99.3000031               7
   99.4000015               7
   99.5000000               7
   99.5999985               7
   99.6999969               7
   99.8000031               7
   99.9000015               7
