 Permeation events over simulation time.
 t(ns) Number of events
   0.00000000               0
   1.00000000               0
   2.00000000               0
   3.00000000               0
   4.00000000               0
   5.00000000               0
   6.00000000               0
   7.00000000               0
   8.00000000               0
   9.00000000               1
   10.0000000               2
   11.0000000               2
   12.0000000               2
   13.0000000               2
   14.0000000               2
   15.0000000               2
   16.0000000               2
   17.0000000               2
   18.0000000               2
   19.0000000               2
   20.0000000               2
   21.0000000               2
   22.0000000               2
   23.0000000               2
   24.0000000               2
   25.0000000               2
   26.0000000               2
   27.0000000               2
   28.0000000               2
   29.0000000               2
   30.0000000               2
   31.0000000               2
   32.0000000               2
   33.0000000               2
   34.0000000               2
   35.0000000               2
   36.0000000               2
   37.0000000               2
   38.0000000               2
   39.0000000               2
   40.0000000               2
   41.0000000               2
   42.0000000               2
   43.0000000               2
   44.0000000               2
   45.0000000               2
   46.0000000               2
   47.0000000               2
   48.0000000               2
   49.0000000               2
   50.0000000               2
   51.0000000               2
   52.0000000               2
   53.0000000               2
   54.0000000               2
   55.0000000               2
   56.0000000               2
   57.0000000               2
   58.0000000               2
   59.0000000               2
   60.0000000               2
   61.0000000               2
   62.0000000               2
   63.0000000               2
   64.0000000               2
   65.0000000               2
   66.0000000               2
   67.0000000               2
   68.0000000               2
   69.0000000               2
   70.0000000               2
   71.0000000               2
   72.0000000               2
   73.0000000               2
   74.0000000               2
   75.0000000               2
   76.0000000               2
   77.0000000               3
   78.0000000               3
   79.0000000               3
   80.0000000               3
   81.0000000               3
   82.0000000               3
   83.0000000               3
   84.0000000               4
   85.0000000               4
   86.0000000               4
   87.0000000               4
   88.0000000               4
   89.0000000               4
   90.0000000               4
   91.0000000               4
   92.0000000               4
   93.0000000               4
   94.0000000               4
   95.0000000               4
   96.0000000               4
   97.0000000               4
   98.0000000               4
   99.0000000               4
   100.000000               4
   101.000000               4
   102.000000               4
   103.000000               4
   104.000000               4
   105.000000               4
   106.000000               4
   107.000000               5
   108.000000               5
   109.000000               5
   110.000000               5
   111.000000               5
   112.000000               5
   113.000000               5
   114.000000               5
   115.000000               5
   116.000000               5
   117.000000               5
   118.000000               5
   119.000000               5
   120.000000               6
   121.000000               6
   122.000000               6
   123.000000               6
   124.000000               6
   125.000000               6
   126.000000               6
   127.000000               6
   128.000000               6
   129.000000               6
   130.000000               6
   131.000000               6
   132.000000               6
   133.000000               6
   134.000000               6
   135.000000               6
   136.000000               6
   137.000000               6
   138.000000               6
   139.000000               6
   140.000000               6
   141.000000               6
   142.000000               6
   143.000000               6
   144.000000               6
   145.000000               6
   146.000000               6
   147.000000               6
   148.000000               6
   149.000000               6
   150.000000               6
   151.000000               6
   152.000000               6
   153.000000               6
   154.000000               6
   155.000000               6
   156.000000               6
   157.000000               6
   158.000000               6
   159.000000               6
   160.000000               6
   161.000000               6
   162.000000               6
   163.000000               6
   164.000000               6
   165.000000               6
   166.000000               6
   167.000000               6
   168.000000               6
   169.000000               6
   170.000000               6
   171.000000               6
   172.000000               6
   173.000000               6
   174.000000               6
   175.000000               6
   176.000000               6
   177.000000               6
   178.000000               6
   179.000000               6
   180.000000               6
   181.000000               6
   182.000000               6
   183.000000               6
   184.000000               6
   185.000000               6
   186.000000               6
   187.000000               6
   188.000000               6
   189.000000               6
   190.000000               6
   191.000000               6
   192.000000               6
   193.000000               6
   194.000000               6
   195.000000               6
   196.000000               6
   197.000000               6
   198.000000               6
   199.000000               6
   200.000000               6
   201.000000               6
   202.000000               6
   203.000000               6
   204.000000               6
   205.000000               6
   206.000000               6
   207.000000               6
   208.000000               6
   209.000000               6
   210.000000               6
   211.000000               6
   212.000000               6
   213.000000               6
   214.000000               6
   215.000000               6
   216.000000               6
   217.000000               6
   218.000000               6
   219.000000               6
   220.000000               6
   221.000000               6
   222.000000               6
   223.000000               6
   224.000000               6
   225.000000               7
   226.000000               7
   227.000000               7
   228.000000               7
   229.000000               7
   230.000000               7
   231.000000               7
   232.000000               7
   233.000000               7
   234.000000               7
   235.000000               7
   236.000000               7
   237.000000               7
   238.000000               7
   239.000000               7
   240.000000               7
   241.000000               7
   242.000000               7
   243.000000               7
   244.000000               7
   245.000000               7
   246.000000               7
   247.000000               7
   248.000000               7
   249.000000               7
   250.000000               7
   251.000000               7
   252.000000               7
   253.000000               7
   254.000000               7
   255.000000               7
   256.000000               7
   257.000000               7
   258.000000               7
   259.000000               7
   260.000000               7
   261.000000               7
   262.000000               7
   263.000000               7
   264.000000               7
   265.000000               7
   266.000000               7
   267.000000               7
   268.000000               7
   269.000000               7
   270.000000               7
   271.000000               7
   272.000000               7
   273.000000               7
   274.000000               7
   275.000000               7
   276.000000               7
   277.000000               7
   278.000000               7
   279.000000               7
   280.000000               7
   281.000000               7
   282.000000               7
   283.000000               7
   284.000000               7
   285.000000               7
   286.000000               8
   287.000000               8
   288.000000               8
   289.000000               8
   290.000000               8
   291.000000               8
   292.000000               8
   293.000000               8
   294.000000               8
   295.000000               8
   296.000000               8
   297.000000               8
   298.000000               8
   299.000000               8
   300.000000               8
   301.000000               8
   302.000000               8
   303.000000               8
   304.000000               8
   305.000000               8
   306.000000               8
   307.000000               8
   308.000000               8
   309.000000               8
   310.000000               8
   311.000000               8
   312.000000               8
   313.000000               8
   314.000000               8
   315.000000               8
   316.000000               8
   317.000000               8
   318.000000               8
   319.000000               8
   320.000000               8
   321.000000               8
   322.000000               8
   323.000000               8
   324.000000               8
   325.000000               8
   326.000000               8
   327.000000               8
   328.000000               8
   329.000000               8
   330.000000               8
   331.000000               8
   332.000000               8
   333.000000               8
   334.000000               8
   335.000000               8
   336.000000               8
   337.000000               8
   338.000000               8
   339.000000               8
   340.000000               8
   341.000000               8
   342.000000               8
   343.000000               8
   344.000000               8
   345.000000               8
   346.000000               8
   347.000000               8
   348.000000               8
   349.000000               8
   350.000000               8
   351.000000               8
   352.000000               8
   353.000000               8
   354.000000               8
   355.000000               8
   356.000000               8
   357.000000               8
   358.000000               8
   359.000000               8
   360.000000               9
   361.000000               9
   362.000000               9
   363.000000               9
   364.000000               9
   365.000000               9
   366.000000               9
   367.000000               9
   368.000000               9
   369.000000               9
   370.000000               9
   371.000000              10
   372.000000              10
   373.000000              10
   374.000000              10
   375.000000              10
   376.000000              10
   377.000000              10
   378.000000              10
   379.000000              10
   380.000000              10
   381.000000              10
   382.000000              10
   383.000000              10
   384.000000              10
   385.000000              10
   386.000000              10
   387.000000              10
   388.000000              10
   389.000000              10
   390.000000              10
   391.000000              10
   392.000000              10
   393.000000              10
   394.000000              10
   395.000000              10
   396.000000              10
   397.000000              10
   398.000000              10
   399.000000              10
   400.000000              10
   401.000000              10
   402.000000              10
   403.000000              10
   404.000000              10
   405.000000              10
   406.000000              10
   407.000000              10
   408.000000              10
   409.000000              10
   410.000000              10
   411.000000              10
   412.000000              10
   413.000000              10
   414.000000              10
   415.000000              10
   416.000000              10
   417.000000              10
   418.000000              10
   419.000000              10
   420.000000              10
   421.000000              10
   422.000000              10
   423.000000              10
   424.000000              10
   425.000000              10
   426.000000              10
   427.000000              10
   428.000000              11
   429.000000              11
   430.000000              11
   431.000000              11
   432.000000              11
   433.000000              11
   434.000000              11
   435.000000              11
   436.000000              11
   437.000000              11
   438.000000              11
   439.000000              11
   440.000000              11
   441.000000              11
   442.000000              11
   443.000000              11
   444.000000              11
   445.000000              11
   446.000000              11
   447.000000              11
   448.000000              11
   449.000000              11
   450.000000              11
   451.000000              11
   452.000000              11
   453.000000              11
   454.000000              11
   455.000000              11
   456.000000              11
   457.000000              11
   458.000000              11
   459.000000              11
   460.000000              11
   461.000000              11
   462.000000              11
   463.000000              11
   464.000000              11
   465.000000              11
   466.000000              11
   467.000000              11
   468.000000              12
   469.000000              12
   470.000000              12
   471.000000              12
   472.000000              12
   473.000000              12
   474.000000              12
   475.000000              12
   476.000000              12
   477.000000              12
   478.000000              12
   479.000000              12
   480.000000              12
   481.000000              12
   482.000000              12
   483.000000              12
   484.000000              12
   485.000000              12
   486.000000              12
   487.000000              12
   488.000000              12
   489.000000              12
   490.000000              12
   491.000000              12
   492.000000              12
   493.000000              12
   494.000000              12
   495.000000              12
   496.000000              12
   497.000000              12
   498.000000              12
   499.000000              12
   500.000000              12
   501.000000              12
   502.000000              12
   503.000000              12
   504.000000              12
   505.000000              12
   506.000000              12
   507.000000              12
   508.000000              12
   509.000000              13
   510.000000              13
   511.000000              13
   512.000000              13
   513.000000              13
   514.000000              13
   515.000000              14
   516.000000              14
   517.000000              14
   518.000000              14
   519.000000              14
   520.000000              14
   521.000000              14
   522.000000              14
   523.000000              14
   524.000000              14
   525.000000              14
   526.000000              14
   527.000000              14
   528.000000              15
   529.000000              15
   530.000000              15
   531.000000              15
   532.000000              15
   533.000000              15
   534.000000              15
   535.000000              15
   536.000000              15
   537.000000              15
   538.000000              15
   539.000000              15
   540.000000              15
   541.000000              15
   542.000000              15
   543.000000              15
   544.000000              15
   545.000000              15
   546.000000              15
   547.000000              15
   548.000000              15
   549.000000              15
   550.000000              15
   551.000000              15
   552.000000              15
   553.000000              15
   554.000000              15
   555.000000              15
   556.000000              15
   557.000000              15
   558.000000              15
   559.000000              15
   560.000000              15
   561.000000              15
   562.000000              15
   563.000000              15
   564.000000              15
   565.000000              15
   566.000000              15
   567.000000              15
   568.000000              15
   569.000000              15
   570.000000              15
   571.000000              15
   572.000000              15
   573.000000              15
   574.000000              15
   575.000000              15
   576.000000              15
   577.000000              15
   578.000000              15
   579.000000              15
   580.000000              15
   581.000000              15
   582.000000              15
   583.000000              15
   584.000000              15
   585.000000              15
   586.000000              15
   587.000000              15
   588.000000              15
   589.000000              15
   590.000000              15
   591.000000              15
   592.000000              15
   593.000000              15
   594.000000              15
   595.000000              15
   596.000000              15
   597.000000              15
   598.000000              15
   599.000000              17
   600.000000              17
   601.000000              17
   602.000000              17
   603.000000              17
   604.000000              17
   605.000000              17
   606.000000              17
   607.000000              17
   608.000000              18
   609.000000              19
   610.000000              19
   611.000000              19
   612.000000              19
   613.000000              19
   614.000000              19
   615.000000              19
   616.000000              19
   617.000000              19
   618.000000              19
   619.000000              19
   620.000000              20
   621.000000              20
   622.000000              20
   623.000000              20
   624.000000              20
   625.000000              20
   626.000000              20
   627.000000              20
   628.000000              20
   629.000000              20
   630.000000              20
   631.000000              20
   632.000000              20
   633.000000              20
   634.000000              20
   635.000000              20
   636.000000              20
   637.000000              21
   638.000000              21
   639.000000              21
   640.000000              21
   641.000000              21
   642.000000              21
   643.000000              21
   644.000000              21
   645.000000              21
   646.000000              21
   647.000000              21
   648.000000              21
   649.000000              21
   650.000000              21
   651.000000              21
   652.000000              21
   653.000000              21
   654.000000              21
   655.000000              21
   656.000000              21
   657.000000              21
   658.000000              21
   659.000000              21
   660.000000              21
   661.000000              21
   662.000000              21
   663.000000              21
   664.000000              21
   665.000000              21
   666.000000              21
   667.000000              21
   668.000000              21
   669.000000              21
   670.000000              21
   671.000000              21
   672.000000              21
   673.000000              21
   674.000000              21
   675.000000              21
   676.000000              21
   677.000000              21
   678.000000              21
   679.000000              21
   680.000000              21
   681.000000              21
   682.000000              21
   683.000000              21
   684.000000              21
   685.000000              21
   686.000000              21
   687.000000              21
   688.000000              21
   689.000000              21
   690.000000              21
   691.000000              21
   692.000000              21
   693.000000              21
   694.000000              21
   695.000000              21
   696.000000              21
   697.000000              21
   698.000000              21
   699.000000              21
   700.000000              21
   701.000000              21
   702.000000              21
   703.000000              22
   704.000000              22
   705.000000              22
   706.000000              22
   707.000000              22
   708.000000              22
   709.000000              22
   710.000000              22
   711.000000              22
   712.000000              22
   713.000000              22
   714.000000              22
   715.000000              22
   716.000000              22
   717.000000              22
   718.000000              22
   719.000000              22
   720.000000              22
   721.000000              23
   722.000000              23
   723.000000              23
   724.000000              23
   725.000000              23
   726.000000              23
   727.000000              23
   728.000000              23
   729.000000              23
   730.000000              23
   731.000000              23
   732.000000              23
   733.000000              23
   734.000000              23
   735.000000              23
   736.000000              23
   737.000000              23
   738.000000              23
   739.000000              23
   740.000000              23
   741.000000              23
   742.000000              23
   743.000000              23
   744.000000              23
   745.000000              23
   746.000000              23
   747.000000              23
   748.000000              23
   749.000000              24
   750.000000              24
   751.000000              24
   752.000000              24
   753.000000              24
   754.000000              24
   755.000000              24
   756.000000              24
   757.000000              24
   758.000000              24
   759.000000              24
   760.000000              24
   761.000000              24
   762.000000              24
   763.000000              24
   764.000000              24
   765.000000              24
   766.000000              24
   767.000000              24
   768.000000              24
   769.000000              24
   770.000000              24
   771.000000              24
   772.000000              24
   773.000000              24
   774.000000              24
   775.000000              24
   776.000000              24
   777.000000              24
   778.000000              24
   779.000000              24
   780.000000              24
   781.000000              24
   782.000000              24
   783.000000              24
   784.000000              24
   785.000000              24
   786.000000              24
   787.000000              24
   788.000000              24
   789.000000              24
   790.000000              25
   791.000000              25
   792.000000              25
   793.000000              26
   794.000000              26
   795.000000              26
   796.000000              26
   797.000000              26
   798.000000              26
   799.000000              26
   800.000000              26
   801.000000              26
   802.000000              26
   803.000000              26
   804.000000              26
   805.000000              26
   806.000000              26
   807.000000              26
   808.000000              26
   809.000000              26
   810.000000              26
   811.000000              26
   812.000000              26
   813.000000              26
   814.000000              26
   815.000000              26
   816.000000              26
   817.000000              26
   818.000000              26
   819.000000              26
   820.000000              27
   821.000000              27
   822.000000              27
   823.000000              27
   824.000000              27
   825.000000              27
   826.000000              27
   827.000000              27
   828.000000              27
   829.000000              27
   830.000000              27
   831.000000              27
   832.000000              27
   833.000000              27
   834.000000              27
   835.000000              27
   836.000000              27
   837.000000              27
   838.000000              27
   839.000000              27
   840.000000              27
   841.000000              27
   842.000000              27
   843.000000              27
   844.000000              27
   845.000000              27
   846.000000              27
   847.000000              27
   848.000000              27
   849.000000              27
   850.000000              27
   851.000000              27
   852.000000              27
   853.000000              27
   854.000000              27
   855.000000              27
   856.000000              27
   857.000000              27
   858.000000              27
   859.000000              28
   860.000000              28
   861.000000              28
   862.000000              28
   863.000000              28
   864.000000              28
   865.000000              28
   866.000000              28
   867.000000              28
   868.000000              28
   869.000000              28
   870.000000              28
   871.000000              28
   872.000000              28
   873.000000              28
   874.000000              28
   875.000000              29
   876.000000              29
   877.000000              29
   878.000000              29
   879.000000              29
   880.000000              29
   881.000000              29
   882.000000              29
   883.000000              29
   884.000000              29
   885.000000              29
   886.000000              29
   887.000000              29
   888.000000              30
   889.000000              30
   890.000000              30
   891.000000              31
   892.000000              31
   893.000000              31
   894.000000              32
   895.000000              32
   896.000000              32
   897.000000              32
   898.000000              32
   899.000000              32
   900.000000              32
