 Permeation events over simulation time.
 t(ns) Number of events
   0.00000000               0
   1.00000000               0
   2.00000000               0
   3.00000000               0
   4.00000000               0
   5.00000000               0
   6.00000000               0
   7.00000000               0
   8.00000000               0
   9.00000000               0
   10.0000000               0
   11.0000000               0
   12.0000000               0
   13.0000000               0
   14.0000000               0
   15.0000000               0
   16.0000000               0
   17.0000000               0
   18.0000000               0
   19.0000000               0
   20.0000000               0
   21.0000000               0
   22.0000000               0
   23.0000000               0
   24.0000000               0
   25.0000000               0
   26.0000000               1
   27.0000000               2
   28.0000000               2
   29.0000000               2
   30.0000000               2
   31.0000000               2
   32.0000000               2
   33.0000000               2
   34.0000000               2
   35.0000000               2
   36.0000000               2
   37.0000000               2
   38.0000000               2
   39.0000000               2
   40.0000000               2
   41.0000000               3
   42.0000000               4
   43.0000000               4
   44.0000000               4
   45.0000000               4
   46.0000000               4
   47.0000000               4
   48.0000000               4
   49.0000000               4
   50.0000000               4
   51.0000000               4
   52.0000000               4
   53.0000000               4
   54.0000000               4
   55.0000000               4
   56.0000000               4
   57.0000000               5
   58.0000000               6
   59.0000000               6
   60.0000000               6
   61.0000000               6
   62.0000000               6
   63.0000000               6
   64.0000000               6
   65.0000000               6
   66.0000000               6
   67.0000000               6
   68.0000000               6
   69.0000000               6
   70.0000000               6
   71.0000000               7
   72.0000000               8
   73.0000000               8
   74.0000000               8
   75.0000000               8
   76.0000000               8
   77.0000000               8
   78.0000000               8
   79.0000000               8
   80.0000000               8
   81.0000000               8
   82.0000000               8
   83.0000000               8
   84.0000000               8
   85.0000000               8
   86.0000000               8
   87.0000000               8
   88.0000000               8
   89.0000000               8
   90.0000000               8
   91.0000000               8
   92.0000000               8
   93.0000000               8
   94.0000000               8
   95.0000000               8
   96.0000000               8
   97.0000000               8
   98.0000000               8
   99.0000000               8
   100.000000               8
   101.000000               8
   102.000000               8
   103.000000               8
   104.000000               9
   105.000000              10
   106.000000              10
   107.000000              10
   108.000000              10
   109.000000              10
   110.000000              10
   111.000000              10
   112.000000              10
   113.000000              10
   114.000000              10
   115.000000              10
   116.000000              10
   117.000000              10
   118.000000              10
   119.000000              10
   120.000000              10
   121.000000              10
   122.000000              10
   123.000000              10
   124.000000              10
   125.000000              10
   126.000000              10
   127.000000              10
   128.000000              10
   129.000000              10
   130.000000              10
   131.000000              10
   132.000000              10
   133.000000              10
   134.000000              10
   135.000000              10
   136.000000              10
   137.000000              10
   138.000000              10
   139.000000              10
   140.000000              10
   141.000000              10
   142.000000              10
   143.000000              10
   144.000000              10
   145.000000              10
   146.000000              10
   147.000000              10
   148.000000              10
   149.000000              10
   150.000000              10
   151.000000              10
   152.000000              10
   153.000000              10
   154.000000              10
   155.000000              10
   156.000000              10
   157.000000              10
   158.000000              10
   159.000000              10
   160.000000              10
   161.000000              10
   162.000000              10
   163.000000              10
   164.000000              10
   165.000000              10
   166.000000              10
   167.000000              10
   168.000000              10
   169.000000              10
   170.000000              10
   171.000000              10
   172.000000              10
   173.000000              10
   174.000000              10
   175.000000              10
   176.000000              10
   177.000000              10
   178.000000              10
   179.000000              10
   180.000000              10
   181.000000              10
   182.000000              10
   183.000000              10
   184.000000              10
   185.000000              10
   186.000000              10
   187.000000              10
   188.000000              10
   189.000000              10
   190.000000              10
   191.000000              10
   192.000000              10
   193.000000              10
   194.000000              11
   195.000000              12
   196.000000              12
   197.000000              12
   198.000000              12
   199.000000              12
   200.000000              12
   201.000000              12
   202.000000              12
   203.000000              12
   204.000000              12
   205.000000              12
   206.000000              12
   207.000000              12
   208.000000              12
   209.000000              12
   210.000000              12
   211.000000              12
   212.000000              12
   213.000000              12
   214.000000              12
   215.000000              12
   216.000000              12
   217.000000              12
   218.000000              13
   219.000000              13
   220.000000              13
   221.000000              15
   222.000000              17
   223.000000              17
   224.000000              17
   225.000000              17
   226.000000              17
   227.000000              17
   228.000000              17
   229.000000              17
   230.000000              17
   231.000000              17
   232.000000              17
   233.000000              17
   234.000000              17
   235.000000              17
   236.000000              17
   237.000000              17
   238.000000              17
   239.000000              17
   240.000000              17
   241.000000              17
   242.000000              17
   243.000000              17
   244.000000              17
   245.000000              19
   246.000000              21
   247.000000              21
   248.000000              21
   249.000000              21
   250.000000              21
   251.000000              21
   252.000000              21
   253.000000              21
   254.000000              21
   255.000000              21
   256.000000              21
   257.000000              21
   258.000000              21
   259.000000              21
   260.000000              21
   261.000000              21
   262.000000              21
   263.000000              21
   264.000000              21
   265.000000              21
   266.000000              21
   267.000000              21
   268.000000              21
   269.000000              21
   270.000000              21
   271.000000              21
   272.000000              21
   273.000000              21
   274.000000              21
   275.000000              21
   276.000000              21
   277.000000              21
   278.000000              21
   279.000000              21
   280.000000              21
   281.000000              21
   282.000000              21
   283.000000              21
   284.000000              21
   285.000000              21
   286.000000              21
   287.000000              21
   288.000000              21
   289.000000              21
   290.000000              22
   291.000000              23
   292.000000              23
   293.000000              23
   294.000000              23
   295.000000              23
   296.000000              24
   297.000000              25
   298.000000              25
   299.000000              25
   300.000000              27
   301.000000              29
   302.000000              29
   303.000000              29
   304.000000              29
   305.000000              29
   306.000000              29
   307.000000              29
   308.000000              29
   309.000000              29
   310.000000              29
   311.000000              29
   312.000000              29
   313.000000              29
   314.000000              29
   315.000000              29
   316.000000              29
   317.000000              29
   318.000000              29
   319.000000              29
   320.000000              29
   321.000000              29
   322.000000              29
   323.000000              29
   324.000000              29
   325.000000              29
   326.000000              29
   327.000000              29
   328.000000              29
   329.000000              29
   330.000000              29
   331.000000              29
   332.000000              29
   333.000000              29
   334.000000              29
   335.000000              29
   336.000000              29
   337.000000              29
   338.000000              29
   339.000000              29
   340.000000              29
   341.000000              29
   342.000000              29
   343.000000              29
   344.000000              29
   345.000000              29
   346.000000              29
   347.000000              29
   348.000000              29
   349.000000              29
   350.000000              29
   351.000000              29
   352.000000              29
   353.000000              29
   354.000000              29
   355.000000              29
   356.000000              29
   357.000000              29
   358.000000              29
   359.000000              29
   360.000000              29
   361.000000              29
   362.000000              29
   363.000000              29
   364.000000              29
   365.000000              29
   366.000000              29
   367.000000              30
   368.000000              31
   369.000000              31
   370.000000              31
   371.000000              31
   372.000000              31
   373.000000              31
   374.000000              31
   375.000000              31
   376.000000              32
   377.000000              33
   378.000000              33
   379.000000              34
   380.000000              35
   381.000000              35
   382.000000              35
   383.000000              35
   384.000000              35
   385.000000              35
   386.000000              35
   387.000000              35
   388.000000              35
   389.000000              35
   390.000000              35
   391.000000              35
   392.000000              35
   393.000000              35
   394.000000              35
   395.000000              35
   396.000000              36
   397.000000              37
   398.000000              37
   399.000000              37
   400.000000              37
   401.000000              37
   402.000000              37
   403.000000              37
   404.000000              37
   405.000000              37
   406.000000              37
   407.000000              37
   408.000000              37
   409.000000              37
   410.000000              37
   411.000000              37
   412.000000              37
   413.000000              37
   414.000000              37
   415.000000              37
   416.000000              37
   417.000000              37
   418.000000              37
   419.000000              37
   420.000000              37
   421.000000              37
   422.000000              37
   423.000000              37
   424.000000              37
   425.000000              37
   426.000000              37
   427.000000              37
   428.000000              37
   429.000000              37
   430.000000              37
   431.000000              37
   432.000000              37
   433.000000              37
   434.000000              37
   435.000000              37
   436.000000              37
   437.000000              37
   438.000000              37
   439.000000              37
   440.000000              37
   441.000000              37
   442.000000              38
   443.000000              39
   444.000000              39
   445.000000              39
   446.000000              39
   447.000000              39
   448.000000              39
   449.000000              39
   450.000000              39
   451.000000              39
   452.000000              39
   453.000000              39
   454.000000              39
   455.000000              39
   456.000000              39
   457.000000              39
   458.000000              39
   459.000000              39
   460.000000              39
   461.000000              39
   462.000000              39
   463.000000              39
   464.000000              39
   465.000000              39
   466.000000              39
   467.000000              39
   468.000000              39
   469.000000              39
   470.000000              39
   471.000000              39
   472.000000              39
   473.000000              39
   474.000000              39
   475.000000              39
   476.000000              39
   477.000000              39
   478.000000              39
   479.000000              39
   480.000000              39
   481.000000              39
   482.000000              39
   483.000000              40
   484.000000              41
   485.000000              41
   486.000000              41
   487.000000              41
   488.000000              41
   489.000000              41
   490.000000              41
   491.000000              41
   492.000000              41
   493.000000              41
   494.000000              41
   495.000000              41
   496.000000              41
   497.000000              41
   498.000000              41
   499.000000              41
   500.000000              41
   501.000000              41
   502.000000              41
   503.000000              41
   504.000000              41
   505.000000              41
   506.000000              41
   507.000000              41
   508.000000              41
   509.000000              41
   510.000000              41
   511.000000              41
   512.000000              41
   513.000000              41
   514.000000              41
   515.000000              41
   516.000000              41
   517.000000              41
   518.000000              41
   519.000000              41
   520.000000              41
   521.000000              41
   522.000000              41
   523.000000              41
   524.000000              41
   525.000000              41
   526.000000              41
   527.000000              41
   528.000000              41
   529.000000              41
   530.000000              41
   531.000000              41
   532.000000              41
   533.000000              41
   534.000000              41
   535.000000              41
   536.000000              41
   537.000000              41
   538.000000              41
   539.000000              41
   540.000000              41
   541.000000              41
   542.000000              41
   543.000000              41
   544.000000              41
   545.000000              41
   546.000000              41
   547.000000              41
   548.000000              41
   549.000000              41
   550.000000              42
   551.000000              43
   552.000000              43
   553.000000              43
   554.000000              43
   555.000000              43
   556.000000              43
   557.000000              43
   558.000000              43
   559.000000              43
   560.000000              43
   561.000000              43
   562.000000              43
   563.000000              43
   564.000000              43
   565.000000              43
   566.000000              43
   567.000000              43
   568.000000              43
   569.000000              43
   570.000000              43
   571.000000              43
   572.000000              43
   573.000000              43
   574.000000              43
   575.000000              43
   576.000000              43
   577.000000              43
   578.000000              43
   579.000000              43
   580.000000              43
   581.000000              43
   582.000000              43
   583.000000              43
   584.000000              43
   585.000000              43
   586.000000              43
   587.000000              43
   588.000000              43
   589.000000              43
   590.000000              43
   591.000000              43
   592.000000              43
   593.000000              43
   594.000000              43
   595.000000              43
   596.000000              43
   597.000000              43
   598.000000              43
   599.000000              43
   600.000000              43
   601.000000              43
   602.000000              43
   603.000000              43
   604.000000              43
   605.000000              43
   606.000000              43
   607.000000              43
   608.000000              43
   609.000000              43
   610.000000              43
   611.000000              43
   612.000000              43
   613.000000              43
   614.000000              43
   615.000000              43
   616.000000              43
   617.000000              43
   618.000000              43
   619.000000              43
   620.000000              43
   621.000000              43
   622.000000              43
   623.000000              43
   624.000000              43
   625.000000              43
   626.000000              43
   627.000000              43
   628.000000              43
   629.000000              43
   630.000000              44
   631.000000              45
   632.000000              45
   633.000000              45
   634.000000              45
   635.000000              45
   636.000000              45
   637.000000              45
   638.000000              45
   639.000000              45
   640.000000              45
   641.000000              45
   642.000000              45
   643.000000              45
   644.000000              45
   645.000000              45
   646.000000              45
   647.000000              45
   648.000000              45
   649.000000              46
   650.000000              47
   651.000000              48
   652.000000              49
   653.000000              49
   654.000000              49
   655.000000              49
   656.000000              49
   657.000000              49
   658.000000              49
   659.000000              49
   660.000000              49
   661.000000              49
   662.000000              49
   663.000000              49
   664.000000              49
   665.000000              49
   666.000000              49
   667.000000              49
   668.000000              49
   669.000000              49
   670.000000              49
   671.000000              49
   672.000000              49
   673.000000              49
   674.000000              49
   675.000000              50
   676.000000              51
   677.000000              51
   678.000000              51
   679.000000              51
   680.000000              51
   681.000000              51
   682.000000              51
   683.000000              51
   684.000000              51
   685.000000              51
   686.000000              51
   687.000000              51
   688.000000              51
   689.000000              51
   690.000000              51
   691.000000              51
   692.000000              51
   693.000000              51
   694.000000              51
   695.000000              51
   696.000000              51
   697.000000              51
   698.000000              51
   699.000000              51
   700.000000              51
   701.000000              51
   702.000000              51
   703.000000              51
   704.000000              51
   705.000000              51
   706.000000              51
   707.000000              51
   708.000000              51
   709.000000              51
   710.000000              51
   711.000000              51
   712.000000              51
   713.000000              51
   714.000000              51
   715.000000              51
   716.000000              51
   717.000000              51
   718.000000              51
   719.000000              51
   720.000000              51
   721.000000              51
   722.000000              51
   723.000000              51
   724.000000              52
   725.000000              53
   726.000000              53
   727.000000              53
   728.000000              53
   729.000000              53
   730.000000              53
   731.000000              53
   732.000000              53
   733.000000              53
   734.000000              53
   735.000000              53
   736.000000              53
   737.000000              53
   738.000000              53
   739.000000              53
   740.000000              53
   741.000000              53
   742.000000              53
   743.000000              53
   744.000000              53
   745.000000              53
   746.000000              53
   747.000000              54
   748.000000              54
   749.000000              54
   750.000000              54
   751.000000              54
   752.000000              54
   753.000000              54
   754.000000              54
   755.000000              54
   756.000000              54
   757.000000              54
   758.000000              54
   759.000000              54
   760.000000              54
   761.000000              54
   762.000000              54
   763.000000              54
   764.000000              54
   765.000000              54
   766.000000              54
   767.000000              54
   768.000000              54
   769.000000              54
   770.000000              54
   771.000000              54
   772.000000              54
   773.000000              55
   774.000000              56
   775.000000              56
   776.000000              56
   777.000000              56
   778.000000              56
   779.000000              56
   780.000000              56
   781.000000              56
   782.000000              56
   783.000000              56
   784.000000              56
   785.000000              56
   786.000000              56
   787.000000              56
   788.000000              56
   789.000000              56
   790.000000              56
   791.000000              56
   792.000000              56
   793.000000              56
   794.000000              56
   795.000000              56
   796.000000              56
   797.000000              56
   798.000000              56
   799.000000              56
   800.000000              56
