 Permeation events over simulation time.
 t(ns) Number of events
   0.00000000               0
   1.00000000               0
   2.00000000               0
   3.00000000               0
   4.00000000               0
   5.00000000               0
   6.00000000               0
   7.00000000               0
   8.00000000               0
   9.00000000               0
   10.0000000               0
   11.0000000               0
   12.0000000               0
   13.0000000               0
   14.0000000               0
   15.0000000               0
   16.0000000               0
   17.0000000               0
   18.0000000               0
   19.0000000               0
   20.0000000               0
   21.0000000               0
   22.0000000               0
   23.0000000               0
   24.0000000               0
   25.0000000               0
   26.0000000               0
   27.0000000               0
   28.0000000               0
   29.0000000               0
   30.0000000               0
   31.0000000               0
   32.0000000               0
   33.0000000               0
   34.0000000               0
   35.0000000               0
   36.0000000               0
   37.0000000               0
   38.0000000               0
   39.0000000               0
   40.0000000               0
   41.0000000               0
   42.0000000               0
   43.0000000               0
   44.0000000               0
   45.0000000               0
   46.0000000               0
   47.0000000               0
   48.0000000               0
   49.0000000               0
   50.0000000               0
   51.0000000               0
   52.0000000               0
   53.0000000               0
   54.0000000               0
   55.0000000               0
   56.0000000               0
   57.0000000               0
   58.0000000               0
   59.0000000               0
   60.0000000               0
   61.0000000               0
   62.0000000               0
   63.0000000               0
   64.0000000               0
   65.0000000               0
   66.0000000               0
   67.0000000               0
   68.0000000               0
   69.0000000               0
   70.0000000               0
   71.0000000               0
   72.0000000               0
   73.0000000               0
   74.0000000               0
   75.0000000               0
   76.0000000               0
   77.0000000               0
   78.0000000               0
   79.0000000               0
   80.0000000               0
   81.0000000               0
   82.0000000               0
   83.0000000               0
   84.0000000               0
   85.0000000               0
   86.0000000               0
   87.0000000               0
   88.0000000               0
   89.0000000               0
   90.0000000               0
   91.0000000               0
   92.0000000               0
   93.0000000               0
   94.0000000               0
   95.0000000               0
   96.0000000               0
   97.0000000               0
   98.0000000               0
   99.0000000               0
   100.000000               0
   101.000000               0
   102.000000               0
   103.000000               0
   104.000000               0
   105.000000               0
   106.000000               0
   107.000000               0
   108.000000               0
   109.000000               0
   110.000000               0
   111.000000               0
   112.000000               0
   113.000000               0
   114.000000               0
   115.000000               0
   116.000000               0
   117.000000               0
   118.000000               0
   119.000000               0
   120.000000               0
   121.000000               0
   122.000000               0
   123.000000               0
   124.000000               0
   125.000000               0
   126.000000               0
   127.000000               0
   128.000000               0
   129.000000               0
   130.000000               0
   131.000000               0
   132.000000               0
   133.000000               0
   134.000000               0
   135.000000               0
   136.000000               0
   137.000000               0
   138.000000               0
   139.000000               0
   140.000000               0
   141.000000               0
   142.000000               0
   143.000000               0
   144.000000               0
   145.000000               0
   146.000000               0
   147.000000               0
   148.000000               0
   149.000000               0
   150.000000               0
   151.000000               0
   152.000000               0
   153.000000               1
   154.000000               1
   155.000000               1
   156.000000               1
   157.000000               1
   158.000000               1
   159.000000               1
   160.000000               1
   161.000000               1
   162.000000               1
   163.000000               1
   164.000000               1
   165.000000               1
   166.000000               1
   167.000000               1
   168.000000               1
   169.000000               1
   170.000000               1
   171.000000               1
   172.000000               1
   173.000000               1
   174.000000               1
   175.000000               1
   176.000000               1
   177.000000               1
   178.000000               1
   179.000000               1
   180.000000               1
   181.000000               1
   182.000000               1
   183.000000               1
   184.000000               1
   185.000000               1
   186.000000               1
   187.000000               1
   188.000000               1
   189.000000               1
   190.000000               1
   191.000000               1
   192.000000               1
   193.000000               1
   194.000000               1
   195.000000               1
   196.000000               1
   197.000000               1
   198.000000               1
   199.000000               1
   200.000000               1
   201.000000               1
   202.000000               1
   203.000000               1
   204.000000               1
   205.000000               1
   206.000000               1
   207.000000               1
   208.000000               1
   209.000000               1
   210.000000               1
   211.000000               1
   212.000000               1
   213.000000               1
   214.000000               1
   215.000000               1
   216.000000               1
   217.000000               1
   218.000000               1
   219.000000               1
   220.000000               1
   221.000000               1
   222.000000               1
   223.000000               1
   224.000000               1
   225.000000               2
   226.000000               2
   227.000000               2
   228.000000               2
   229.000000               2
   230.000000               2
   231.000000               2
   232.000000               2
   233.000000               2
   234.000000               2
   235.000000               2
   236.000000               2
   237.000000               2
   238.000000               2
   239.000000               2
   240.000000               2
   241.000000               2
   242.000000               2
   243.000000               2
   244.000000               2
   245.000000               2
   246.000000               2
   247.000000               2
   248.000000               2
   249.000000               2
   250.000000               2
   251.000000               2
   252.000000               2
   253.000000               2
   254.000000               2
   255.000000               2
   256.000000               2
   257.000000               2
   258.000000               2
   259.000000               2
   260.000000               2
   261.000000               2
   262.000000               2
   263.000000               2
   264.000000               2
   265.000000               2
   266.000000               2
   267.000000               2
   268.000000               2
   269.000000               2
   270.000000               2
   271.000000               2
   272.000000               2
   273.000000               2
   274.000000               2
   275.000000               2
   276.000000               2
   277.000000               2
   278.000000               2
   279.000000               2
   280.000000               2
   281.000000               2
   282.000000               2
   283.000000               2
   284.000000               2
   285.000000               2
   286.000000               2
   287.000000               2
   288.000000               2
   289.000000               2
   290.000000               2
   291.000000               2
   292.000000               2
   293.000000               2
   294.000000               2
   295.000000               2
   296.000000               2
   297.000000               2
   298.000000               2
   299.000000               2
   300.000000               2
   301.000000               2
   302.000000               2
   303.000000               2
   304.000000               2
   305.000000               2
   306.000000               2
   307.000000               2
   308.000000               2
   309.000000               2
   310.000000               2
   311.000000               2
   312.000000               2
   313.000000               2
   314.000000               2
   315.000000               2
   316.000000               2
   317.000000               2
   318.000000               2
   319.000000               2
   320.000000               2
   321.000000               2
   322.000000               2
   323.000000               2
   324.000000               2
   325.000000               2
   326.000000               2
   327.000000               2
   328.000000               2
   329.000000               2
   330.000000               2
   331.000000               2
   332.000000               2
   333.000000               2
   334.000000               2
   335.000000               2
   336.000000               2
   337.000000               2
   338.000000               2
   339.000000               2
   340.000000               2
   341.000000               2
   342.000000               2
   343.000000               2
   344.000000               2
   345.000000               2
   346.000000               2
   347.000000               2
   348.000000               2
   349.000000               2
   350.000000               2
   351.000000               2
   352.000000               2
   353.000000               2
   354.000000               2
   355.000000               2
   356.000000               2
   357.000000               2
   358.000000               2
   359.000000               2
   360.000000               2
   361.000000               2
   362.000000               2
   363.000000               2
   364.000000               2
   365.000000               2
   366.000000               2
   367.000000               2
   368.000000               2
   369.000000               3
   370.000000               3
   371.000000               3
   372.000000               3
   373.000000               3
   374.000000               3
   375.000000               3
   376.000000               3
   377.000000               3
   378.000000               3
   379.000000               3
   380.000000               3
   381.000000               3
   382.000000               3
   383.000000               3
   384.000000               3
   385.000000               3
   386.000000               3
   387.000000               3
   388.000000               3
   389.000000               3
   390.000000               3
   391.000000               3
   392.000000               3
   393.000000               3
   394.000000               3
   395.000000               3
   396.000000               3
   397.000000               3
   398.000000               3
   399.000000               3
   400.000000               3
   401.000000               3
   402.000000               3
   403.000000               3
   404.000000               3
   405.000000               3
   406.000000               3
   407.000000               3
   408.000000               3
   409.000000               3
   410.000000               3
   411.000000               3
   412.000000               3
   413.000000               3
   414.000000               3
   415.000000               3
   416.000000               3
   417.000000               3
   418.000000               3
   419.000000               3
   420.000000               3
   421.000000               3
   422.000000               3
   423.000000               3
   424.000000               3
   425.000000               3
   426.000000               3
   427.000000               3
   428.000000               3
   429.000000               3
   430.000000               3
   431.000000               3
   432.000000               3
   433.000000               3
   434.000000               3
   435.000000               3
   436.000000               4
   437.000000               4
   438.000000               4
   439.000000               4
   440.000000               4
   441.000000               4
   442.000000               4
   443.000000               4
   444.000000               4
   445.000000               4
   446.000000               4
   447.000000               4
   448.000000               4
   449.000000               4
   450.000000               4
   451.000000               4
   452.000000               4
   453.000000               4
   454.000000               4
   455.000000               4
   456.000000               4
   457.000000               4
   458.000000               5
   459.000000               5
   460.000000               5
   461.000000               5
   462.000000               5
   463.000000               5
   464.000000               5
   465.000000               5
   466.000000               5
   467.000000               5
   468.000000               5
   469.000000               5
   470.000000               5
   471.000000               5
   472.000000               5
   473.000000               5
   474.000000               5
   475.000000               5
   476.000000               5
   477.000000               5
   478.000000               5
   479.000000               5
   480.000000               5
   481.000000               5
   482.000000               5
   483.000000               5
   484.000000               5
   485.000000               5
   486.000000               5
   487.000000               5
   488.000000               5
   489.000000               5
   490.000000               5
   491.000000               5
   492.000000               5
   493.000000               5
   494.000000               5
   495.000000               5
   496.000000               5
   497.000000               5
   498.000000               5
   499.000000               5
   500.000000               5
   501.000000               5
   502.000000               5
   503.000000               5
   504.000000               5
   505.000000               5
   506.000000               5
   507.000000               5
   508.000000               5
   509.000000               5
   510.000000               5
   511.000000               5
   512.000000               5
   513.000000               5
   514.000000               5
   515.000000               5
   516.000000               5
   517.000000               5
   518.000000               5
   519.000000               5
   520.000000               5
   521.000000               5
   522.000000               5
   523.000000               5
   524.000000               5
   525.000000               5
   526.000000               5
   527.000000               5
   528.000000               5
   529.000000               5
   530.000000               5
   531.000000               5
   532.000000               5
   533.000000               5
   534.000000               5
   535.000000               5
   536.000000               5
   537.000000               5
   538.000000               5
   539.000000               5
   540.000000               5
   541.000000               5
   542.000000               5
   543.000000               5
   544.000000               5
   545.000000               5
   546.000000               5
   547.000000               5
   548.000000               5
   549.000000               5
   550.000000               5
   551.000000               5
   552.000000               5
   553.000000               5
   554.000000               5
   555.000000               5
   556.000000               5
   557.000000               5
   558.000000               5
   559.000000               5
   560.000000               5
   561.000000               5
   562.000000               5
   563.000000               5
   564.000000               5
   565.000000               5
   566.000000               5
   567.000000               5
   568.000000               5
   569.000000               5
   570.000000               5
   571.000000               5
   572.000000               5
   573.000000               5
   574.000000               5
   575.000000               5
   576.000000               5
   577.000000               5
   578.000000               5
   579.000000               5
   580.000000               5
   581.000000               5
   582.000000               5
   583.000000               5
   584.000000               5
   585.000000               5
   586.000000               5
   587.000000               5
   588.000000               5
   589.000000               5
   590.000000               5
   591.000000               5
   592.000000               5
   593.000000               5
   594.000000               5
   595.000000               5
   596.000000               5
   597.000000               5
   598.000000               5
   599.000000               5
   600.000000               5
   601.000000               5
   602.000000               5
   603.000000               5
   604.000000               5
   605.000000               5
   606.000000               5
   607.000000               5
   608.000000               5
   609.000000               5
   610.000000               5
   611.000000               5
   612.000000               5
   613.000000               5
   614.000000               5
   615.000000               5
   616.000000               5
   617.000000               5
   618.000000               5
   619.000000               5
   620.000000               5
   621.000000               5
   622.000000               5
   623.000000               5
   624.000000               5
   625.000000               5
   626.000000               5
   627.000000               5
   628.000000               5
   629.000000               5
   630.000000               5
   631.000000               5
   632.000000               5
   633.000000               5
   634.000000               5
   635.000000               5
   636.000000               5
   637.000000               5
   638.000000               5
   639.000000               5
   640.000000               5
   641.000000               5
   642.000000               5
   643.000000               5
   644.000000               5
   645.000000               5
   646.000000               5
   647.000000               5
   648.000000               5
   649.000000               5
   650.000000               5
   651.000000               5
   652.000000               5
   653.000000               5
   654.000000               5
   655.000000               5
   656.000000               5
   657.000000               5
   658.000000               5
   659.000000               5
   660.000000               5
   661.000000               5
   662.000000               5
   663.000000               5
   664.000000               5
   665.000000               5
   666.000000               5
   667.000000               5
   668.000000               5
   669.000000               5
   670.000000               5
   671.000000               5
   672.000000               5
   673.000000               5
   674.000000               5
   675.000000               5
   676.000000               5
   677.000000               5
   678.000000               5
   679.000000               5
   680.000000               5
   681.000000               5
   682.000000               5
   683.000000               5
   684.000000               5
   685.000000               5
   686.000000               5
   687.000000               5
   688.000000               5
   689.000000               5
   690.000000               5
   691.000000               5
   692.000000               5
   693.000000               5
   694.000000               5
   695.000000               5
   696.000000               5
   697.000000               5
   698.000000               5
   699.000000               5
   700.000000               5
   701.000000               5
   702.000000               5
   703.000000               5
   704.000000               5
   705.000000               5
   706.000000               5
   707.000000               5
   708.000000               5
   709.000000               5
   710.000000               5
   711.000000               5
   712.000000               5
   713.000000               5
   714.000000               5
   715.000000               5
   716.000000               5
   717.000000               5
   718.000000               5
   719.000000               5
   720.000000               5
   721.000000               5
   722.000000               5
   723.000000               5
   724.000000               5
   725.000000               5
   726.000000               5
   727.000000               5
   728.000000               5
   729.000000               5
   730.000000               5
   731.000000               5
   732.000000               5
   733.000000               5
   734.000000               5
   735.000000               5
   736.000000               5
   737.000000               5
   738.000000               5
   739.000000               5
   740.000000               5
   741.000000               5
   742.000000               5
   743.000000               5
   744.000000               5
   745.000000               5
   746.000000               5
   747.000000               5
   748.000000               5
   749.000000               5
   750.000000               5
   751.000000               5
   752.000000               5
   753.000000               5
   754.000000               5
   755.000000               5
   756.000000               5
   757.000000               5
   758.000000               5
   759.000000               5
   760.000000               5
   761.000000               5
   762.000000               5
   763.000000               5
   764.000000               5
   765.000000               5
   766.000000               5
   767.000000               5
   768.000000               5
   769.000000               5
   770.000000               5
   771.000000               5
   772.000000               5
   773.000000               5
   774.000000               5
   775.000000               5
   776.000000               5
   777.000000               5
   778.000000               5
   779.000000               5
   780.000000               5
   781.000000               5
   782.000000               5
   783.000000               5
   784.000000               5
   785.000000               5
   786.000000               5
   787.000000               5
   788.000000               5
   789.000000               5
   790.000000               5
   791.000000               5
   792.000000               5
   793.000000               5
   794.000000               5
   795.000000               5
   796.000000               5
   797.000000               5
   798.000000               5
   799.000000               5
   800.000000               5
   801.000000               5
   802.000000               5
   803.000000               5
   804.000000               5
   805.000000               5
   806.000000               5
   807.000000               5
   808.000000               5
   809.000000               5
   810.000000               5
   811.000000               5
   812.000000               5
   813.000000               5
   814.000000               5
   815.000000               5
   816.000000               5
   817.000000               5
   818.000000               5
   819.000000               5
   820.000000               5
   821.000000               5
   822.000000               5
   823.000000               5
   824.000000               5
   825.000000               5
   826.000000               5
   827.000000               6
   828.000000               6
   829.000000               6
   830.000000               6
   831.000000               6
   832.000000               6
   833.000000               6
   834.000000               6
   835.000000               6
   836.000000               6
   837.000000               6
   838.000000               6
   839.000000               6
   840.000000               6
   841.000000               6
   842.000000               6
   843.000000               6
   844.000000               6
   845.000000               6
   846.000000               6
   847.000000               6
   848.000000               6
   849.000000               6
   850.000000               6
   851.000000               6
   852.000000               6
   853.000000               6
   854.000000               6
   855.000000               6
   856.000000               6
   857.000000               6
   858.000000               6
   859.000000               6
   860.000000               6
   861.000000               6
   862.000000               6
   863.000000               6
   864.000000               6
   865.000000               6
   866.000000               6
   867.000000               6
   868.000000               6
   869.000000               6
   870.000000               6
   871.000000               6
   872.000000               6
   873.000000               6
   874.000000               6
   875.000000               6
   876.000000               6
   877.000000               6
   878.000000               6
   879.000000               6
   880.000000               6
   881.000000               6
   882.000000               6
   883.000000               6
   884.000000               6
   885.000000               6
   886.000000               6
   887.000000               6
   888.000000               6
   889.000000               6
   890.000000               6
   891.000000               6
   892.000000               6
   893.000000               6
   894.000000               6
   895.000000               6
   896.000000               6
   897.000000               6
   898.000000               6
   899.000000               6
   900.000000               6
   901.000000               6
   902.000000               6
   903.000000               6
   904.000000               6
   905.000000               6
   906.000000               6
   907.000000               6
   908.000000               6
   909.000000               6
   910.000000               6
   911.000000               6
   912.000000               6
   913.000000               6
   914.000000               6
   915.000000               6
   916.000000               6
   917.000000               6
   918.000000               6
   919.000000               6
   920.000000               6
   921.000000               6
   922.000000               6
   923.000000               6
   924.000000               6
   925.000000               6
   926.000000               6
   927.000000               6
   928.000000               6
   929.000000               6
   930.000000               6
   931.000000               6
   932.000000               6
   933.000000               6
   934.000000               6
   935.000000               6
   936.000000               6
   937.000000               6
   938.000000               6
   939.000000               6
   940.000000               6
   941.000000               6
   942.000000               6
   943.000000               6
   944.000000               6
   945.000000               6
   946.000000               6
   947.000000               6
   948.000000               6
   949.000000               6
   950.000000               6
   951.000000               6
   952.000000               6
   953.000000               6
   954.000000               6
   955.000000               6
   956.000000               6
   957.000000               6
   958.000000               6
   959.000000               6
   960.000000               7
   961.000000               7
   962.000000               7
   963.000000               7
   964.000000               7
   965.000000               7
   966.000000               7
   967.000000               7
   968.000000               7
   969.000000               7
   970.000000               7
   971.000000               7
   972.000000               7
   973.000000               7
   974.000000               7
   975.000000               7
   976.000000               7
   977.000000               7
   978.000000               7
   979.000000               7
   980.000000               7
   981.000000               7
   982.000000               7
   983.000000               7
   984.000000               7
   985.000000               7
   986.000000               7
   987.000000               7
   988.000000               7
   989.000000               7
   990.000000               7
   991.000000               7
   992.000000               7
   993.000000               7
   994.000000               7
   995.000000               7
   996.000000               7
   997.000000               7
   998.000000               7
   999.000000               7
   1000.00000               7
