 Permeation events over simulation time.
 t(ns) Number of events
   0.00000000               0
   1.00000000               0
   2.00000000               0
   3.00000000               1
   4.00000000               1
   5.00000000               1
   6.00000000               1
   7.00000000               2
   8.00000000               3
   9.00000000               4
   10.0000000               5
   11.0000000               5
   12.0000000               5
   13.0000000               5
   14.0000000               5
   15.0000000               5
   16.0000000               5
   17.0000000               6
   18.0000000               7
   19.0000000               7
   20.0000000               7
   21.0000000               7
   22.0000000               7
   23.0000000               7
   24.0000000               7
   25.0000000               7
   26.0000000               7
   27.0000000               7
   28.0000000               7
   29.0000000               8
   30.0000000               8
   31.0000000               8
   32.0000000               8
   33.0000000               8
   34.0000000               8
   35.0000000               9
   36.0000000              10
   37.0000000              10
   38.0000000              10
   39.0000000              10
   40.0000000              10
   41.0000000              10
   42.0000000              11
   43.0000000              12
   44.0000000              14
   45.0000000              16
   46.0000000              16
   47.0000000              16
   48.0000000              16
   49.0000000              16
   50.0000000              16
   51.0000000              16
   52.0000000              16
   53.0000000              16
   54.0000000              16
   55.0000000              16
   56.0000000              16
   57.0000000              16
   58.0000000              16
   59.0000000              16
   60.0000000              17
   61.0000000              17
   62.0000000              17
   63.0000000              17
   64.0000000              18
   65.0000000              18
   66.0000000              18
   67.0000000              18
   68.0000000              18
   69.0000000              19
   70.0000000              20
   71.0000000              22
   72.0000000              24
   73.0000000              24
   74.0000000              24
   75.0000000              24
   76.0000000              24
   77.0000000              24
   78.0000000              24
   79.0000000              24
   80.0000000              24
   81.0000000              25
   82.0000000              26
   83.0000000              26
   84.0000000              26
   85.0000000              26
   86.0000000              26
   87.0000000              26
   88.0000000              26
   89.0000000              26
   90.0000000              26
   91.0000000              27
   92.0000000              28
   93.0000000              28
   94.0000000              30
   95.0000000              32
   96.0000000              32
   97.0000000              32
   98.0000000              32
   99.0000000              32
   100.000000              32
   101.000000              32
   102.000000              32
   103.000000              32
   104.000000              32
   105.000000              32
   106.000000              32
   107.000000              32
   108.000000              32
   109.000000              32
   110.000000              32
   111.000000              32
   112.000000              32
   113.000000              32
   114.000000              33
   115.000000              35
   116.000000              36
   117.000000              36
   118.000000              36
   119.000000              36
   120.000000              36
   121.000000              36
   122.000000              36
   123.000000              36
   124.000000              36
   125.000000              36
   126.000000              36
   127.000000              36
   128.000000              36
   129.000000              36
   130.000000              36
   131.000000              36
   132.000000              36
   133.000000              36
   134.000000              36
   135.000000              36
   136.000000              36
   137.000000              36
   138.000000              36
   139.000000              36
   140.000000              36
   141.000000              36
   142.000000              36
   143.000000              37
   144.000000              37
   145.000000              37
   146.000000              37
   147.000000              37
   148.000000              37
   149.000000              37
   150.000000              37
   151.000000              38
   152.000000              39
   153.000000              39
   154.000000              39
   155.000000              39
   156.000000              40
   157.000000              40
   158.000000              40
   159.000000              40
   160.000000              41
   161.000000              41
   162.000000              41
   163.000000              41
   164.000000              41
   165.000000              42
   166.000000              43
   167.000000              43
   168.000000              43
   169.000000              43
   170.000000              43
   171.000000              43
   172.000000              43
   173.000000              43
   174.000000              43
   175.000000              43
   176.000000              43
   177.000000              43
   178.000000              43
   179.000000              43
   180.000000              43
   181.000000              43
   182.000000              43
   183.000000              43
   184.000000              43
   185.000000              43
   186.000000              43
   187.000000              43
   188.000000              43
   189.000000              44
   190.000000              44
   191.000000              44
   192.000000              44
   193.000000              44
   194.000000              45
   195.000000              46
   196.000000              47
   197.000000              48
   198.000000              49
   199.000000              51
   200.000000              53
   201.000000              53
   202.000000              53
   203.000000              53
   204.000000              53
   205.000000              53
   206.000000              53
   207.000000              53
   208.000000              53
   209.000000              53
   210.000000              53
   211.000000              53
   212.000000              53
   213.000000              53
   214.000000              53
   215.000000              54
   216.000000              55
   217.000000              55
   218.000000              55
   219.000000              55
   220.000000              55
   221.000000              55
   222.000000              55
   223.000000              55
   224.000000              55
   225.000000              55
   226.000000              56
   227.000000              56
   228.000000              57
   229.000000              58
   230.000000              58
   231.000000              58
   232.000000              58
   233.000000              58
   234.000000              58
   235.000000              58
   236.000000              58
   237.000000              58
   238.000000              58
   239.000000              58
   240.000000              58
   241.000000              58
   242.000000              58
   243.000000              58
   244.000000              58
   245.000000              58
   246.000000              58
   247.000000              58
   248.000000              58
   249.000000              58
   250.000000              59
   251.000000              60
   252.000000              60
   253.000000              60
   254.000000              60
   255.000000              61
   256.000000              61
   257.000000              61
   258.000000              61
   259.000000              61
   260.000000              61
   261.000000              61
   262.000000              61
   263.000000              61
   264.000000              61
   265.000000              61
   266.000000              62
   267.000000              62
   268.000000              63
   269.000000              64
   270.000000              64
   271.000000              64
   272.000000              64
   273.000000              64
   274.000000              64
   275.000000              64
   276.000000              64
   277.000000              64
   278.000000              65
   279.000000              66
   280.000000              67
   281.000000              68
   282.000000              68
   283.000000              71
   284.000000              74
   285.000000              75
   286.000000              76
   287.000000              76
   288.000000              76
   289.000000              76
   290.000000              77
   291.000000              78
   292.000000              78
   293.000000              78
   294.000000              78
   295.000000              78
   296.000000              78
   297.000000              78
   298.000000              78
   299.000000              78
   300.000000              78
   301.000000              78
   302.000000              78
   303.000000              78
   304.000000              78
   305.000000              78
   306.000000              78
   307.000000              78
   308.000000              78
   309.000000              78
   310.000000              78
   311.000000              78
   312.000000              78
   313.000000              78
   314.000000              78
   315.000000              78
   316.000000              78
   317.000000              79
   318.000000              79
   319.000000              79
   320.000000              80
   321.000000              80
   322.000000              80
   323.000000              80
   324.000000              80
   325.000000              80
   326.000000              80
   327.000000              80
   328.000000              80
   329.000000              81
   330.000000              81
   331.000000              81
   332.000000              81
   333.000000              81
   334.000000              81
   335.000000              81
   336.000000              81
   337.000000              81
   338.000000              81
   339.000000              81
   340.000000              81
   341.000000              81
   342.000000              81
   343.000000              81
   344.000000              81
   345.000000              81
   346.000000              81
   347.000000              81
   348.000000              81
   349.000000              81
   350.000000              81
   351.000000              81
   352.000000              82
   353.000000              83
   354.000000              83
   355.000000              83
   356.000000              83
   357.000000              83
   358.000000              83
   359.000000              83
   360.000000              83
   361.000000              83
   362.000000              83
   363.000000              84
   364.000000              85
   365.000000              85
   366.000000              85
   367.000000              85
   368.000000              85
   369.000000              85
   370.000000              85
   371.000000              85
   372.000000              85
   373.000000              85
   374.000000              85
   375.000000              85
   376.000000              87
   377.000000              90
   378.000000              91
   379.000000              91
   380.000000              92
   381.000000              93
   382.000000              93
   383.000000              93
   384.000000              93
   385.000000              93
   386.000000              93
   387.000000              93
   388.000000              93
   389.000000              93
   390.000000              93
   391.000000              94
   392.000000              96
   393.000000              97
   394.000000              97
   395.000000              97
   396.000000              98
   397.000000              98
   398.000000              98
   399.000000              98
   400.000000              99
   401.000000             100
   402.000000             101
   403.000000             102
   404.000000             102
   405.000000             102
   406.000000             103
   407.000000             105
   408.000000             105
   409.000000             106
   410.000000             107
   411.000000             107
   412.000000             107
   413.000000             107
   414.000000             107
   415.000000             107
   416.000000             107
   417.000000             108
   418.000000             108
   419.000000             108
   420.000000             108
   421.000000             108
   422.000000             108
   423.000000             108
   424.000000             108
   425.000000             108
   426.000000             109
   427.000000             110
   428.000000             110
   429.000000             111
   430.000000             113
   431.000000             114
   432.000000             114
   433.000000             114
   434.000000             114
   435.000000             114
   436.000000             114
   437.000000             114
   438.000000             114
   439.000000             114
   440.000000             114
   441.000000             115
   442.000000             116
   443.000000             116
   444.000000             116
   445.000000             116
   446.000000             116
   447.000000             116
   448.000000             117
   449.000000             117
   450.000000             117
   451.000000             117
   452.000000             117
   453.000000             117
   454.000000             117
   455.000000             117
   456.000000             117
   457.000000             117
   458.000000             117
   459.000000             117
   460.000000             117
   461.000000             117
   462.000000             117
   463.000000             117
   464.000000             117
   465.000000             117
   466.000000             117
   467.000000             117
   468.000000             117
   469.000000             117
   470.000000             117
   471.000000             117
   472.000000             117
   473.000000             118
   474.000000             118
   475.000000             118
   476.000000             118
   477.000000             118
   478.000000             118
   479.000000             118
   480.000000             119
   481.000000             120
   482.000000             120
   483.000000             120
   484.000000             121
   485.000000             123
   486.000000             124
   487.000000             124
   488.000000             124
   489.000000             124
   490.000000             124
   491.000000             124
   492.000000             124
   493.000000             124
   494.000000             124
   495.000000             124
   496.000000             124
   497.000000             124
   498.000000             124
   499.000000             124
   500.000000             124
   501.000000             124
   502.000000             124
   503.000000             124
   504.000000             125
   505.000000             126
   506.000000             126
   507.000000             126
   508.000000             126
   509.000000             126
   510.000000             126
   511.000000             126
   512.000000             126
   513.000000             126
   514.000000             126
   515.000000             126
   516.000000             126
   517.000000             126
   518.000000             126
   519.000000             126
   520.000000             126
   521.000000             126
   522.000000             126
   523.000000             126
   524.000000             126
   525.000000             126
   526.000000             126
   527.000000             126
   528.000000             126
   529.000000             126
   530.000000             126
   531.000000             127
   532.000000             128
   533.000000             128
   534.000000             129
   535.000000             129
   536.000000             129
   537.000000             129
   538.000000             129
   539.000000             129
   540.000000             129
   541.000000             129
   542.000000             129
   543.000000             129
   544.000000             129
   545.000000             129
   546.000000             129
   547.000000             129
   548.000000             129
   549.000000             129
   550.000000             129
   551.000000             129
   552.000000             129
   553.000000             130
   554.000000             131
   555.000000             131
   556.000000             131
   557.000000             131
   558.000000             131
   559.000000             131
   560.000000             132
   561.000000             132
   562.000000             132
   563.000000             132
   564.000000             132
   565.000000             132
   566.000000             132
   567.000000             132
   568.000000             132
   569.000000             134
   570.000000             134
   571.000000             134
   572.000000             134
   573.000000             134
   574.000000             134
   575.000000             134
   576.000000             134
   577.000000             134
   578.000000             134
   579.000000             134
   580.000000             134
   581.000000             134
   582.000000             134
   583.000000             134
   584.000000             134
   585.000000             134
   586.000000             134
   587.000000             134
   588.000000             134
   589.000000             135
   590.000000             136
   591.000000             138
   592.000000             140
   593.000000             140
   594.000000             140
   595.000000             140
   596.000000             140
   597.000000             141
   598.000000             142
   599.000000             142
   600.000000             142
   601.000000             142
   602.000000             143
   603.000000             144
   604.000000             144
   605.000000             144
   606.000000             144
   607.000000             145
   608.000000             145
   609.000000             145
   610.000000             145
   611.000000             145
   612.000000             145
   613.000000             145
   614.000000             146
   615.000000             147
   616.000000             147
   617.000000             147
   618.000000             147
   619.000000             147
   620.000000             147
   621.000000             147
   622.000000             147
   623.000000             147
   624.000000             147
   625.000000             147
   626.000000             148
   627.000000             150
   628.000000             150
   629.000000             150
   630.000000             150
   631.000000             150
   632.000000             150
   633.000000             150
   634.000000             150
   635.000000             150
   636.000000             150
   637.000000             150
   638.000000             150
   639.000000             150
   640.000000             150
   641.000000             150
   642.000000             150
   643.000000             150
   644.000000             150
   645.000000             150
   646.000000             150
   647.000000             150
   648.000000             150
   649.000000             150
   650.000000             150
   651.000000             150
   652.000000             151
   653.000000             152
   654.000000             152
   655.000000             152
   656.000000             153
   657.000000             154
   658.000000             154
   659.000000             154
   660.000000             154
   661.000000             154
   662.000000             154
   663.000000             154
   664.000000             154
   665.000000             154
   666.000000             154
   667.000000             155
   668.000000             157
   669.000000             158
   670.000000             159
   671.000000             159
   672.000000             159
   673.000000             159
   674.000000             160
   675.000000             160
   676.000000             160
   677.000000             160
   678.000000             160
   679.000000             160
   680.000000             160
   681.000000             160
   682.000000             161
   683.000000             165
   684.000000             168
   685.000000             168
   686.000000             168
   687.000000             168
   688.000000             168
   689.000000             168
   690.000000             168
   691.000000             168
   692.000000             168
   693.000000             168
   694.000000             168
   695.000000             168
   696.000000             168
   697.000000             168
   698.000000             168
   699.000000             168
   700.000000             168
   701.000000             168
   702.000000             168
   703.000000             168
   704.000000             170
   705.000000             172
   706.000000             172
   707.000000             172
   708.000000             172
   709.000000             172
   710.000000             172
   711.000000             172
   712.000000             172
   713.000000             172
   714.000000             172
   715.000000             172
   716.000000             172
   717.000000             172
   718.000000             172
   719.000000             172
   720.000000             172
   721.000000             172
   722.000000             172
   723.000000             172
   724.000000             172
   725.000000             172
   726.000000             172
   727.000000             172
   728.000000             172
   729.000000             172
   730.000000             172
   731.000000             172
   732.000000             172
   733.000000             172
   734.000000             172
   735.000000             172
   736.000000             172
   737.000000             172
   738.000000             172
   739.000000             172
   740.000000             172
   741.000000             172
   742.000000             173
   743.000000             174
   744.000000             175
   745.000000             175
   746.000000             176
   747.000000             177
   748.000000             177
   749.000000             178
   750.000000             178
   751.000000             178
   752.000000             178
   753.000000             178
   754.000000             178
   755.000000             179
   756.000000             180
   757.000000             180
   758.000000             180
   759.000000             183
   760.000000             185
   761.000000             186
   762.000000             189
   763.000000             192
   764.000000             192
   765.000000             192
   766.000000             192
   767.000000             192
   768.000000             192
   769.000000             192
   770.000000             192
   771.000000             192
   772.000000             193
   773.000000             194
   774.000000             194
   775.000000             194
   776.000000             195
   777.000000             196
   778.000000             196
   779.000000             196
   780.000000             196
   781.000000             197
   782.000000             198
   783.000000             198
   784.000000             198
   785.000000             198
   786.000000             198
   787.000000             198
   788.000000             198
   789.000000             198
   790.000000             198
   791.000000             198
   792.000000             198
   793.000000             198
   794.000000             198
   795.000000             198
   796.000000             198
   797.000000             198
   798.000000             198
   799.000000             198
   800.000000             198
   801.000000             198
   802.000000             198
   803.000000             198
   804.000000             198
   805.000000             198
   806.000000             198
   807.000000             198
   808.000000             198
   809.000000             198
   810.000000             198
   811.000000             198
   812.000000             198
   813.000000             198
   814.000000             198
   815.000000             198
   816.000000             198
   817.000000             198
   818.000000             198
   819.000000             198
   820.000000             198
   821.000000             198
   822.000000             198
   823.000000             199
   824.000000             200
   825.000000             200
   826.000000             200
   827.000000             200
   828.000000             200
   829.000000             200
   830.000000             200
   831.000000             200
   832.000000             200
   833.000000             201
   834.000000             202
   835.000000             202
   836.000000             202
   837.000000             202
   838.000000             202
   839.000000             202
   840.000000             202
   841.000000             202
   842.000000             202
   843.000000             205
   844.000000             206
   845.000000             207
   846.000000             208
   847.000000             208
   848.000000             210
   849.000000             212
   850.000000             212
   851.000000             212
   852.000000             212
   853.000000             212
   854.000000             212
   855.000000             212
   856.000000             212
   857.000000             212
   858.000000             213
   859.000000             214
   860.000000             214
   861.000000             214
   862.000000             214
   863.000000             214
   864.000000             215
   865.000000             216
   866.000000             216
   867.000000             216
   868.000000             216
   869.000000             217
   870.000000             218
   871.000000             218
   872.000000             219
   873.000000             219
   874.000000             219
   875.000000             219
   876.000000             219
   877.000000             219
   878.000000             219
   879.000000             219
   880.000000             221
   881.000000             223
   882.000000             224
   883.000000             226
   884.000000             227
   885.000000             227
   886.000000             228
   887.000000             229
   888.000000             229
   889.000000             229
   890.000000             229
   891.000000             229
   892.000000             229
   893.000000             229
   894.000000             229
   895.000000             229
   896.000000             229
   897.000000             229
   898.000000             229
   899.000000             229
   900.000000             229
   901.000000             229
   902.000000             229
   903.000000             230
   904.000000             231
   905.000000             232
   906.000000             233
   907.000000             233
   908.000000             233
   909.000000             233
   910.000000             233
   911.000000             233
   912.000000             233
   913.000000             233
   914.000000             233
   915.000000             233
   916.000000             233
   917.000000             234
   918.000000             235
   919.000000             236
   920.000000             237
   921.000000             237
   922.000000             238
   923.000000             238
   924.000000             238
   925.000000             238
   926.000000             238
   927.000000             238
   928.000000             238
   929.000000             238
   930.000000             238
   931.000000             238
   932.000000             238
   933.000000             238
   934.000000             238
   935.000000             238
   936.000000             238
   937.000000             238
   938.000000             238
   939.000000             238
   940.000000             238
   941.000000             238
   942.000000             238
   943.000000             238
   944.000000             238
   945.000000             238
   946.000000             238
   947.000000             239
   948.000000             241
   949.000000             242
   950.000000             242
   951.000000             242
   952.000000             242
   953.000000             242
   954.000000             243
   955.000000             244
   956.000000             245
   957.000000             245
   958.000000             245
   959.000000             245
   960.000000             246
   961.000000             247
   962.000000             247
   963.000000             247
   964.000000             248
   965.000000             248
   966.000000             251
   967.000000             254
   968.000000             254
   969.000000             255
   970.000000             255
   971.000000             256
   972.000000             257
   973.000000             257
   974.000000             257
   975.000000             257
   976.000000             257
   977.000000             257
   978.000000             257
   979.000000             257
   980.000000             257
   981.000000             257
   982.000000             257
   983.000000             257
   984.000000             257
   985.000000             257
   986.000000             258
   987.000000             258
   988.000000             258
   989.000000             259
   990.000000             259
   991.000000             259
   992.000000             259
   993.000000             259
   994.000000             259
   995.000000             260
   996.000000             260
   997.000000             260
   998.000000             260
   999.000000             260
   1000.00000             260
