 Permeation events over simulation time.
 t(ns) Number of events
   0.00000000               0
   1.00000000               0
   2.00000000               0
   3.00000000               0
   4.00000000               0
   5.00000000               0
   6.00000000               0
   7.00000000               0
   8.00000000               0
   9.00000000               0
   10.0000000               0
   11.0000000               0
   12.0000000               0
   13.0000000               0
   14.0000000               0
   15.0000000               0
   16.0000000               0
   17.0000000               0
   18.0000000               0
   19.0000000               0
   20.0000000               0
   21.0000000               0
   22.0000000               0
   23.0000000               0
   24.0000000               0
   25.0000000               0
   26.0000000               0
   27.0000000               0
   28.0000000               0
   29.0000000               0
   30.0000000               0
   31.0000000               0
   32.0000000               0
   33.0000000               0
   34.0000000               0
   35.0000000               0
   36.0000000               0
   37.0000000               0
   38.0000000               0
   39.0000000               0
   40.0000000               0
   41.0000000               0
   42.0000000               0
   43.0000000               0
   44.0000000               0
   45.0000000               0
   46.0000000               0
   47.0000000               0
   48.0000000               0
   49.0000000               0
   50.0000000               0
   51.0000000               0
   52.0000000               0
   53.0000000               0
   54.0000000               0
   55.0000000               0
   56.0000000               0
   57.0000000               0
   58.0000000               0
   59.0000000               0
   60.0000000               0
   61.0000000               0
   62.0000000               0
   63.0000000               0
   64.0000000               0
   65.0000000               0
   66.0000000               0
   67.0000000               0
   68.0000000               0
   69.0000000               0
   70.0000000               0
   71.0000000               0
   72.0000000               0
   73.0000000               0
   74.0000000               0
   75.0000000               0
   76.0000000               0
   77.0000000               1
   78.0000000               2
   79.0000000               3
   80.0000000               3
   81.0000000               3
   82.0000000               3
   83.0000000               3
   84.0000000               3
   85.0000000               4
   86.0000000               5
   87.0000000               5
   88.0000000               5
   89.0000000               5
   90.0000000               5
   91.0000000               5
   92.0000000               5
   93.0000000               5
   94.0000000               5
   95.0000000               5
   96.0000000               5
   97.0000000               5
   98.0000000               5
   99.0000000               5
   100.000000               5
   101.000000               5
   102.000000               5
   103.000000               5
   104.000000               5
   105.000000               5
   106.000000               5
   107.000000               5
   108.000000               5
   109.000000               5
   110.000000               5
   111.000000               5
   112.000000               5
   113.000000               5
   114.000000               5
   115.000000               5
   116.000000               5
   117.000000               5
   118.000000               5
   119.000000               5
   120.000000               5
   121.000000               5
   122.000000               5
   123.000000               5
   124.000000               5
   125.000000               5
   126.000000               5
   127.000000               5
   128.000000               5
   129.000000               5
   130.000000               5
   131.000000               5
   132.000000               5
   133.000000               5
   134.000000               5
   135.000000               5
   136.000000               5
   137.000000               5
   138.000000               5
   139.000000               5
   140.000000               5
   141.000000               5
   142.000000               5
   143.000000               5
   144.000000               5
   145.000000               5
   146.000000               5
   147.000000               5
   148.000000               5
   149.000000               5
   150.000000               5
   151.000000               5
   152.000000               5
   153.000000               5
   154.000000               5
   155.000000               5
   156.000000               5
   157.000000               5
   158.000000               5
   159.000000               5
   160.000000               5
   161.000000               5
   162.000000               5
   163.000000               5
   164.000000               5
   165.000000               5
   166.000000               5
   167.000000               5
   168.000000               5
   169.000000               5
   170.000000               5
   171.000000               5
   172.000000               5
   173.000000               5
   174.000000               5
   175.000000               5
   176.000000               5
   177.000000               5
   178.000000               5
   179.000000               5
   180.000000               5
   181.000000               5
   182.000000               5
   183.000000               5
   184.000000               5
   185.000000               5
   186.000000               5
   187.000000               5
   188.000000               5
   189.000000               5
   190.000000               6
   191.000000               7
   192.000000               7
   193.000000               7
   194.000000               7
   195.000000               7
   196.000000               7
   197.000000               7
   198.000000               7
   199.000000               7
   200.000000               7
   201.000000               7
   202.000000               7
   203.000000               7
   204.000000               7
   205.000000               7
   206.000000               7
   207.000000               7
   208.000000               7
   209.000000               7
   210.000000               7
   211.000000               7
   212.000000               7
   213.000000               7
   214.000000               7
   215.000000               7
   216.000000               7
   217.000000               7
   218.000000               7
   219.000000               7
   220.000000               7
   221.000000               7
   222.000000               7
   223.000000               7
   224.000000               7
   225.000000               7
   226.000000               7
   227.000000               7
   228.000000               7
   229.000000               7
   230.000000               7
   231.000000               7
   232.000000               7
   233.000000               7
   234.000000               7
   235.000000               7
   236.000000               7
   237.000000               7
   238.000000               7
   239.000000               7
   240.000000               7
   241.000000               7
   242.000000               7
   243.000000               7
   244.000000               7
   245.000000               7
   246.000000               7
   247.000000               7
   248.000000               7
   249.000000               7
   250.000000               7
   251.000000               7
   252.000000               7
   253.000000               7
   254.000000               7
   255.000000               7
   256.000000               7
   257.000000               7
   258.000000               7
   259.000000               7
   260.000000               7
   261.000000               7
   262.000000               7
   263.000000               7
   264.000000               7
   265.000000               7
   266.000000               7
   267.000000               7
   268.000000               7
   269.000000               7
   270.000000               7
   271.000000               7
   272.000000               7
   273.000000               7
   274.000000               7
   275.000000               7
   276.000000               7
   277.000000               7
   278.000000               7
   279.000000               7
   280.000000               7
   281.000000               7
   282.000000               7
   283.000000               7
   284.000000               7
   285.000000               7
   286.000000               7
   287.000000               7
   288.000000               7
   289.000000               7
   290.000000               7
   291.000000               7
   292.000000               7
   293.000000               7
   294.000000               7
   295.000000               7
   296.000000               7
   297.000000               7
   298.000000               7
   299.000000               7
   300.000000               7
   301.000000               7
   302.000000               7
   303.000000               7
   304.000000               7
   305.000000               7
   306.000000               7
   307.000000               7
   308.000000               7
   309.000000               7
   310.000000               7
   311.000000               7
   312.000000               8
   313.000000               9
   314.000000               9
   315.000000               9
   316.000000               9
   317.000000               9
   318.000000               9
   319.000000               9
   320.000000               9
   321.000000               9
   322.000000               9
   323.000000               9
   324.000000               9
   325.000000               9
   326.000000               9
   327.000000               9
   328.000000               9
   329.000000               9
   330.000000               9
   331.000000               9
   332.000000               9
   333.000000               9
   334.000000               9
   335.000000               9
   336.000000               9
   337.000000               9
   338.000000               9
   339.000000               9
   340.000000               9
   341.000000               9
   342.000000               9
   343.000000               9
   344.000000               9
   345.000000               9
   346.000000               9
   347.000000               9
   348.000000               9
   349.000000               9
   350.000000               9
   351.000000               9
   352.000000               9
   353.000000               9
   354.000000               9
   355.000000               9
   356.000000               9
   357.000000               9
   358.000000               9
   359.000000               9
   360.000000               9
   361.000000               9
   362.000000               9
   363.000000               9
   364.000000               9
   365.000000               9
   366.000000               9
   367.000000               9
   368.000000               9
   369.000000               9
   370.000000               9
   371.000000               9
   372.000000               9
   373.000000               9
   374.000000               9
   375.000000               9
   376.000000               9
   377.000000               9
   378.000000               9
   379.000000               9
   380.000000               9
   381.000000               9
   382.000000               9
   383.000000               9
   384.000000               9
   385.000000               9
   386.000000               9
   387.000000               9
   388.000000               9
   389.000000               9
   390.000000               9
   391.000000               9
   392.000000               9
   393.000000               9
   394.000000               9
   395.000000               9
   396.000000               9
   397.000000               9
   398.000000               9
   399.000000               9
   400.000000               9
   401.000000               9
   402.000000               9
   403.000000               9
   404.000000               9
   405.000000               9
   406.000000               9
   407.000000               9
   408.000000               9
   409.000000               9
   410.000000               9
   411.000000               9
   412.000000               9
   413.000000               9
   414.000000               9
   415.000000               9
   416.000000               9
   417.000000               9
   418.000000               9
   419.000000               9
   420.000000               9
   421.000000               9
   422.000000               9
   423.000000               9
   424.000000               9
   425.000000               9
   426.000000               9
   427.000000               9
   428.000000               9
   429.000000               9
   430.000000               9
   431.000000               9
   432.000000               9
   433.000000               9
   434.000000               9
   435.000000               9
   436.000000               9
   437.000000               9
   438.000000               9
   439.000000               9
   440.000000               9
   441.000000               9
   442.000000               9
   443.000000               9
   444.000000               9
   445.000000               9
   446.000000               9
   447.000000               9
   448.000000               9
   449.000000               9
   450.000000               9
   451.000000               9
   452.000000               9
   453.000000               9
   454.000000               9
   455.000000               9
   456.000000               9
   457.000000               9
   458.000000               9
   459.000000               9
   460.000000               9
   461.000000               9
   462.000000               9
   463.000000               9
   464.000000               9
   465.000000               9
   466.000000               9
   467.000000               9
   468.000000               9
   469.000000               9
   470.000000               9
   471.000000               9
   472.000000               9
   473.000000               9
   474.000000               9
   475.000000               9
   476.000000               9
   477.000000               9
   478.000000               9
   479.000000               9
   480.000000               9
   481.000000               9
   482.000000               9
   483.000000               9
   484.000000               9
   485.000000               9
   486.000000               9
   487.000000               9
   488.000000               9
   489.000000               9
   490.000000               9
   491.000000               9
   492.000000               9
   493.000000               9
   494.000000               9
   495.000000              10
   496.000000              11
   497.000000              11
   498.000000              11
   499.000000              11
   500.000000              11
   501.000000              11
   502.000000              11
   503.000000              11
   504.000000              11
   505.000000              11
   506.000000              11
   507.000000              11
   508.000000              11
   509.000000              11
   510.000000              11
   511.000000              11
   512.000000              11
   513.000000              11
   514.000000              11
   515.000000              11
   516.000000              11
   517.000000              11
   518.000000              11
   519.000000              11
   520.000000              11
   521.000000              11
   522.000000              11
   523.000000              11
   524.000000              11
   525.000000              11
   526.000000              11
   527.000000              11
   528.000000              11
   529.000000              11
   530.000000              11
   531.000000              11
   532.000000              11
   533.000000              11
   534.000000              11
   535.000000              11
   536.000000              11
   537.000000              11
   538.000000              11
   539.000000              11
   540.000000              11
   541.000000              11
   542.000000              11
   543.000000              11
   544.000000              11
   545.000000              11
   546.000000              11
   547.000000              11
   548.000000              11
   549.000000              11
   550.000000              11
   551.000000              11
   552.000000              11
   553.000000              11
   554.000000              11
   555.000000              11
   556.000000              11
   557.000000              11
   558.000000              11
   559.000000              11
   560.000000              11
   561.000000              11
   562.000000              11
   563.000000              11
   564.000000              11
   565.000000              11
   566.000000              11
   567.000000              11
   568.000000              11
   569.000000              11
   570.000000              11
   571.000000              11
   572.000000              11
   573.000000              11
   574.000000              11
   575.000000              11
   576.000000              11
   577.000000              11
   578.000000              11
   579.000000              11
   580.000000              11
   581.000000              11
   582.000000              11
   583.000000              11
   584.000000              11
   585.000000              11
   586.000000              11
   587.000000              11
   588.000000              11
   589.000000              11
   590.000000              11
   591.000000              11
   592.000000              11
   593.000000              11
   594.000000              11
   595.000000              11
   596.000000              11
   597.000000              11
   598.000000              11
   599.000000              11
   600.000000              11
   601.000000              11
   602.000000              11
   603.000000              11
   604.000000              11
   605.000000              11
   606.000000              11
   607.000000              11
   608.000000              11
   609.000000              11
   610.000000              11
   611.000000              11
   612.000000              11
   613.000000              11
   614.000000              11
   615.000000              11
   616.000000              11
   617.000000              11
   618.000000              11
   619.000000              11
   620.000000              11
   621.000000              11
   622.000000              11
   623.000000              11
   624.000000              11
   625.000000              11
   626.000000              11
   627.000000              11
   628.000000              11
   629.000000              11
   630.000000              11
   631.000000              11
   632.000000              11
   633.000000              11
   634.000000              11
   635.000000              11
   636.000000              11
   637.000000              11
   638.000000              11
   639.000000              11
   640.000000              11
   641.000000              11
   642.000000              11
   643.000000              11
   644.000000              11
   645.000000              11
   646.000000              11
   647.000000              11
   648.000000              11
   649.000000              11
   650.000000              11
   651.000000              11
   652.000000              11
   653.000000              11
   654.000000              11
   655.000000              11
   656.000000              11
   657.000000              11
   658.000000              11
   659.000000              11
   660.000000              11
   661.000000              11
   662.000000              11
   663.000000              11
   664.000000              11
   665.000000              11
   666.000000              11
   667.000000              11
   668.000000              11
   669.000000              11
   670.000000              11
   671.000000              11
   672.000000              11
   673.000000              11
   674.000000              11
   675.000000              11
   676.000000              11
   677.000000              11
   678.000000              11
   679.000000              11
   680.000000              11
   681.000000              11
   682.000000              11
   683.000000              11
   684.000000              11
   685.000000              11
   686.000000              11
   687.000000              11
   688.000000              11
   689.000000              11
   690.000000              11
   691.000000              11
   692.000000              11
   693.000000              11
   694.000000              11
   695.000000              11
   696.000000              11
   697.000000              11
   698.000000              11
   699.000000              11
   700.000000              11
   701.000000              11
   702.000000              11
   703.000000              11
   704.000000              11
   705.000000              11
   706.000000              11
   707.000000              11
   708.000000              11
   709.000000              11
   710.000000              11
   711.000000              11
   712.000000              11
   713.000000              11
   714.000000              11
   715.000000              11
   716.000000              11
   717.000000              11
   718.000000              11
   719.000000              11
   720.000000              11
   721.000000              11
   722.000000              11
   723.000000              11
   724.000000              11
   725.000000              11
   726.000000              11
   727.000000              11
   728.000000              11
   729.000000              11
   730.000000              11
   731.000000              11
   732.000000              11
   733.000000              11
   734.000000              11
   735.000000              11
   736.000000              11
   737.000000              11
   738.000000              11
   739.000000              11
   740.000000              11
   741.000000              11
   742.000000              11
   743.000000              11
   744.000000              11
   745.000000              11
   746.000000              11
   747.000000              11
   748.000000              11
   749.000000              11
   750.000000              11
   751.000000              11
   752.000000              11
   753.000000              11
   754.000000              11
   755.000000              11
   756.000000              11
   757.000000              11
   758.000000              11
   759.000000              11
   760.000000              11
   761.000000              11
   762.000000              11
   763.000000              11
   764.000000              11
   765.000000              11
   766.000000              11
   767.000000              11
   768.000000              11
   769.000000              11
   770.000000              11
   771.000000              11
   772.000000              11
   773.000000              11
   774.000000              11
   775.000000              11
   776.000000              11
   777.000000              11
   778.000000              11
   779.000000              11
   780.000000              11
   781.000000              11
   782.000000              11
   783.000000              11
   784.000000              11
   785.000000              11
   786.000000              11
   787.000000              11
   788.000000              11
   789.000000              11
   790.000000              11
   791.000000              11
   792.000000              11
   793.000000              11
   794.000000              11
   795.000000              11
   796.000000              11
   797.000000              11
   798.000000              11
   799.000000              11
   800.000000              11
   801.000000              11
   802.000000              11
   803.000000              11
   804.000000              11
   805.000000              11
   806.000000              11
   807.000000              11
   808.000000              11
   809.000000              11
   810.000000              11
   811.000000              11
   812.000000              11
   813.000000              11
   814.000000              11
   815.000000              11
   816.000000              11
   817.000000              11
   818.000000              11
   819.000000              11
   820.000000              11
   821.000000              11
   822.000000              11
   823.000000              11
   824.000000              11
   825.000000              11
   826.000000              11
   827.000000              11
   828.000000              11
   829.000000              11
   830.000000              11
   831.000000              11
   832.000000              11
   833.000000              11
   834.000000              11
   835.000000              11
   836.000000              11
   837.000000              11
   838.000000              11
   839.000000              11
   840.000000              11
   841.000000              11
   842.000000              11
   843.000000              11
   844.000000              11
   845.000000              11
   846.000000              11
   847.000000              11
   848.000000              11
   849.000000              11
   850.000000              11
   851.000000              11
   852.000000              11
   853.000000              11
   854.000000              11
   855.000000              11
   856.000000              11
   857.000000              11
   858.000000              11
   859.000000              11
   860.000000              11
   861.000000              11
   862.000000              11
   863.000000              11
   864.000000              11
   865.000000              12
   866.000000              13
   867.000000              13
   868.000000              13
   869.000000              13
   870.000000              13
   871.000000              13
   872.000000              13
   873.000000              13
   874.000000              13
   875.000000              13
   876.000000              13
   877.000000              13
   878.000000              13
   879.000000              13
   880.000000              13
   881.000000              13
   882.000000              13
   883.000000              13
   884.000000              13
   885.000000              13
   886.000000              13
   887.000000              13
   888.000000              13
   889.000000              13
   890.000000              13
   891.000000              13
   892.000000              13
   893.000000              13
   894.000000              13
   895.000000              13
   896.000000              13
   897.000000              13
   898.000000              13
   899.000000              13
   900.000000              13
