 Permeation events over simulation time.
 t(ns) Number of events
   0.00000000               0
   1.00000000               0
   2.00000000               0
   3.00000000               0
   4.00000000               0
   5.00000000               0
   6.00000000               0
   7.00000000               0
   8.00000000               0
   9.00000000               0
   10.0000000               0
   11.0000000               0
   12.0000000               0
   13.0000000               0
   14.0000000               0
   15.0000000               0
   16.0000000               0
   17.0000000               0
   18.0000000               0
   19.0000000               0
   20.0000000               0
   21.0000000               0
   22.0000000               0
   23.0000000               0
   24.0000000               0
   25.0000000               0
   26.0000000               0
   27.0000000               0
   28.0000000               0
   29.0000000               0
   30.0000000               0
   31.0000000               0
   32.0000000               0
   33.0000000               0
   34.0000000               0
   35.0000000               0
   36.0000000               0
   37.0000000               0
   38.0000000               0
   39.0000000               0
   40.0000000               0
   41.0000000               0
   42.0000000               0
   43.0000000               0
   44.0000000               0
   45.0000000               0
   46.0000000               0
   47.0000000               0
   48.0000000               0
   49.0000000               0
   50.0000000               0
   51.0000000               0
   52.0000000               0
   53.0000000               0
   54.0000000               0
   55.0000000               0
   56.0000000               0
   57.0000000               0
   58.0000000               0
   59.0000000               0
   60.0000000               0
   61.0000000               0
   62.0000000               0
   63.0000000               0
   64.0000000               0
   65.0000000               0
   66.0000000               0
   67.0000000               0
   68.0000000               0
   69.0000000               0
   70.0000000               0
   71.0000000               0
   72.0000000               0
   73.0000000               0
   74.0000000               0
   75.0000000               0
   76.0000000               0
   77.0000000               0
   78.0000000               0
   79.0000000               0
   80.0000000               0
   81.0000000               0
   82.0000000               0
   83.0000000               0
   84.0000000               0
   85.0000000               0
   86.0000000               0
   87.0000000               0
   88.0000000               0
   89.0000000               0
   90.0000000               0
   91.0000000               0
   92.0000000               0
   93.0000000               0
   94.0000000               0
   95.0000000               0
   96.0000000               0
   97.0000000               0
   98.0000000               0
   99.0000000               0
   100.000000               0
   101.000000               0
   102.000000               1
   103.000000               2
   104.000000               2
   105.000000               2
   106.000000               2
   107.000000               2
   108.000000               2
   109.000000               2
   110.000000               3
   111.000000               4
   112.000000               4
   113.000000               4
   114.000000               4
   115.000000               4
   116.000000               4
   117.000000               4
   118.000000               4
   119.000000               4
   120.000000               4
   121.000000               4
   122.000000               4
   123.000000               4
   124.000000               4
   125.000000               4
   126.000000               4
   127.000000               4
   128.000000               4
   129.000000               4
   130.000000               4
   131.000000               4
   132.000000               4
   133.000000               4
   134.000000               4
   135.000000               4
   136.000000               4
   137.000000               4
   138.000000               4
   139.000000               4
   140.000000               4
   141.000000               4
   142.000000               4
   143.000000               4
   144.000000               4
   145.000000               4
   146.000000               4
   147.000000               4
   148.000000               4
   149.000000               4
   150.000000               4
   151.000000               4
   152.000000               4
   153.000000               4
   154.000000               4
   155.000000               5
   156.000000               5
   157.000000               5
   158.000000               5
   159.000000               5
   160.000000               5
   161.000000               5
   162.000000               5
   163.000000               5
   164.000000               5
   165.000000               5
   166.000000               5
   167.000000               5
   168.000000               5
   169.000000               5
   170.000000               5
   171.000000               5
   172.000000               5
   173.000000               5
   174.000000               5
   175.000000               5
   176.000000               5
   177.000000               5
   178.000000               5
   179.000000               5
   180.000000               5
   181.000000               5
   182.000000               5
   183.000000               5
   184.000000               5
   185.000000               5
   186.000000               6
   187.000000               7
   188.000000               7
   189.000000               7
   190.000000               7
   191.000000               7
   192.000000               7
   193.000000               7
   194.000000               7
   195.000000               8
   196.000000               9
   197.000000               9
   198.000000               9
   199.000000               9
   200.000000               9
   201.000000               9
   202.000000               9
   203.000000               9
   204.000000              10
   205.000000              11
   206.000000              11
   207.000000              11
   208.000000              11
   209.000000              11
   210.000000              11
   211.000000              11
   212.000000              11
   213.000000              11
   214.000000              11
   215.000000              11
   216.000000              11
   217.000000              11
   218.000000              11
   219.000000              11
   220.000000              11
   221.000000              11
   222.000000              11
   223.000000              11
   224.000000              11
   225.000000              11
   226.000000              11
   227.000000              11
   228.000000              11
   229.000000              11
   230.000000              11
   231.000000              11
   232.000000              11
   233.000000              11
   234.000000              11
   235.000000              11
   236.000000              11
   237.000000              11
   238.000000              11
   239.000000              11
   240.000000              11
   241.000000              11
   242.000000              11
   243.000000              11
   244.000000              11
   245.000000              11
   246.000000              12
   247.000000              13
   248.000000              13
   249.000000              13
   250.000000              13
   251.000000              13
   252.000000              13
   253.000000              13
   254.000000              13
   255.000000              13
   256.000000              13
   257.000000              13
   258.000000              13
   259.000000              13
   260.000000              13
   261.000000              13
   262.000000              13
   263.000000              13
   264.000000              13
   265.000000              13
   266.000000              13
   267.000000              13
   268.000000              13
   269.000000              13
   270.000000              13
   271.000000              13
   272.000000              13
   273.000000              13
   274.000000              13
   275.000000              13
   276.000000              13
   277.000000              13
   278.000000              13
   279.000000              13
   280.000000              13
   281.000000              13
   282.000000              13
   283.000000              13
   284.000000              13
   285.000000              13
   286.000000              13
   287.000000              13
   288.000000              13
   289.000000              13
   290.000000              13
   291.000000              13
   292.000000              13
   293.000000              13
   294.000000              13
   295.000000              13
   296.000000              13
   297.000000              13
   298.000000              13
   299.000000              13
   300.000000              13
   301.000000              13
   302.000000              13
   303.000000              13
   304.000000              13
   305.000000              13
   306.000000              13
   307.000000              13
   308.000000              13
   309.000000              13
   310.000000              13
   311.000000              13
   312.000000              13
   313.000000              13
   314.000000              13
   315.000000              13
   316.000000              13
   317.000000              13
   318.000000              13
   319.000000              13
   320.000000              13
   321.000000              13
   322.000000              13
   323.000000              13
   324.000000              13
   325.000000              13
   326.000000              13
   327.000000              13
   328.000000              13
   329.000000              13
   330.000000              13
   331.000000              13
   332.000000              13
   333.000000              13
   334.000000              13
   335.000000              13
   336.000000              13
   337.000000              14
   338.000000              15
   339.000000              15
   340.000000              15
   341.000000              15
   342.000000              15
   343.000000              15
   344.000000              15
   345.000000              15
   346.000000              15
   347.000000              15
   348.000000              15
   349.000000              15
   350.000000              15
   351.000000              15
   352.000000              15
   353.000000              15
   354.000000              15
   355.000000              15
   356.000000              15
   357.000000              15
   358.000000              15
   359.000000              15
   360.000000              15
   361.000000              15
   362.000000              15
   363.000000              15
   364.000000              15
   365.000000              15
   366.000000              15
   367.000000              15
   368.000000              15
   369.000000              15
   370.000000              15
   371.000000              15
   372.000000              15
   373.000000              15
   374.000000              15
   375.000000              15
   376.000000              15
   377.000000              15
   378.000000              15
   379.000000              15
   380.000000              15
   381.000000              15
   382.000000              15
   383.000000              15
   384.000000              15
   385.000000              15
   386.000000              15
   387.000000              15
   388.000000              15
   389.000000              15
   390.000000              15
   391.000000              15
   392.000000              16
   393.000000              17
   394.000000              17
   395.000000              17
   396.000000              17
   397.000000              17
   398.000000              17
   399.000000              17
   400.000000              17
   401.000000              17
   402.000000              17
   403.000000              17
   404.000000              17
   405.000000              17
   406.000000              17
   407.000000              17
   408.000000              17
   409.000000              17
   410.000000              17
   411.000000              17
   412.000000              17
   413.000000              17
   414.000000              17
   415.000000              17
   416.000000              17
   417.000000              17
   418.000000              17
   419.000000              17
   420.000000              17
   421.000000              17
   422.000000              17
   423.000000              17
   424.000000              17
   425.000000              17
   426.000000              17
   427.000000              17
   428.000000              17
   429.000000              17
   430.000000              17
   431.000000              17
   432.000000              17
   433.000000              17
   434.000000              17
   435.000000              17
   436.000000              17
   437.000000              17
   438.000000              17
   439.000000              17
   440.000000              17
   441.000000              17
   442.000000              17
   443.000000              17
   444.000000              17
   445.000000              17
   446.000000              17
   447.000000              17
   448.000000              17
   449.000000              17
   450.000000              17
   451.000000              17
   452.000000              17
   453.000000              17
   454.000000              17
   455.000000              17
   456.000000              17
   457.000000              17
   458.000000              17
   459.000000              17
   460.000000              17
   461.000000              17
   462.000000              17
   463.000000              17
   464.000000              17
   465.000000              17
   466.000000              17
   467.000000              17
   468.000000              17
   469.000000              17
   470.000000              17
   471.000000              17
   472.000000              17
   473.000000              17
   474.000000              17
   475.000000              17
   476.000000              17
   477.000000              17
   478.000000              17
   479.000000              17
   480.000000              17
   481.000000              17
   482.000000              17
   483.000000              17
   484.000000              17
   485.000000              17
   486.000000              17
   487.000000              17
   488.000000              17
   489.000000              17
   490.000000              17
   491.000000              18
   492.000000              19
   493.000000              19
   494.000000              19
   495.000000              19
   496.000000              19
   497.000000              19
   498.000000              19
   499.000000              19
   500.000000              19
   501.000000              19
   502.000000              19
   503.000000              19
   504.000000              19
   505.000000              19
   506.000000              19
   507.000000              19
   508.000000              19
   509.000000              19
   510.000000              19
   511.000000              19
   512.000000              19
   513.000000              19
   514.000000              19
   515.000000              19
   516.000000              19
   517.000000              19
   518.000000              19
   519.000000              19
   520.000000              19
   521.000000              19
   522.000000              19
   523.000000              19
   524.000000              19
   525.000000              19
   526.000000              19
   527.000000              19
   528.000000              19
   529.000000              19
   530.000000              19
   531.000000              19
   532.000000              19
   533.000000              19
   534.000000              19
   535.000000              19
   536.000000              19
   537.000000              19
   538.000000              19
   539.000000              19
   540.000000              19
   541.000000              19
   542.000000              19
   543.000000              19
   544.000000              19
   545.000000              19
   546.000000              19
   547.000000              19
   548.000000              19
   549.000000              19
   550.000000              19
   551.000000              20
   552.000000              21
   553.000000              21
   554.000000              21
   555.000000              21
   556.000000              21
   557.000000              21
   558.000000              21
   559.000000              21
   560.000000              21
   561.000000              21
   562.000000              21
   563.000000              21
   564.000000              21
   565.000000              21
   566.000000              21
   567.000000              21
   568.000000              21
   569.000000              21
   570.000000              21
   571.000000              21
   572.000000              21
   573.000000              21
   574.000000              21
   575.000000              21
   576.000000              21
   577.000000              21
   578.000000              21
   579.000000              21
   580.000000              21
   581.000000              21
   582.000000              21
   583.000000              21
   584.000000              21
   585.000000              21
   586.000000              21
   587.000000              21
   588.000000              21
   589.000000              21
   590.000000              21
   591.000000              21
   592.000000              21
   593.000000              21
   594.000000              21
   595.000000              21
   596.000000              21
   597.000000              21
   598.000000              21
   599.000000              21
   600.000000              21
   601.000000              21
   602.000000              21
   603.000000              21
   604.000000              21
   605.000000              21
   606.000000              21
   607.000000              21
   608.000000              21
   609.000000              21
   610.000000              21
   611.000000              21
   612.000000              21
   613.000000              21
   614.000000              21
   615.000000              21
   616.000000              21
   617.000000              21
   618.000000              21
   619.000000              21
   620.000000              21
   621.000000              21
   622.000000              21
   623.000000              21
   624.000000              21
   625.000000              21
   626.000000              21
   627.000000              21
   628.000000              21
   629.000000              21
   630.000000              21
   631.000000              21
   632.000000              21
   633.000000              21
   634.000000              21
   635.000000              21
   636.000000              21
   637.000000              21
   638.000000              21
   639.000000              21
   640.000000              21
   641.000000              21
   642.000000              21
   643.000000              21
   644.000000              21
   645.000000              21
   646.000000              21
   647.000000              21
   648.000000              21
   649.000000              21
   650.000000              21
   651.000000              21
   652.000000              21
   653.000000              21
   654.000000              21
   655.000000              21
   656.000000              21
   657.000000              21
   658.000000              21
   659.000000              21
   660.000000              21
   661.000000              21
   662.000000              21
   663.000000              21
   664.000000              21
   665.000000              21
   666.000000              21
   667.000000              21
   668.000000              21
   669.000000              21
   670.000000              21
   671.000000              21
   672.000000              21
   673.000000              21
   674.000000              21
   675.000000              21
   676.000000              21
   677.000000              21
   678.000000              21
   679.000000              22
   680.000000              22
   681.000000              22
   682.000000              22
   683.000000              22
   684.000000              22
   685.000000              22
   686.000000              22
   687.000000              22
   688.000000              22
   689.000000              22
   690.000000              23
   691.000000              24
   692.000000              24
   693.000000              24
   694.000000              25
   695.000000              26
   696.000000              26
   697.000000              26
   698.000000              26
   699.000000              26
   700.000000              26
   701.000000              26
   702.000000              26
   703.000000              26
   704.000000              26
   705.000000              26
   706.000000              26
   707.000000              26
   708.000000              26
   709.000000              26
   710.000000              26
   711.000000              26
   712.000000              26
   713.000000              26
   714.000000              26
   715.000000              26
   716.000000              26
   717.000000              26
   718.000000              26
   719.000000              26
   720.000000              26
   721.000000              26
   722.000000              26
   723.000000              26
   724.000000              26
   725.000000              26
   726.000000              26
   727.000000              26
   728.000000              26
   729.000000              26
   730.000000              26
   731.000000              26
   732.000000              26
   733.000000              26
   734.000000              26
   735.000000              26
   736.000000              26
   737.000000              26
   738.000000              26
   739.000000              26
   740.000000              26
   741.000000              26
   742.000000              26
   743.000000              26
   744.000000              26
   745.000000              26
   746.000000              26
   747.000000              26
   748.000000              26
   749.000000              26
   750.000000              26
   751.000000              26
   752.000000              26
   753.000000              26
   754.000000              26
   755.000000              26
   756.000000              27
   757.000000              28
   758.000000              28
   759.000000              28
   760.000000              28
   761.000000              28
   762.000000              28
   763.000000              28
   764.000000              28
   765.000000              28
   766.000000              28
   767.000000              28
   768.000000              28
   769.000000              28
   770.000000              28
   771.000000              28
   772.000000              28
   773.000000              28
   774.000000              28
   775.000000              28
   776.000000              28
   777.000000              28
   778.000000              28
   779.000000              28
   780.000000              28
   781.000000              28
   782.000000              28
   783.000000              28
   784.000000              29
   785.000000              30
   786.000000              30
   787.000000              30
   788.000000              30
   789.000000              30
   790.000000              30
   791.000000              30
   792.000000              30
   793.000000              30
   794.000000              30
   795.000000              30
   796.000000              30
   797.000000              30
   798.000000              30
   799.000000              30
   800.000000              30
   801.000000              30
   802.000000              30
   803.000000              30
   804.000000              30
   805.000000              30
   806.000000              30
   807.000000              30
   808.000000              30
   809.000000              30
   810.000000              30
   811.000000              30
   812.000000              30
   813.000000              30
   814.000000              30
   815.000000              30
   816.000000              30
   817.000000              30
   818.000000              30
   819.000000              30
   820.000000              30
   821.000000              30
   822.000000              30
   823.000000              30
   824.000000              30
   825.000000              30
   826.000000              30
   827.000000              30
   828.000000              30
   829.000000              30
   830.000000              30
   831.000000              30
   832.000000              30
   833.000000              30
   834.000000              30
   835.000000              30
   836.000000              30
   837.000000              31
   838.000000              32
   839.000000              32
   840.000000              32
   841.000000              32
   842.000000              32
   843.000000              32
   844.000000              32
   845.000000              32
   846.000000              32
   847.000000              32
   848.000000              32
   849.000000              32
   850.000000              32
   851.000000              32
   852.000000              32
   853.000000              32
   854.000000              32
   855.000000              32
   856.000000              32
   857.000000              32
   858.000000              32
   859.000000              32
   860.000000              32
   861.000000              32
   862.000000              32
   863.000000              32
   864.000000              32
   865.000000              32
   866.000000              32
   867.000000              32
   868.000000              32
   869.000000              32
   870.000000              32
   871.000000              32
   872.000000              32
   873.000000              32
   874.000000              32
   875.000000              32
   876.000000              32
   877.000000              33
   878.000000              34
   879.000000              34
   880.000000              34
   881.000000              34
   882.000000              34
   883.000000              34
   884.000000              34
   885.000000              34
   886.000000              34
   887.000000              34
   888.000000              34
   889.000000              34
   890.000000              34
   891.000000              34
   892.000000              34
   893.000000              34
   894.000000              34
   895.000000              34
   896.000000              34
   897.000000              34
   898.000000              34
   899.000000              34
   900.000000              34
