 Permeation events over simulation time.
 t(ns) Number of events
   0.00000000               0
   1.00000000               0
   2.00000000               0
   3.00000000               0
   4.00000000               0
   5.00000000               0
   6.00000000               0
   7.00000000               0
   8.00000000               0
   9.00000000               0
   10.0000000               0
   11.0000000               0
   12.0000000               0
   13.0000000               0
   14.0000000               0
   15.0000000               0
   16.0000000               0
   17.0000000               0
   18.0000000               0
   19.0000000               0
   20.0000000               0
   21.0000000               0
   22.0000000               0
   23.0000000               0
   24.0000000               0
   25.0000000               0
   26.0000000               0
   27.0000000               0
   28.0000000               0
   29.0000000               0
   30.0000000               0
   31.0000000               0
   32.0000000               0
   33.0000000               0
   34.0000000               0
   35.0000000               0
   36.0000000               0
   37.0000000               0
   38.0000000               0
   39.0000000               0
   40.0000000               0
   41.0000000               0
   42.0000000               0
   43.0000000               0
   44.0000000               0
   45.0000000               0
   46.0000000               0
   47.0000000               0
   48.0000000               0
   49.0000000               0
   50.0000000               0
   51.0000000               1
   52.0000000               1
   53.0000000               1
   54.0000000               1
   55.0000000               1
   56.0000000               1
   57.0000000               1
   58.0000000               1
   59.0000000               1
   60.0000000               1
   61.0000000               1
   62.0000000               1
   63.0000000               1
   64.0000000               1
   65.0000000               1
   66.0000000               1
   67.0000000               1
   68.0000000               1
   69.0000000               1
   70.0000000               1
   71.0000000               1
   72.0000000               1
   73.0000000               1
   74.0000000               1
   75.0000000               1
   76.0000000               1
   77.0000000               1
   78.0000000               1
   79.0000000               1
   80.0000000               1
   81.0000000               1
   82.0000000               1
   83.0000000               1
   84.0000000               1
   85.0000000               1
   86.0000000               1
   87.0000000               1
   88.0000000               1
   89.0000000               1
   90.0000000               1
   91.0000000               1
   92.0000000               1
   93.0000000               1
   94.0000000               1
   95.0000000               1
   96.0000000               1
   97.0000000               1
   98.0000000               1
   99.0000000               1
   100.000000               1
   101.000000               1
   102.000000               1
   103.000000               1
   104.000000               1
   105.000000               1
   106.000000               1
   107.000000               1
   108.000000               1
   109.000000               1
   110.000000               1
   111.000000               1
   112.000000               1
   113.000000               1
   114.000000               1
   115.000000               1
   116.000000               1
   117.000000               1
   118.000000               1
   119.000000               1
   120.000000               1
   121.000000               1
   122.000000               1
   123.000000               1
   124.000000               1
   125.000000               2
   126.000000               2
   127.000000               2
   128.000000               2
   129.000000               2
   130.000000               2
   131.000000               2
   132.000000               2
   133.000000               2
   134.000000               2
   135.000000               2
   136.000000               2
   137.000000               2
   138.000000               2
   139.000000               2
   140.000000               2
   141.000000               2
   142.000000               2
   143.000000               2
   144.000000               2
   145.000000               2
   146.000000               2
   147.000000               2
   148.000000               2
   149.000000               2
   150.000000               2
   151.000000               2
   152.000000               2
   153.000000               2
   154.000000               2
   155.000000               2
   156.000000               2
   157.000000               2
   158.000000               2
   159.000000               2
   160.000000               2
   161.000000               2
   162.000000               2
   163.000000               2
   164.000000               2
   165.000000               2
   166.000000               2
   167.000000               2
   168.000000               2
   169.000000               2
   170.000000               2
   171.000000               2
   172.000000               2
   173.000000               2
   174.000000               2
   175.000000               2
   176.000000               2
   177.000000               2
   178.000000               2
   179.000000               2
   180.000000               2
   181.000000               2
   182.000000               2
   183.000000               2
   184.000000               2
   185.000000               2
   186.000000               2
   187.000000               2
   188.000000               2
   189.000000               3
   190.000000               3
   191.000000               3
   192.000000               3
   193.000000               3
   194.000000               3
   195.000000               3
   196.000000               3
   197.000000               3
   198.000000               3
   199.000000               3
   200.000000               3
   201.000000               3
   202.000000               3
   203.000000               3
   204.000000               3
   205.000000               3
   206.000000               3
   207.000000               3
   208.000000               3
   209.000000               3
   210.000000               3
   211.000000               3
   212.000000               3
   213.000000               3
   214.000000               3
   215.000000               3
   216.000000               3
   217.000000               3
   218.000000               3
   219.000000               3
   220.000000               3
   221.000000               3
   222.000000               3
   223.000000               3
   224.000000               3
   225.000000               3
   226.000000               3
   227.000000               3
   228.000000               3
   229.000000               3
   230.000000               3
   231.000000               3
   232.000000               3
   233.000000               3
   234.000000               3
   235.000000               3
   236.000000               3
   237.000000               3
   238.000000               3
   239.000000               3
   240.000000               3
   241.000000               3
   242.000000               3
   243.000000               3
   244.000000               3
   245.000000               3
   246.000000               3
   247.000000               3
   248.000000               3
   249.000000               3
   250.000000               3
   251.000000               3
   252.000000               3
   253.000000               3
   254.000000               3
   255.000000               3
   256.000000               3
   257.000000               3
   258.000000               3
   259.000000               3
   260.000000               3
   261.000000               3
   262.000000               3
   263.000000               3
   264.000000               3
   265.000000               3
   266.000000               3
   267.000000               3
   268.000000               3
   269.000000               3
   270.000000               3
   271.000000               3
   272.000000               3
   273.000000               3
   274.000000               3
   275.000000               3
   276.000000               3
   277.000000               3
   278.000000               3
   279.000000               3
   280.000000               3
   281.000000               3
   282.000000               3
   283.000000               3
   284.000000               3
   285.000000               3
   286.000000               3
   287.000000               3
   288.000000               3
   289.000000               3
   290.000000               3
   291.000000               3
   292.000000               3
   293.000000               3
   294.000000               3
   295.000000               3
   296.000000               3
   297.000000               3
   298.000000               4
   299.000000               4
   300.000000               4
   301.000000               4
   302.000000               4
   303.000000               4
   304.000000               4
   305.000000               4
   306.000000               4
   307.000000               4
   308.000000               4
   309.000000               4
   310.000000               4
   311.000000               4
   312.000000               4
   313.000000               4
   314.000000               4
   315.000000               4
   316.000000               4
   317.000000               4
   318.000000               4
   319.000000               4
   320.000000               4
   321.000000               4
   322.000000               4
   323.000000               4
   324.000000               4
   325.000000               4
   326.000000               4
   327.000000               4
   328.000000               4
   329.000000               4
   330.000000               4
   331.000000               4
   332.000000               4
   333.000000               4
   334.000000               4
   335.000000               4
   336.000000               4
   337.000000               4
   338.000000               4
   339.000000               4
   340.000000               4
   341.000000               4
   342.000000               4
   343.000000               4
   344.000000               4
   345.000000               4
   346.000000               4
   347.000000               4
   348.000000               4
   349.000000               4
   350.000000               4
   351.000000               4
   352.000000               4
   353.000000               4
   354.000000               4
   355.000000               4
   356.000000               4
   357.000000               4
   358.000000               4
   359.000000               4
   360.000000               4
   361.000000               4
   362.000000               4
   363.000000               4
   364.000000               4
   365.000000               4
   366.000000               4
   367.000000               4
   368.000000               4
   369.000000               4
   370.000000               4
   371.000000               4
   372.000000               4
   373.000000               4
   374.000000               4
   375.000000               4
   376.000000               4
   377.000000               4
   378.000000               4
   379.000000               4
   380.000000               4
   381.000000               4
   382.000000               4
   383.000000               4
   384.000000               4
   385.000000               4
   386.000000               4
   387.000000               4
   388.000000               4
   389.000000               4
   390.000000               4
   391.000000               4
   392.000000               4
   393.000000               4
   394.000000               4
   395.000000               4
   396.000000               4
   397.000000               4
   398.000000               4
   399.000000               4
   400.000000               4
   401.000000               4
   402.000000               4
   403.000000               4
   404.000000               4
   405.000000               4
   406.000000               4
   407.000000               4
   408.000000               4
   409.000000               4
   410.000000               4
   411.000000               4
   412.000000               4
   413.000000               4
   414.000000               4
   415.000000               4
   416.000000               4
   417.000000               4
   418.000000               4
   419.000000               4
   420.000000               4
   421.000000               4
   422.000000               4
   423.000000               4
   424.000000               4
   425.000000               4
   426.000000               4
   427.000000               4
   428.000000               4
   429.000000               4
   430.000000               4
   431.000000               4
   432.000000               4
   433.000000               4
   434.000000               4
   435.000000               4
   436.000000               4
   437.000000               4
   438.000000               4
   439.000000               4
   440.000000               4
   441.000000               4
   442.000000               4
   443.000000               4
   444.000000               4
   445.000000               4
   446.000000               4
   447.000000               4
   448.000000               4
   449.000000               4
   450.000000               4
   451.000000               4
   452.000000               4
   453.000000               4
   454.000000               4
   455.000000               4
   456.000000               4
   457.000000               4
   458.000000               4
   459.000000               4
   460.000000               4
   461.000000               4
   462.000000               4
   463.000000               4
   464.000000               4
   465.000000               4
   466.000000               4
   467.000000               4
   468.000000               4
   469.000000               4
   470.000000               4
   471.000000               4
   472.000000               4
   473.000000               4
   474.000000               4
   475.000000               4
   476.000000               4
   477.000000               4
   478.000000               4
   479.000000               4
   480.000000               4
   481.000000               4
   482.000000               4
   483.000000               4
   484.000000               4
   485.000000               4
   486.000000               4
   487.000000               4
   488.000000               4
   489.000000               4
   490.000000               4
   491.000000               4
   492.000000               4
   493.000000               4
   494.000000               4
   495.000000               4
   496.000000               4
   497.000000               4
   498.000000               4
   499.000000               4
   500.000000               4
   501.000000               4
   502.000000               4
   503.000000               4
   504.000000               4
   505.000000               4
   506.000000               4
   507.000000               4
   508.000000               4
   509.000000               4
   510.000000               4
   511.000000               4
   512.000000               4
   513.000000               4
   514.000000               4
   515.000000               4
   516.000000               4
   517.000000               4
   518.000000               4
   519.000000               4
   520.000000               4
   521.000000               4
   522.000000               4
   523.000000               4
   524.000000               4
   525.000000               4
   526.000000               4
   527.000000               4
   528.000000               4
   529.000000               4
   530.000000               4
   531.000000               4
   532.000000               4
   533.000000               4
   534.000000               4
   535.000000               4
   536.000000               4
   537.000000               4
   538.000000               4
   539.000000               4
   540.000000               4
   541.000000               4
   542.000000               4
   543.000000               4
   544.000000               4
   545.000000               4
   546.000000               4
   547.000000               4
   548.000000               4
   549.000000               4
   550.000000               4
   551.000000               4
   552.000000               4
   553.000000               4
   554.000000               4
   555.000000               4
   556.000000               4
   557.000000               4
   558.000000               4
   559.000000               4
   560.000000               4
   561.000000               4
   562.000000               4
   563.000000               4
   564.000000               4
   565.000000               4
   566.000000               4
   567.000000               4
   568.000000               4
   569.000000               4
   570.000000               4
   571.000000               4
   572.000000               4
   573.000000               4
   574.000000               4
   575.000000               4
   576.000000               4
   577.000000               4
   578.000000               4
   579.000000               4
   580.000000               4
   581.000000               4
   582.000000               4
   583.000000               4
   584.000000               4
   585.000000               4
   586.000000               4
   587.000000               4
   588.000000               4
   589.000000               4
   590.000000               4
   591.000000               4
   592.000000               4
   593.000000               4
   594.000000               4
   595.000000               4
   596.000000               4
   597.000000               4
   598.000000               4
   599.000000               4
   600.000000               4
   601.000000               4
   602.000000               4
   603.000000               4
   604.000000               4
   605.000000               4
   606.000000               4
   607.000000               4
   608.000000               4
   609.000000               4
   610.000000               4
   611.000000               4
   612.000000               4
   613.000000               4
   614.000000               4
   615.000000               4
   616.000000               4
   617.000000               4
   618.000000               4
   619.000000               4
   620.000000               4
   621.000000               4
   622.000000               4
   623.000000               4
   624.000000               4
   625.000000               4
   626.000000               4
   627.000000               4
   628.000000               4
   629.000000               4
   630.000000               4
   631.000000               4
   632.000000               4
   633.000000               4
   634.000000               4
   635.000000               4
   636.000000               5
   637.000000               5
   638.000000               5
   639.000000               5
   640.000000               5
   641.000000               5
   642.000000               5
   643.000000               5
   644.000000               6
   645.000000               6
   646.000000               6
   647.000000               6
   648.000000               6
   649.000000               6
   650.000000               6
   651.000000               6
   652.000000               6
   653.000000               6
   654.000000               6
   655.000000               6
   656.000000               6
   657.000000               6
   658.000000               6
   659.000000               6
   660.000000               6
   661.000000               6
   662.000000               6
   663.000000               6
   664.000000               6
   665.000000               6
   666.000000               6
   667.000000               6
   668.000000               6
   669.000000               7
   670.000000               7
   671.000000               7
   672.000000               7
   673.000000               7
   674.000000               7
   675.000000               7
   676.000000               7
   677.000000               7
   678.000000               7
   679.000000               7
   680.000000               7
   681.000000               7
   682.000000               7
   683.000000               7
   684.000000               7
   685.000000               7
   686.000000               7
   687.000000               7
   688.000000               7
   689.000000               7
   690.000000               7
   691.000000               7
   692.000000               7
   693.000000               7
   694.000000               7
   695.000000               7
   696.000000               7
   697.000000               7
   698.000000               7
   699.000000               7
   700.000000               7
   701.000000               7
   702.000000               7
   703.000000               7
   704.000000               7
   705.000000               7
   706.000000               7
   707.000000               7
   708.000000               7
   709.000000               7
   710.000000               7
   711.000000               7
   712.000000               7
   713.000000               7
   714.000000               7
   715.000000               7
   716.000000               7
   717.000000               7
   718.000000               7
   719.000000               7
   720.000000               7
   721.000000               7
   722.000000               7
   723.000000               7
   724.000000               7
   725.000000               7
   726.000000               7
   727.000000               7
   728.000000               7
   729.000000               7
   730.000000               7
   731.000000               7
   732.000000               7
   733.000000               7
   734.000000               7
   735.000000               7
   736.000000               7
   737.000000               7
   738.000000               7
   739.000000               7
   740.000000               7
   741.000000               7
   742.000000               7
   743.000000               7
   744.000000               7
   745.000000               7
   746.000000               7
   747.000000               7
   748.000000               7
   749.000000               7
   750.000000               7
   751.000000               7
   752.000000               7
   753.000000               7
   754.000000               7
   755.000000               7
   756.000000               7
   757.000000               7
   758.000000               7
   759.000000               7
   760.000000               7
   761.000000               7
   762.000000               7
   763.000000               7
   764.000000               7
   765.000000               7
   766.000000               7
   767.000000               7
   768.000000               7
   769.000000               7
   770.000000               7
   771.000000               7
   772.000000               7
   773.000000               7
   774.000000               7
   775.000000               7
   776.000000               7
   777.000000               7
   778.000000               7
   779.000000               7
   780.000000               7
   781.000000               7
   782.000000               7
   783.000000               7
   784.000000               7
   785.000000               7
   786.000000               7
   787.000000               7
   788.000000               7
   789.000000               7
   790.000000               7
   791.000000               7
   792.000000               7
   793.000000               7
   794.000000               7
   795.000000               7
   796.000000               7
   797.000000               7
   798.000000               7
   799.000000               7
   800.000000               7
   801.000000               7
   802.000000               7
   803.000000               7
   804.000000               7
   805.000000               7
   806.000000               7
   807.000000               7
   808.000000               7
   809.000000               7
   810.000000               7
   811.000000               7
   812.000000               7
   813.000000               7
   814.000000               7
   815.000000               7
   816.000000               7
   817.000000               7
   818.000000               7
   819.000000               7
   820.000000               7
   821.000000               7
   822.000000               7
   823.000000               7
   824.000000               7
   825.000000               7
   826.000000               7
   827.000000               7
   828.000000               7
   829.000000               7
   830.000000               7
   831.000000               7
   832.000000               7
   833.000000               7
   834.000000               7
   835.000000               7
   836.000000               7
   837.000000               7
   838.000000               7
   839.000000               7
   840.000000               7
   841.000000               7
   842.000000               7
   843.000000               8
   844.000000               8
   845.000000               8
   846.000000               8
   847.000000               8
   848.000000               8
   849.000000               8
   850.000000               8
   851.000000               8
   852.000000               8
   853.000000               8
   854.000000               8
   855.000000               8
   856.000000               8
   857.000000               8
   858.000000               8
   859.000000               8
   860.000000               8
   861.000000               8
   862.000000               8
   863.000000               8
   864.000000               8
   865.000000               8
   866.000000               8
   867.000000               8
   868.000000               8
   869.000000               8
   870.000000               8
   871.000000               8
   872.000000               8
   873.000000               8
   874.000000               8
   875.000000               8
   876.000000               8
   877.000000               8
   878.000000               8
   879.000000               8
   880.000000               8
   881.000000               9
   882.000000               9
   883.000000               9
   884.000000               9
   885.000000               9
   886.000000               9
   887.000000               9
   888.000000               9
   889.000000               9
   890.000000               9
   891.000000               9
   892.000000               9
   893.000000               9
   894.000000               9
   895.000000               9
   896.000000               9
   897.000000               9
   898.000000               9
   899.000000               9
   900.000000               9
   901.000000               9
   902.000000               9
   903.000000               9
   904.000000               9
   905.000000               9
   906.000000               9
   907.000000               9
   908.000000               9
   909.000000               9
   910.000000               9
   911.000000               9
   912.000000               9
   913.000000               9
   914.000000               9
   915.000000               9
   916.000000               9
   917.000000               9
   918.000000               9
   919.000000               9
   920.000000               9
   921.000000               9
   922.000000               9
   923.000000               9
   924.000000               9
   925.000000               9
   926.000000               9
   927.000000               9
   928.000000               9
   929.000000               9
   930.000000               9
   931.000000               9
   932.000000               9
   933.000000               9
   934.000000               9
   935.000000               9
   936.000000               9
   937.000000               9
   938.000000               9
   939.000000               9
   940.000000               9
   941.000000               9
   942.000000               9
   943.000000               9
   944.000000               9
   945.000000               9
   946.000000               9
   947.000000               9
   948.000000               9
   949.000000               9
   950.000000               9
   951.000000               9
   952.000000               9
   953.000000               9
   954.000000               9
   955.000000               9
   956.000000               9
   957.000000               9
   958.000000               9
   959.000000               9
   960.000000               9
   961.000000               9
   962.000000               9
   963.000000               9
   964.000000               9
   965.000000               9
   966.000000               9
   967.000000               9
   968.000000               9
   969.000000               9
   970.000000               9
   971.000000               9
   972.000000               9
   973.000000               9
   974.000000               9
   975.000000               9
   976.000000               9
   977.000000               9
   978.000000               9
   979.000000               9
   980.000000               9
   981.000000               9
   982.000000               9
   983.000000               9
   984.000000               9
   985.000000               9
   986.000000               9
   987.000000               9
   988.000000               9
   989.000000               9
   990.000000               9
   991.000000               9
   992.000000               9
   993.000000               9
   994.000000               9
   995.000000               9
   996.000000               9
   997.000000               9
   998.000000               9
   999.000000               9
   1000.00000               9
