 Permeation events over simulation time.
 t(ns) Number of events
   0.00000000               0
   1.00000000               0
   2.00000000               0
   3.00000000               0
   4.00000000               0
   5.00000000               0
   6.00000000               0
   7.00000000               0
   8.00000000               0
   9.00000000               0
   10.0000000               0
   11.0000000               0
   12.0000000               0
   13.0000000               0
   14.0000000               0
   15.0000000               0
   16.0000000               0
   17.0000000               0
   18.0000000               0
   19.0000000               0
   20.0000000               0
   21.0000000               0
   22.0000000               0
   23.0000000               0
   24.0000000               0
   25.0000000               0
   26.0000000               0
   27.0000000               0
   28.0000000               0
   29.0000000               0
   30.0000000               0
   31.0000000               0
   32.0000000               0
   33.0000000               0
   34.0000000               0
   35.0000000               0
   36.0000000               0
   37.0000000               0
   38.0000000               0
   39.0000000               0
   40.0000000               0
   41.0000000               0
   42.0000000               0
   43.0000000               0
   44.0000000               0
   45.0000000               0
   46.0000000               0
   47.0000000               0
   48.0000000               0
   49.0000000               0
   50.0000000               0
   51.0000000               0
   52.0000000               0
   53.0000000               0
   54.0000000               0
   55.0000000               0
   56.0000000               0
   57.0000000               0
   58.0000000               0
   59.0000000               0
   60.0000000               0
   61.0000000               0
   62.0000000               0
   63.0000000               0
   64.0000000               0
   65.0000000               0
   66.0000000               0
   67.0000000               0
   68.0000000               0
   69.0000000               0
   70.0000000               0
   71.0000000               0
   72.0000000               0
   73.0000000               0
   74.0000000               0
   75.0000000               0
   76.0000000               0
   77.0000000               0
   78.0000000               0
   79.0000000               0
   80.0000000               0
   81.0000000               0
   82.0000000               0
   83.0000000               0
   84.0000000               0
   85.0000000               0
   86.0000000               0
   87.0000000               0
   88.0000000               0
   89.0000000               1
   90.0000000               1
   91.0000000               1
   92.0000000               1
   93.0000000               1
   94.0000000               1
   95.0000000               1
   96.0000000               1
   97.0000000               1
   98.0000000               1
   99.0000000               1
   100.000000               1
   101.000000               1
   102.000000               1
   103.000000               1
   104.000000               1
   105.000000               1
   106.000000               1
   107.000000               1
   108.000000               1
   109.000000               1
   110.000000               1
   111.000000               1
   112.000000               1
   113.000000               1
   114.000000               1
   115.000000               1
   116.000000               1
   117.000000               1
   118.000000               1
   119.000000               1
   120.000000               1
   121.000000               1
   122.000000               1
   123.000000               1
   124.000000               1
   125.000000               1
   126.000000               1
   127.000000               1
   128.000000               1
   129.000000               1
   130.000000               1
   131.000000               1
   132.000000               1
   133.000000               1
   134.000000               1
   135.000000               1
   136.000000               1
   137.000000               1
   138.000000               1
   139.000000               1
   140.000000               1
   141.000000               1
   142.000000               1
   143.000000               1
   144.000000               1
   145.000000               1
   146.000000               1
   147.000000               1
   148.000000               1
   149.000000               1
   150.000000               1
   151.000000               1
   152.000000               1
   153.000000               1
   154.000000               1
   155.000000               1
   156.000000               1
   157.000000               1
   158.000000               1
   159.000000               1
   160.000000               1
   161.000000               1
   162.000000               1
   163.000000               1
   164.000000               1
   165.000000               1
   166.000000               1
   167.000000               1
   168.000000               1
   169.000000               1
   170.000000               1
   171.000000               1
   172.000000               1
   173.000000               1
   174.000000               1
   175.000000               1
   176.000000               1
   177.000000               1
   178.000000               1
   179.000000               1
   180.000000               1
   181.000000               1
   182.000000               1
   183.000000               1
   184.000000               1
   185.000000               1
   186.000000               1
   187.000000               1
   188.000000               1
   189.000000               1
   190.000000               1
   191.000000               1
   192.000000               1
   193.000000               1
   194.000000               1
   195.000000               1
   196.000000               1
   197.000000               1
   198.000000               1
   199.000000               1
   200.000000               1
   201.000000               1
   202.000000               1
   203.000000               1
   204.000000               1
   205.000000               1
   206.000000               1
   207.000000               1
   208.000000               1
   209.000000               1
   210.000000               1
   211.000000               1
   212.000000               1
   213.000000               1
   214.000000               1
   215.000000               1
   216.000000               1
   217.000000               1
   218.000000               1
   219.000000               1
   220.000000               1
   221.000000               1
   222.000000               1
   223.000000               1
   224.000000               1
   225.000000               1
   226.000000               1
   227.000000               1
   228.000000               1
   229.000000               1
   230.000000               1
   231.000000               1
   232.000000               1
   233.000000               1
   234.000000               1
   235.000000               1
   236.000000               1
   237.000000               1
   238.000000               1
   239.000000               1
   240.000000               1
   241.000000               1
   242.000000               1
   243.000000               1
   244.000000               1
   245.000000               1
   246.000000               1
   247.000000               1
   248.000000               1
   249.000000               1
   250.000000               1
   251.000000               1
   252.000000               1
   253.000000               1
   254.000000               1
   255.000000               1
   256.000000               1
   257.000000               1
   258.000000               1
   259.000000               1
   260.000000               1
   261.000000               1
   262.000000               1
   263.000000               1
   264.000000               1
   265.000000               1
   266.000000               1
   267.000000               1
   268.000000               1
   269.000000               1
   270.000000               1
   271.000000               1
   272.000000               1
   273.000000               1
   274.000000               1
   275.000000               1
   276.000000               1
   277.000000               1
   278.000000               1
   279.000000               1
   280.000000               1
   281.000000               1
   282.000000               1
   283.000000               1
   284.000000               1
   285.000000               1
   286.000000               1
   287.000000               1
   288.000000               1
   289.000000               1
   290.000000               1
   291.000000               1
   292.000000               1
   293.000000               1
   294.000000               1
   295.000000               1
   296.000000               1
   297.000000               1
   298.000000               1
   299.000000               1
   300.000000               1
   301.000000               1
   302.000000               1
   303.000000               1
   304.000000               1
   305.000000               1
   306.000000               1
   307.000000               1
   308.000000               1
   309.000000               1
   310.000000               1
   311.000000               1
   312.000000               1
   313.000000               1
   314.000000               1
   315.000000               2
   316.000000               2
   317.000000               2
   318.000000               2
   319.000000               2
   320.000000               2
   321.000000               2
   322.000000               2
   323.000000               2
   324.000000               2
   325.000000               2
   326.000000               2
   327.000000               2
   328.000000               2
   329.000000               2
   330.000000               3
   331.000000               3
   332.000000               3
   333.000000               3
   334.000000               3
   335.000000               3
   336.000000               3
   337.000000               3
   338.000000               3
   339.000000               3
   340.000000               3
   341.000000               3
   342.000000               3
   343.000000               3
   344.000000               3
   345.000000               3
   346.000000               3
   347.000000               3
   348.000000               3
   349.000000               3
   350.000000               3
   351.000000               3
   352.000000               3
   353.000000               3
   354.000000               3
   355.000000               3
   356.000000               3
   357.000000               3
   358.000000               3
   359.000000               3
   360.000000               3
   361.000000               3
   362.000000               3
   363.000000               3
   364.000000               3
   365.000000               4
   366.000000               4
   367.000000               4
   368.000000               4
   369.000000               4
   370.000000               4
   371.000000               4
   372.000000               4
   373.000000               4
   374.000000               4
   375.000000               4
   376.000000               4
   377.000000               4
   378.000000               4
   379.000000               5
   380.000000               5
   381.000000               5
   382.000000               5
   383.000000               5
   384.000000               5
   385.000000               5
   386.000000               5
   387.000000               5
   388.000000               5
   389.000000               5
   390.000000               5
   391.000000               5
   392.000000               5
   393.000000               5
   394.000000               5
   395.000000               5
   396.000000               5
   397.000000               5
   398.000000               5
   399.000000               5
   400.000000               5
   401.000000               5
   402.000000               5
   403.000000               5
   404.000000               5
   405.000000               5
   406.000000               5
   407.000000               5
   408.000000               5
   409.000000               5
   410.000000               5
   411.000000               5
   412.000000               5
   413.000000               5
   414.000000               5
   415.000000               5
   416.000000               5
   417.000000               5
   418.000000               5
   419.000000               5
   420.000000               5
   421.000000               5
   422.000000               5
   423.000000               5
   424.000000               5
   425.000000               5
   426.000000               5
   427.000000               5
   428.000000               5
   429.000000               5
   430.000000               5
   431.000000               5
   432.000000               5
   433.000000               5
   434.000000               5
   435.000000               5
   436.000000               5
   437.000000               5
   438.000000               5
   439.000000               5
   440.000000               5
   441.000000               5
   442.000000               5
   443.000000               5
   444.000000               5
   445.000000               5
   446.000000               5
   447.000000               5
   448.000000               5
   449.000000               5
   450.000000               5
   451.000000               5
   452.000000               5
   453.000000               5
   454.000000               5
   455.000000               5
   456.000000               5
   457.000000               5
   458.000000               5
   459.000000               5
   460.000000               5
   461.000000               5
   462.000000               5
   463.000000               5
   464.000000               5
   465.000000               5
   466.000000               5
   467.000000               5
   468.000000               5
   469.000000               5
   470.000000               5
   471.000000               5
   472.000000               5
   473.000000               5
   474.000000               5
   475.000000               5
   476.000000               5
   477.000000               5
   478.000000               5
   479.000000               5
   480.000000               5
   481.000000               5
   482.000000               5
   483.000000               5
   484.000000               5
   485.000000               6
   486.000000               6
   487.000000               6
   488.000000               6
   489.000000               6
   490.000000               6
   491.000000               6
   492.000000               6
   493.000000               6
   494.000000               6
   495.000000               6
   496.000000               6
   497.000000               6
   498.000000               6
   499.000000               6
   500.000000               6
   501.000000               6
   502.000000               6
   503.000000               6
   504.000000               6
   505.000000               6
   506.000000               6
   507.000000               6
   508.000000               6
   509.000000               6
   510.000000               6
   511.000000               6
   512.000000               6
   513.000000               6
   514.000000               6
   515.000000               6
   516.000000               6
   517.000000               6
   518.000000               6
   519.000000               6
   520.000000               6
   521.000000               6
   522.000000               6
   523.000000               6
   524.000000               6
   525.000000               6
   526.000000               6
   527.000000               6
   528.000000               6
   529.000000               6
   530.000000               6
   531.000000               6
   532.000000               6
   533.000000               6
   534.000000               6
   535.000000               6
   536.000000               6
   537.000000               6
   538.000000               6
   539.000000               6
   540.000000               6
   541.000000               6
   542.000000               6
   543.000000               6
   544.000000               6
   545.000000               6
   546.000000               6
   547.000000               6
   548.000000               6
   549.000000               6
   550.000000               7
   551.000000               7
   552.000000               7
   553.000000               7
   554.000000               7
   555.000000               7
   556.000000               7
   557.000000               7
   558.000000               7
   559.000000               7
   560.000000               7
   561.000000               7
   562.000000               7
   563.000000               7
   564.000000               7
   565.000000               7
   566.000000               7
   567.000000               7
   568.000000               7
   569.000000               7
   570.000000               7
   571.000000               7
   572.000000               7
   573.000000               7
   574.000000               7
   575.000000               7
   576.000000               7
   577.000000               7
   578.000000               7
   579.000000               7
   580.000000               7
   581.000000               7
   582.000000               7
   583.000000               7
   584.000000               7
   585.000000               7
   586.000000               7
   587.000000               7
   588.000000               7
   589.000000               7
   590.000000               7
   591.000000               7
   592.000000               7
   593.000000               7
   594.000000               7
   595.000000               7
   596.000000               7
   597.000000               7
   598.000000               7
   599.000000               7
   600.000000               7
   601.000000               7
   602.000000               7
   603.000000               7
   604.000000               7
   605.000000               7
   606.000000               8
   607.000000               8
   608.000000               8
   609.000000               8
   610.000000               8
   611.000000               8
   612.000000               8
   613.000000               8
   614.000000               8
   615.000000               8
   616.000000               8
   617.000000               8
   618.000000               8
   619.000000               8
   620.000000               8
   621.000000               8
   622.000000               8
   623.000000               8
   624.000000               8
   625.000000               8
   626.000000               8
   627.000000               8
   628.000000               8
   629.000000               8
   630.000000               8
   631.000000               8
   632.000000               8
   633.000000               8
   634.000000               8
   635.000000               8
   636.000000               8
   637.000000               8
   638.000000               8
   639.000000               8
   640.000000               8
   641.000000               8
   642.000000               8
   643.000000               8
   644.000000               8
   645.000000               8
   646.000000               8
   647.000000               8
   648.000000               8
   649.000000               8
   650.000000               8
   651.000000               8
   652.000000               8
   653.000000               8
   654.000000               8
   655.000000               8
   656.000000               8
   657.000000               8
   658.000000               8
   659.000000               8
   660.000000               8
   661.000000               8
   662.000000               8
   663.000000               8
   664.000000               8
   665.000000               8
   666.000000               8
   667.000000               8
   668.000000               8
   669.000000               8
   670.000000               8
   671.000000               8
   672.000000               8
   673.000000               8
   674.000000               8
   675.000000               8
   676.000000               8
   677.000000               8
   678.000000               8
   679.000000               8
   680.000000               8
   681.000000               8
   682.000000               8
   683.000000               8
   684.000000               8
   685.000000               8
   686.000000               8
   687.000000               8
   688.000000               8
   689.000000               8
   690.000000               8
   691.000000               9
   692.000000               9
   693.000000               9
   694.000000               9
   695.000000              10
   696.000000              10
   697.000000              10
   698.000000              10
   699.000000              11
   700.000000              11
   701.000000              11
   702.000000              11
   703.000000              11
   704.000000              11
   705.000000              11
   706.000000              11
   707.000000              11
   708.000000              11
   709.000000              11
   710.000000              11
   711.000000              11
   712.000000              11
   713.000000              11
   714.000000              11
   715.000000              11
   716.000000              11
   717.000000              11
   718.000000              11
   719.000000              11
   720.000000              11
   721.000000              11
   722.000000              11
   723.000000              11
   724.000000              11
   725.000000              11
   726.000000              11
   727.000000              11
   728.000000              11
   729.000000              11
   730.000000              11
   731.000000              11
   732.000000              11
   733.000000              11
   734.000000              11
   735.000000              11
   736.000000              11
   737.000000              11
   738.000000              11
   739.000000              11
   740.000000              11
   741.000000              11
   742.000000              11
   743.000000              11
   744.000000              11
   745.000000              11
   746.000000              11
   747.000000              11
   748.000000              11
   749.000000              11
   750.000000              11
   751.000000              11
   752.000000              11
   753.000000              11
   754.000000              11
   755.000000              11
   756.000000              11
   757.000000              11
   758.000000              11
   759.000000              11
   760.000000              11
   761.000000              11
   762.000000              11
   763.000000              11
   764.000000              11
   765.000000              11
   766.000000              11
   767.000000              11
   768.000000              11
   769.000000              11
   770.000000              11
   771.000000              11
   772.000000              11
   773.000000              11
   774.000000              11
   775.000000              11
   776.000000              11
   777.000000              11
   778.000000              11
   779.000000              11
   780.000000              11
   781.000000              11
   782.000000              11
   783.000000              11
   784.000000              11
   785.000000              11
   786.000000              11
   787.000000              11
   788.000000              11
   789.000000              11
   790.000000              11
   791.000000              11
   792.000000              11
   793.000000              11
   794.000000              11
   795.000000              11
   796.000000              11
   797.000000              11
   798.000000              11
   799.000000              11
   800.000000              11
   801.000000              11
   802.000000              11
   803.000000              11
   804.000000              11
   805.000000              11
   806.000000              11
   807.000000              11
   808.000000              11
   809.000000              11
   810.000000              11
   811.000000              11
   812.000000              11
   813.000000              11
   814.000000              11
   815.000000              11
   816.000000              11
   817.000000              11
   818.000000              11
   819.000000              11
   820.000000              11
   821.000000              11
   822.000000              11
   823.000000              11
   824.000000              11
   825.000000              11
   826.000000              11
   827.000000              11
   828.000000              11
   829.000000              11
   830.000000              11
   831.000000              11
   832.000000              11
   833.000000              11
   834.000000              11
   835.000000              11
   836.000000              11
   837.000000              11
   838.000000              11
   839.000000              11
   840.000000              11
   841.000000              11
   842.000000              11
   843.000000              11
   844.000000              11
   845.000000              11
   846.000000              11
   847.000000              11
   848.000000              11
   849.000000              11
   850.000000              11
   851.000000              11
   852.000000              11
   853.000000              11
   854.000000              11
   855.000000              11
   856.000000              11
   857.000000              11
   858.000000              11
   859.000000              11
   860.000000              11
   861.000000              12
   862.000000              12
   863.000000              12
   864.000000              12
   865.000000              12
   866.000000              12
   867.000000              13
   868.000000              13
   869.000000              13
   870.000000              13
   871.000000              13
   872.000000              13
   873.000000              13
   874.000000              13
   875.000000              13
   876.000000              13
   877.000000              13
   878.000000              13
   879.000000              13
   880.000000              13
   881.000000              13
   882.000000              13
   883.000000              13
   884.000000              13
   885.000000              13
   886.000000              13
   887.000000              13
   888.000000              13
   889.000000              13
   890.000000              13
   891.000000              13
   892.000000              13
   893.000000              13
   894.000000              13
   895.000000              13
   896.000000              13
   897.000000              13
   898.000000              13
   899.000000              13
   900.000000              13
