 Permeation events over simulation time.
 t(ns) Number of events
   0.00000000               0
  0.100000001               0
  0.200000003               0
  0.300000012               0
  0.400000006               0
  0.500000000               0
  0.600000024               0
  0.699999988               0
  0.800000012               0
  0.899999976               0
   1.00000000               0
   1.10000002               0
   1.20000005               0
   1.29999995               0
   1.39999998               0
   1.50000000               0
   1.60000002               0
   1.70000005               0
   1.79999995               0
   1.89999998               0
   2.00000000               0
   2.09999990               0
   2.20000005               0
   2.29999995               0
   2.40000010               0
   2.50000000               0
   2.59999990               0
   2.70000005               0
   2.79999995               0
   2.90000010               0
   3.00000000               0
   3.09999990               0
   3.20000005               0
   3.29999995               0
   3.40000010               0
   3.50000000               0
   3.59999990               0
   3.70000005               0
   3.79999995               0
   3.90000010               0
   4.00000000               0
   4.09999990               0
   4.19999981               0
   4.30000019               0
   4.40000010               0
   4.50000000               0
   4.59999990               0
   4.69999981               0
   4.80000019               0
   4.90000010               0
   5.00000000               0
   5.09999990               0
   5.19999981               0
   5.30000019               0
   5.40000010               0
   5.50000000               0
   5.59999990               0
   5.69999981               0
   5.80000019               0
   5.90000010               0
   6.00000000               0
   6.09999990               0
   6.19999981               0
   6.30000019               0
   6.40000010               0
   6.50000000               0
   6.59999990               0
   6.69999981               0
   6.80000019               1
   6.90000010               1
   7.00000000               1
   7.09999990               1
   7.19999981               1
   7.30000019               1
   7.40000010               1
   7.50000000               1
   7.59999990               1
   7.69999981               1
   7.80000019               1
   7.90000010               1
   8.00000000               1
   8.10000038               1
   8.19999981               2
   8.30000019               2
   8.39999962               2
   8.50000000               2
   8.60000038               2
   8.69999981               2
   8.80000019               2
   8.89999962               2
   9.00000000               2
   9.10000038               2
   9.19999981               2
   9.30000019               2
   9.39999962               2
   9.50000000               2
   9.60000038               2
   9.69999981               2
   9.80000019               2
   9.89999962               2
   10.0000000               2
   10.1000004               2
   10.1999998               2
   10.3000002               2
   10.3999996               2
   10.5000000               2
   10.6000004               2
   10.6999998               2
   10.8000002               2
   10.8999996               2
   11.0000000               2
   11.1000004               2
   11.1999998               2
   11.3000002               2
   11.3999996               2
   11.5000000               2
   11.6000004               2
   11.6999998               2
   11.8000002               2
   11.8999996               2
   12.0000000               2
   12.1000004               2
   12.1999998               2
   12.3000002               2
   12.3999996               2
   12.5000000               2
   12.6000004               2
   12.6999998               2
   12.8000002               2
   12.8999996               2
   13.0000000               2
   13.1000004               2
   13.1999998               2
   13.3000002               2
   13.3999996               2
   13.5000000               2
   13.6000004               2
   13.6999998               2
   13.8000002               2
   13.8999996               2
   14.0000000               2
   14.1000004               2
   14.1999998               2
   14.3000002               2
   14.3999996               2
   14.5000000               2
   14.6000004               2
   14.6999998               2
   14.8000002               2
   14.8999996               2
   15.0000000               2
   15.1000004               2
   15.1999998               2
   15.3000002               2
   15.3999996               2
   15.5000000               2
   15.6000004               2
   15.6999998               2
   15.8000002               2
   15.8999996               2
   16.0000000               2
   16.1000004               2
   16.2000008               2
   16.2999992               2
   16.3999996               2
   16.5000000               2
   16.6000004               2
   16.7000008               3
   16.7999992               3
   16.8999996               3
   17.0000000               3
   17.1000004               3
   17.2000008               3
   17.2999992               3
   17.3999996               3
   17.5000000               3
   17.6000004               3
   17.7000008               3
   17.7999992               3
   17.8999996               3
   18.0000000               3
   18.1000004               3
   18.2000008               3
   18.2999992               3
   18.3999996               3
   18.5000000               3
   18.6000004               3
   18.7000008               3
   18.7999992               3
   18.8999996               4
   19.0000000               4
   19.1000004               4
   19.2000008               4
   19.2999992               4
   19.3999996               4
   19.5000000               4
   19.6000004               4
   19.7000008               4
   19.7999992               5
   19.8999996               5
   20.0000000               5
   20.1000004               5
   20.2000008               5
   20.2999992               5
   20.3999996               5
   20.5000000               5
   20.6000004               5
   20.7000008               5
   20.7999992               5
   20.8999996               5
   21.0000000               5
   21.1000004               5
   21.2000008               5
   21.2999992               5
   21.3999996               5
   21.5000000               5
   21.6000004               5
   21.7000008               5
   21.7999992               5
   21.8999996               5
   22.0000000               5
   22.1000004               5
   22.2000008               5
   22.2999992               5
   22.3999996               5
   22.5000000               5
   22.6000004               5
   22.7000008               5
   22.7999992               5
   22.8999996               5
   23.0000000               5
   23.1000004               5
   23.2000008               5
   23.2999992               5
   23.3999996               5
   23.5000000               5
   23.6000004               5
   23.7000008               5
   23.7999992               5
   23.8999996               5
   24.0000000               5
   24.1000004               5
   24.2000008               5
   24.2999992               5
   24.3999996               5
   24.5000000               5
   24.6000004               5
   24.7000008               5
   24.7999992               5
   24.8999996               5
   25.0000000               5
   25.1000004               5
   25.2000008               5
   25.2999992               5
   25.3999996               5
   25.5000000               5
   25.6000004               5
   25.7000008               5
   25.7999992               5
   25.8999996               5
   26.0000000               5
   26.1000004               5
   26.2000008               5
   26.2999992               5
   26.3999996               5
   26.5000000               5
   26.6000004               5
   26.7000008               5
   26.7999992               5
   26.8999996               5
   27.0000000               5
   27.1000004               5
   27.2000008               5
   27.2999992               5
   27.3999996               5
   27.5000000               5
   27.6000004               5
   27.7000008               5
   27.7999992               5
   27.8999996               5
   28.0000000               5
   28.1000004               5
   28.2000008               5
   28.2999992               5
   28.3999996               5
   28.5000000               5
   28.6000004               5
   28.7000008               5
   28.7999992               5
   28.8999996               5
   29.0000000               5
   29.1000004               5
   29.2000008               5
   29.2999992               5
   29.3999996               5
   29.5000000               5
   29.6000004               5
   29.7000008               5
   29.7999992               5
   29.8999996               5
   30.0000000               5
   30.1000004               5
   30.2000008               5
   30.2999992               5
   30.3999996               5
   30.5000000               5
   30.6000004               5
   30.7000008               5
   30.7999992               5
   30.8999996               5
   31.0000000               5
   31.1000004               5
   31.2000008               5
   31.2999992               5
   31.3999996               5
   31.5000000               5
   31.6000004               5
   31.7000008               5
   31.7999992               5
   31.8999996               5
   32.0000000               5
   32.0999985               5
   32.2000008               5
   32.2999992               5
   32.4000015               5
   32.5000000               5
   32.5999985               5
   32.7000008               5
   32.7999992               5
   32.9000015               5
   33.0000000               5
   33.0999985               5
   33.2000008               5
   33.2999992               5
   33.4000015               5
   33.5000000               5
   33.5999985               5
   33.7000008               5
   33.7999992               5
   33.9000015               5
   34.0000000               5
   34.0999985               5
   34.2000008               5
   34.2999992               5
   34.4000015               5
   34.5000000               5
   34.5999985               5
   34.7000008               5
   34.7999992               5
   34.9000015               5
   35.0000000               5
   35.0999985               5
   35.2000008               5
   35.2999992               5
   35.4000015               5
   35.5000000               5
   35.5999985               5
   35.7000008               5
   35.7999992               5
   35.9000015               5
   36.0000000               5
   36.0999985               5
   36.2000008               5
   36.2999992               5
   36.4000015               5
   36.5000000               5
   36.5999985               5
   36.7000008               5
   36.7999992               5
   36.9000015               5
   37.0000000               5
   37.0999985               5
   37.2000008               5
   37.2999992               5
   37.4000015               5
   37.5000000               5
   37.5999985               5
   37.7000008               5
   37.7999992               5
   37.9000015               5
   38.0000000               5
   38.0999985               5
   38.2000008               5
   38.2999992               5
   38.4000015               5
   38.5000000               5
   38.5999985               5
   38.7000008               5
   38.7999992               5
   38.9000015               5
   39.0000000               5
   39.0999985               5
   39.2000008               5
   39.2999992               5
   39.4000015               5
   39.5000000               5
   39.5999985               5
   39.7000008               5
   39.7999992               5
   39.9000015               5
   40.0000000               5
   40.0999985               5
   40.2000008               5
   40.2999992               5
   40.4000015               5
   40.5000000               5
   40.5999985               5
   40.7000008               5
   40.7999992               5
   40.9000015               5
   41.0000000               5
   41.0999985               5
   41.2000008               5
   41.2999992               5
   41.4000015               5
   41.5000000               5
   41.5999985               5
   41.7000008               5
   41.7999992               5
   41.9000015               5
   42.0000000               5
   42.0999985               5
   42.2000008               5
   42.2999992               5
   42.4000015               5
   42.5000000               5
   42.5999985               5
   42.7000008               5
   42.7999992               5
   42.9000015               5
   43.0000000               5
   43.0999985               5
   43.2000008               5
   43.2999992               5
   43.4000015               5
   43.5000000               5
   43.5999985               5
   43.7000008               5
   43.7999992               5
   43.9000015               5
   44.0000000               5
   44.0999985               5
   44.2000008               5
   44.2999992               6
   44.4000015               6
   44.5000000               6
   44.5999985               6
   44.7000008               6
   44.7999992               6
   44.9000015               6
   45.0000000               6
   45.0999985               6
   45.2000008               6
   45.2999992               6
   45.4000015               6
   45.5000000               6
   45.5999985               6
   45.7000008               6
   45.7999992               6
   45.9000015               6
   46.0000000               6
   46.0999985               6
   46.2000008               6
   46.2999992               6
   46.4000015               6
   46.5000000               6
   46.5999985               7
   46.7000008               7
   46.7999992               8
   46.9000015               8
   47.0000000               8
   47.0999985               8
   47.2000008               8
   47.2999992               9
   47.4000015               9
   47.5000000               9
   47.5999985               9
   47.7000008               9
   47.7999992              10
   47.9000015              10
   48.0000000              10
   48.0999985              10
   48.2000008              10
   48.2999992              10
   48.4000015              10
   48.5000000              10
   48.5999985              10
   48.7000008              10
   48.7999992              10
   48.9000015              10
   49.0000000              10
   49.0999985              10
   49.2000008              10
   49.2999992              10
   49.4000015              10
   49.5000000              10
   49.5999985              10
   49.7000008              10
   49.7999992              10
   49.9000015              10
   50.0000000              10
   50.0999985              10
   50.2000008              10
   50.2999992              10
   50.4000015              10
   50.5000000              10
   50.5999985              10
   50.7000008              10
   50.7999992              10
   50.9000015              10
   51.0000000              10
   51.0999985              10
   51.2000008              10
   51.2999992              10
   51.4000015              10
   51.5000000              10
   51.5999985              10
   51.7000008              10
   51.7999992              10
   51.9000015              10
   52.0000000              10
   52.0999985              10
   52.2000008              10
   52.2999992              10
   52.4000015              10
   52.5000000              10
   52.5999985              10
   52.7000008              10
   52.7999992              10
   52.9000015              10
   53.0000000              10
   53.0999985              10
   53.2000008              10
   53.2999992              10
   53.4000015              10
   53.5000000              10
   53.5999985              10
   53.7000008              10
   53.7999992              10
   53.9000015              10
   54.0000000              10
   54.0999985              10
   54.2000008              10
   54.2999992              10
   54.4000015              10
   54.5000000              10
   54.5999985              10
   54.7000008              10
   54.7999992              10
   54.9000015              10
   55.0000000              10
   55.0999985              10
   55.2000008              10
   55.2999992              10
   55.4000015              10
   55.5000000              10
   55.5999985              10
   55.7000008              10
   55.7999992              10
   55.9000015              10
   56.0000000              10
   56.0999985              10
   56.2000008              10
   56.2999992              10
   56.4000015              10
   56.5000000              10
   56.5999985              10
   56.7000008              10
   56.7999992              10
   56.9000015              10
   57.0000000              10
   57.0999985              10
   57.2000008              10
   57.2999992              10
   57.4000015              10
   57.5000000              10
   57.5999985              10
   57.7000008              10
   57.7999992              10
   57.9000015              10
   58.0000000              10
   58.0999985              10
   58.2000008              10
   58.2999992              10
   58.4000015              10
   58.5000000              10
   58.5999985              10
   58.7000008              10
   58.7999992              10
   58.9000015              10
   59.0000000              10
   59.0999985              10
   59.2000008              10
   59.2999992              10
   59.4000015              10
   59.5000000              10
   59.5999985              10
   59.7000008              10
   59.7999992              10
   59.9000015              10
   60.0000000              10
   60.0999985              10
   60.2000008              10
   60.2999992              10
   60.4000015              10
   60.5000000              10
   60.5999985              10
   60.7000008              10
   60.7999992              10
   60.9000015              10
   61.0000000              10
   61.0999985              10
   61.2000008              10
   61.2999992              10
   61.4000015              10
   61.5000000              10
   61.5999985              10
   61.7000008              10
   61.7999992              11
   61.9000015              11
   62.0000000              11
   62.0999985              11
   62.2000008              11
   62.2999992              11
   62.4000015              11
   62.5000000              11
   62.5999985              11
   62.7000008              11
   62.7999992              11
   62.9000015              11
   63.0000000              11
   63.0999985              11
   63.2000008              11
   63.2999992              11
   63.4000015              11
   63.5000000              11
   63.5999985              11
   63.7000008              11
   63.7999992              11
   63.9000015              11
   64.0000000              11
   64.0999985              11
   64.1999969              11
   64.3000031              11
   64.4000015              11
   64.5000000              11
   64.5999985              11
   64.6999969              11
   64.8000031              11
   64.9000015              11
   65.0000000              11
   65.0999985              11
   65.1999969              11
   65.3000031              11
   65.4000015              11
   65.5000000              11
   65.5999985              11
   65.6999969              11
   65.8000031              11
   65.9000015              11
   66.0000000              11
   66.0999985              11
   66.1999969              11
   66.3000031              11
   66.4000015              11
   66.5000000              11
   66.5999985              11
   66.6999969              11
   66.8000031              11
   66.9000015              11
   67.0000000              11
   67.0999985              11
   67.1999969              11
   67.3000031              11
   67.4000015              11
   67.5000000              11
   67.5999985              11
   67.6999969              11
   67.8000031              11
   67.9000015              11
   68.0000000              11
   68.0999985              11
   68.1999969              11
   68.3000031              11
   68.4000015              11
   68.5000000              11
   68.5999985              11
   68.6999969              11
   68.8000031              11
   68.9000015              11
   69.0000000              11
   69.0999985              11
   69.1999969              11
   69.3000031              11
   69.4000015              11
   69.5000000              11
   69.5999985              11
   69.6999969              11
   69.8000031              11
   69.9000015              11
   70.0000000              11
   70.0999985              11
   70.1999969              11
   70.3000031              11
   70.4000015              11
   70.5000000              11
   70.5999985              11
   70.6999969              11
   70.8000031              11
   70.9000015              11
   71.0000000              11
   71.0999985              11
   71.1999969              11
   71.3000031              11
   71.4000015              11
   71.5000000              11
   71.5999985              11
   71.6999969              11
   71.8000031              11
   71.9000015              11
   72.0000000              11
   72.0999985              11
   72.1999969              11
   72.3000031              11
   72.4000015              11
   72.5000000              11
   72.5999985              11
   72.6999969              11
   72.8000031              11
   72.9000015              11
   73.0000000              11
   73.0999985              11
   73.1999969              11
   73.3000031              11
   73.4000015              11
   73.5000000              11
   73.5999985              11
   73.6999969              11
   73.8000031              11
   73.9000015              11
   74.0000000              11
   74.0999985              11
   74.1999969              11
   74.3000031              11
   74.4000015              11
   74.5000000              11
   74.5999985              11
   74.6999969              11
   74.8000031              11
   74.9000015              11
   75.0000000              11
   75.0999985              11
   75.1999969              11
   75.3000031              11
   75.4000015              11
   75.5000000              11
   75.5999985              11
   75.6999969              11
   75.8000031              11
   75.9000015              11
   76.0000000              11
   76.0999985              11
   76.1999969              11
   76.3000031              11
   76.4000015              11
   76.5000000              11
   76.5999985              11
   76.6999969              11
   76.8000031              11
   76.9000015              11
   77.0000000              11
   77.0999985              11
   77.1999969              11
   77.3000031              11
   77.4000015              11
   77.5000000              11
   77.5999985              11
   77.6999969              11
   77.8000031              11
   77.9000015              11
   78.0000000              11
   78.0999985              11
   78.1999969              11
   78.3000031              11
   78.4000015              11
   78.5000000              11
   78.5999985              11
   78.6999969              11
   78.8000031              11
   78.9000015              11
   79.0000000              11
   79.0999985              11
   79.1999969              11
   79.3000031              11
   79.4000015              11
   79.5000000              11
   79.5999985              11
   79.6999969              11
   79.8000031              11
   79.9000015              11
   80.0000000              11
   80.0999985              11
   80.1999969              11
   80.3000031              11
   80.4000015              11
   80.5000000              11
   80.5999985              11
   80.6999969              11
   80.8000031              11
   80.9000015              11
   81.0000000              11
   81.0999985              11
   81.1999969              11
   81.3000031              11
   81.4000015              11
   81.5000000              11
   81.5999985              11
   81.6999969              11
   81.8000031              11
   81.9000015              11
   82.0000000              11
   82.0999985              11
   82.1999969              11
   82.3000031              11
   82.4000015              11
   82.5000000              11
   82.5999985              11
   82.6999969              11
   82.8000031              11
   82.9000015              11
   83.0000000              11
   83.0999985              11
   83.1999969              11
   83.3000031              11
   83.4000015              11
   83.5000000              11
   83.5999985              11
   83.6999969              11
   83.8000031              11
   83.9000015              11
   84.0000000              11
   84.0999985              11
   84.1999969              11
   84.3000031              11
   84.4000015              11
   84.5000000              11
   84.5999985              11
   84.6999969              11
   84.8000031              11
   84.9000015              11
   85.0000000              12
   85.0999985              12
   85.1999969              12
   85.3000031              12
   85.4000015              12
   85.5000000              12
   85.5999985              12
   85.6999969              12
   85.8000031              12
   85.9000015              12
   86.0000000              12
   86.0999985              12
   86.1999969              12
   86.3000031              12
   86.4000015              12
   86.5000000              12
   86.5999985              12
   86.6999969              12
   86.8000031              12
   86.9000015              12
   87.0000000              12
   87.0999985              12
   87.1999969              12
   87.3000031              12
   87.4000015              12
   87.5000000              12
   87.5999985              12
   87.6999969              12
   87.8000031              12
   87.9000015              12
   88.0000000              12
   88.0999985              12
   88.1999969              12
   88.3000031              12
   88.4000015              12
   88.5000000              12
   88.5999985              12
   88.6999969              12
   88.8000031              12
   88.9000015              12
   89.0000000              12
   89.0999985              12
   89.1999969              12
   89.3000031              12
   89.4000015              12
   89.5000000              12
   89.5999985              12
   89.6999969              12
   89.8000031              12
   89.9000015              12
   90.0000000              12
   90.0999985              12
   90.1999969              12
   90.3000031              12
   90.4000015              12
   90.5000000              12
   90.5999985              12
   90.6999969              12
   90.8000031              12
   90.9000015              12
   91.0000000              12
   91.0999985              12
   91.1999969              12
   91.3000031              12
   91.4000015              12
   91.5000000              12
   91.5999985              12
   91.6999969              12
   91.8000031              12
   91.9000015              12
   92.0000000              12
   92.0999985              12
   92.1999969              12
   92.3000031              12
   92.4000015              12
   92.5000000              12
   92.5999985              12
   92.6999969              12
   92.8000031              12
   92.9000015              12
   93.0000000              12
   93.0999985              12
   93.1999969              12
   93.3000031              12
   93.4000015              12
   93.5000000              12
   93.5999985              12
   93.6999969              12
   93.8000031              12
   93.9000015              12
   94.0000000              12
   94.0999985              12
   94.1999969              12
   94.3000031              12
   94.4000015              13
   94.5000000              13
   94.5999985              13
   94.6999969              13
   94.8000031              13
   94.9000015              13
   95.0000000              13
   95.0999985              14
   95.1999969              14
   95.3000031              14
   95.4000015              14
   95.5000000              14
   95.5999985              14
   95.6999969              14
   95.8000031              14
   95.9000015              14
   96.0000000              14
   96.0999985              14
   96.1999969              14
   96.3000031              14
   96.4000015              14
   96.5000000              14
   96.5999985              14
   96.6999969              14
   96.8000031              14
   96.9000015              14
   97.0000000              14
   97.0999985              14
   97.1999969              14
   97.3000031              14
   97.4000015              14
   97.5000000              14
   97.5999985              14
   97.6999969              14
   97.8000031              14
   97.9000015              14
   98.0000000              14
   98.0999985              14
   98.1999969              14
   98.3000031              14
   98.4000015              14
   98.5000000              14
   98.5999985              14
   98.6999969              14
   98.8000031              14
   98.9000015              14
   99.0000000              14
   99.0999985              14
   99.1999969              14
   99.3000031              14
   99.4000015              14
   99.5000000              14
   99.5999985              14
   99.6999969              14
   99.8000031              14
   99.9000015              14
   100.000000              14
   100.099998              14
   100.199997              14
   100.300003              14
   100.400002              14
   100.500000              14
   100.599998              14
   100.699997              14
   100.800003              14
   100.900002              14
   101.000000              14
   101.099998              14
   101.199997              14
   101.300003              14
   101.400002              14
   101.500000              14
   101.599998              14
   101.699997              14
   101.800003              14
   101.900002              14
   102.000000              14
   102.099998              14
   102.199997              14
   102.300003              14
   102.400002              14
   102.500000              14
   102.599998              14
   102.699997              14
   102.800003              14
   102.900002              14
   103.000000              14
   103.099998              14
   103.199997              14
   103.300003              14
   103.400002              14
   103.500000              14
   103.599998              14
   103.699997              14
   103.800003              14
   103.900002              14
   104.000000              14
   104.099998              14
   104.199997              14
   104.300003              14
   104.400002              14
   104.500000              14
   104.599998              14
   104.699997              14
   104.800003              14
   104.900002              14
   105.000000              14
   105.099998              14
   105.199997              14
   105.300003              14
   105.400002              14
   105.500000              14
   105.599998              14
   105.699997              14
   105.800003              14
   105.900002              14
   106.000000              14
   106.099998              14
   106.199997              14
   106.300003              14
   106.400002              14
   106.500000              14
   106.599998              14
   106.699997              14
   106.800003              14
   106.900002              14
   107.000000              14
   107.099998              14
   107.199997              14
   107.300003              14
   107.400002              14
   107.500000              14
   107.599998              14
   107.699997              14
   107.800003              14
   107.900002              14
   108.000000              14
   108.099998              14
   108.199997              14
   108.300003              14
   108.400002              14
   108.500000              14
   108.599998              14
   108.699997              14
   108.800003              14
   108.900002              14
   109.000000              14
   109.099998              14
   109.199997              14
   109.300003              14
   109.400002              14
   109.500000              14
   109.599998              14
   109.699997              14
   109.800003              14
   109.900002              14
   110.000000              14
   110.099998              14
   110.199997              14
   110.300003              14
   110.400002              14
   110.500000              14
   110.599998              14
   110.699997              14
   110.800003              14
   110.900002              14
   111.000000              14
   111.099998              14
   111.199997              14
   111.300003              14
   111.400002              14
   111.500000              14
   111.599998              14
   111.699997              14
   111.800003              14
   111.900002              14
   112.000000              14
   112.099998              14
   112.199997              14
   112.300003              14
   112.400002              14
   112.500000              14
   112.599998              14
   112.699997              15
   112.800003              15
   112.900002              15
   113.000000              15
   113.099998              15
   113.199997              15
   113.300003              15
   113.400002              15
   113.500000              15
   113.599998              15
   113.699997              15
   113.800003              15
   113.900002              15
   114.000000              15
   114.099998              15
   114.199997              15
   114.300003              15
   114.400002              15
   114.500000              15
   114.599998              15
   114.699997              15
   114.800003              15
   114.900002              15
   115.000000              15
   115.099998              15
   115.199997              15
   115.300003              15
   115.400002              15
   115.500000              15
   115.599998              15
   115.699997              15
   115.800003              15
   115.900002              15
   116.000000              15
   116.099998              15
   116.199997              15
   116.300003              15
   116.400002              15
   116.500000              15
   116.599998              15
   116.699997              15
   116.800003              15
   116.900002              15
   117.000000              15
   117.099998              15
   117.199997              15
   117.300003              15
   117.400002              15
   117.500000              15
   117.599998              15
   117.699997              15
   117.800003              15
   117.900002              15
   118.000000              15
   118.099998              15
   118.199997              15
   118.300003              15
   118.400002              15
   118.500000              15
   118.599998              15
   118.699997              15
   118.800003              15
   118.900002              15
   119.000000              15
   119.099998              15
   119.199997              15
   119.300003              15
   119.400002              15
   119.500000              15
   119.599998              15
   119.699997              15
   119.800003              15
   119.900002              15
   120.000000              15
   120.099998              15
   120.199997              15
   120.300003              15
   120.400002              15
   120.500000              15
   120.599998              15
   120.699997              15
   120.800003              15
   120.900002              15
   121.000000              15
   121.099998              15
   121.199997              15
   121.300003              15
   121.400002              15
   121.500000              15
   121.599998              15
   121.699997              15
   121.800003              15
   121.900002              15
   122.000000              15
   122.099998              15
   122.199997              15
   122.300003              15
   122.400002              15
   122.500000              15
   122.599998              15
   122.699997              15
   122.800003              15
   122.900002              15
   123.000000              15
   123.099998              15
   123.199997              15
   123.300003              15
   123.400002              15
   123.500000              15
   123.599998              15
   123.699997              15
   123.800003              15
   123.900002              15
   124.000000              15
   124.099998              15
   124.199997              15
   124.300003              15
   124.400002              15
   124.500000              15
   124.599998              15
   124.699997              15
   124.800003              15
   124.900002              15
   125.000000              15
   125.099998              15
   125.199997              15
   125.300003              15
   125.400002              15
   125.500000              15
   125.599998              15
   125.699997              15
   125.800003              15
   125.900002              15
   126.000000              15
   126.099998              15
   126.199997              15
   126.300003              15
   126.400002              15
   126.500000              15
   126.599998              15
   126.699997              15
   126.800003              15
   126.900002              15
   127.000000              15
   127.099998              15
   127.199997              15
   127.300003              15
   127.400002              15
   127.500000              15
   127.599998              15
   127.699997              15
   127.800003              15
   127.900002              15
   128.000000              15
   128.100006              15
   128.199997              15
   128.300003              15
   128.399994              15
   128.500000              15
   128.600006              15
   128.699997              15
   128.800003              15
   128.899994              15
   129.000000              15
   129.100006              15
   129.199997              15
   129.300003              15
   129.399994              15
   129.500000              15
   129.600006              15
   129.699997              15
   129.800003              15
   129.899994              15
   130.000000              15
   130.100006              15
   130.199997              15
   130.300003              15
   130.399994              15
   130.500000              15
   130.600006              15
   130.699997              15
   130.800003              15
   130.899994              15
   131.000000              15
   131.100006              15
   131.199997              15
   131.300003              15
   131.399994              15
   131.500000              15
   131.600006              15
   131.699997              15
   131.800003              15
   131.899994              15
   132.000000              15
   132.100006              15
   132.199997              15
   132.300003              15
   132.399994              15
   132.500000              15
   132.600006              15
   132.699997              15
   132.800003              15
   132.899994              15
   133.000000              15
   133.100006              15
   133.199997              15
   133.300003              15
   133.399994              15
   133.500000              15
   133.600006              15
   133.699997              15
   133.800003              15
   133.899994              15
   134.000000              15
   134.100006              15
   134.199997              15
   134.300003              15
   134.399994              15
   134.500000              15
   134.600006              15
   134.699997              15
   134.800003              15
   134.899994              15
   135.000000              15
   135.100006              15
   135.199997              15
   135.300003              15
   135.399994              15
   135.500000              15
   135.600006              15
   135.699997              15
   135.800003              15
   135.899994              15
   136.000000              15
   136.100006              15
   136.199997              15
   136.300003              15
   136.399994              15
   136.500000              15
   136.600006              15
   136.699997              15
   136.800003              15
   136.899994              15
   137.000000              15
   137.100006              15
   137.199997              15
   137.300003              15
   137.399994              15
   137.500000              15
   137.600006              15
   137.699997              15
   137.800003              15
   137.899994              15
   138.000000              15
   138.100006              15
   138.199997              15
   138.300003              15
   138.399994              15
   138.500000              15
   138.600006              15
   138.699997              15
   138.800003              15
   138.899994              15
   139.000000              15
   139.100006              15
   139.199997              15
   139.300003              15
   139.399994              15
   139.500000              15
   139.600006              15
   139.699997              15
   139.800003              15
   139.899994              15
   140.000000              15
   140.100006              15
   140.199997              15
   140.300003              15
   140.399994              15
   140.500000              15
   140.600006              15
   140.699997              15
   140.800003              15
   140.899994              15
   141.000000              15
   141.100006              15
   141.199997              15
   141.300003              15
   141.399994              15
   141.500000              15
   141.600006              15
   141.699997              15
   141.800003              15
   141.899994              15
   142.000000              15
   142.100006              15
   142.199997              15
   142.300003              15
   142.399994              15
   142.500000              15
   142.600006              15
   142.699997              15
   142.800003              15
   142.899994              15
   143.000000              15
   143.100006              15
   143.199997              15
   143.300003              15
   143.399994              15
   143.500000              15
   143.600006              15
   143.699997              15
   143.800003              15
   143.899994              15
   144.000000              15
   144.100006              15
   144.199997              15
   144.300003              16
   144.399994              16
   144.500000              16
   144.600006              16
   144.699997              16
   144.800003              16
   144.899994              16
   145.000000              16
   145.100006              16
   145.199997              16
   145.300003              16
   145.399994              16
   145.500000              16
   145.600006              16
   145.699997              16
   145.800003              16
   145.899994              16
   146.000000              16
   146.100006              16
   146.199997              16
   146.300003              16
   146.399994              16
   146.500000              16
   146.600006              16
   146.699997              16
   146.800003              16
   146.899994              16
   147.000000              16
   147.100006              16
   147.199997              16
   147.300003              16
   147.399994              16
   147.500000              16
   147.600006              16
   147.699997              16
   147.800003              16
   147.899994              16
   148.000000              16
   148.100006              16
   148.199997              16
   148.300003              16
   148.399994              16
   148.500000              16
   148.600006              16
   148.699997              16
   148.800003              16
   148.899994              16
   149.000000              16
   149.100006              16
   149.199997              16
   149.300003              16
   149.399994              16
   149.500000              16
   149.600006              16
   149.699997              16
   149.800003              16
   149.899994              16
   150.000000              16
   150.100006              16
   150.199997              16
   150.300003              16
   150.399994              16
   150.500000              16
   150.600006              16
   150.699997              16
   150.800003              16
   150.899994              16
   151.000000              16
   151.100006              16
   151.199997              16
   151.300003              16
   151.399994              16
   151.500000              16
   151.600006              16
   151.699997              16
   151.800003              16
   151.899994              16
   152.000000              16
   152.100006              16
   152.199997              16
   152.300003              16
   152.399994              16
   152.500000              16
   152.600006              16
   152.699997              16
   152.800003              16
   152.899994              16
   153.000000              16
   153.100006              16
   153.199997              16
   153.300003              16
   153.399994              16
   153.500000              16
   153.600006              16
   153.699997              16
   153.800003              16
   153.899994              16
   154.000000              16
   154.100006              16
   154.199997              16
   154.300003              16
   154.399994              16
   154.500000              16
   154.600006              16
   154.699997              16
   154.800003              16
   154.899994              16
   155.000000              16
   155.100006              16
   155.199997              16
   155.300003              16
   155.399994              16
   155.500000              16
   155.600006              16
   155.699997              16
   155.800003              16
   155.899994              16
   156.000000              16
   156.100006              16
   156.199997              16
   156.300003              16
   156.399994              16
   156.500000              16
   156.600006              16
   156.699997              16
   156.800003              16
   156.899994              16
   157.000000              16
   157.100006              16
   157.199997              16
   157.300003              16
   157.399994              16
   157.500000              16
   157.600006              16
   157.699997              16
   157.800003              16
   157.899994              16
   158.000000              16
   158.100006              16
   158.199997              16
   158.300003              16
   158.399994              16
   158.500000              16
   158.600006              16
   158.699997              16
   158.800003              16
   158.899994              16
   159.000000              16
   159.100006              16
   159.199997              16
   159.300003              16
   159.399994              16
   159.500000              16
   159.600006              16
   159.699997              16
   159.800003              16
   159.899994              16
   160.000000              16
   160.100006              16
   160.199997              16
   160.300003              16
   160.399994              16
   160.500000              16
   160.600006              16
   160.699997              16
   160.800003              16
   160.899994              16
   161.000000              16
   161.100006              16
   161.199997              16
   161.300003              16
   161.399994              16
   161.500000              16
   161.600006              16
   161.699997              16
   161.800003              16
   161.899994              16
   162.000000              16
   162.100006              16
   162.199997              16
   162.300003              16
   162.399994              16
   162.500000              16
   162.600006              16
   162.699997              16
   162.800003              16
   162.899994              16
   163.000000              16
   163.100006              16
   163.199997              16
   163.300003              16
   163.399994              16
   163.500000              16
   163.600006              16
   163.699997              16
   163.800003              16
   163.899994              16
   164.000000              16
   164.100006              16
   164.199997              16
   164.300003              16
   164.399994              16
   164.500000              16
   164.600006              16
   164.699997              16
   164.800003              16
   164.899994              16
   165.000000              16
   165.100006              16
   165.199997              16
   165.300003              16
   165.399994              16
   165.500000              16
   165.600006              16
   165.699997              16
   165.800003              16
   165.899994              16
   166.000000              16
   166.100006              16
   166.199997              16
   166.300003              16
   166.399994              16
   166.500000              16
   166.600006              16
   166.699997              16
   166.800003              16
   166.899994              16
   167.000000              16
   167.100006              16
   167.199997              16
   167.300003              16
   167.399994              16
   167.500000              16
   167.600006              16
   167.699997              16
   167.800003              16
   167.899994              16
   168.000000              16
   168.100006              16
   168.199997              16
   168.300003              16
   168.399994              16
   168.500000              16
   168.600006              16
   168.699997              16
   168.800003              16
   168.899994              16
   169.000000              16
   169.100006              16
   169.199997              16
   169.300003              16
   169.399994              16
   169.500000              16
   169.600006              16
   169.699997              16
   169.800003              16
   169.899994              16
   170.000000              16
   170.100006              16
   170.199997              16
   170.300003              16
   170.399994              16
   170.500000              16
   170.600006              16
   170.699997              16
   170.800003              16
   170.899994              16
   171.000000              16
   171.100006              16
   171.199997              16
   171.300003              16
   171.399994              16
   171.500000              16
   171.600006              16
   171.699997              17
   171.800003              17
   171.899994              17
   172.000000              17
   172.100006              17
   172.199997              17
   172.300003              17
   172.399994              17
   172.500000              17
   172.600006              18
   172.699997              18
   172.800003              18
   172.899994              18
   173.000000              18
   173.100006              18
   173.199997              18
   173.300003              18
   173.399994              18
   173.500000              18
   173.600006              18
   173.699997              18
   173.800003              18
   173.899994              18
   174.000000              18
   174.100006              18
   174.199997              18
   174.300003              18
   174.399994              18
   174.500000              18
   174.600006              18
   174.699997              18
   174.800003              18
   174.899994              18
   175.000000              18
   175.100006              18
   175.199997              18
   175.300003              18
   175.399994              18
   175.500000              18
   175.600006              18
   175.699997              18
   175.800003              18
   175.899994              18
   176.000000              18
   176.100006              18
   176.199997              18
   176.300003              18
   176.399994              18
   176.500000              18
   176.600006              18
   176.699997              18
   176.800003              18
   176.899994              18
   177.000000              18
   177.100006              18
   177.199997              18
   177.300003              18
   177.399994              18
   177.500000              18
   177.600006              18
   177.699997              18
   177.800003              18
   177.899994              18
   178.000000              18
   178.100006              18
   178.199997              18
   178.300003              18
   178.399994              18
   178.500000              18
   178.600006              19
   178.699997              19
   178.800003              19
   178.899994              19
   179.000000              19
   179.100006              19
   179.199997              19
   179.300003              19
   179.399994              19
   179.500000              19
   179.600006              19
   179.699997              19
   179.800003              19
   179.899994              19
   180.000000              19
   180.100006              19
   180.199997              19
   180.300003              19
   180.399994              19
   180.500000              19
   180.600006              19
   180.699997              19
   180.800003              19
   180.899994              19
   181.000000              19
   181.100006              19
   181.199997              19
   181.300003              19
   181.399994              19
   181.500000              19
   181.600006              19
   181.699997              19
   181.800003              19
   181.899994              19
   182.000000              19
   182.100006              20
   182.199997              20
   182.300003              20
   182.399994              20
   182.500000              20
   182.600006              20
   182.699997              20
   182.800003              20
   182.899994              20
   183.000000              20
   183.100006              20
   183.199997              20
   183.300003              20
   183.399994              20
   183.500000              20
   183.600006              20
   183.699997              20
   183.800003              20
   183.899994              20
   184.000000              20
   184.100006              20
   184.199997              20
   184.300003              20
   184.399994              20
   184.500000              20
   184.600006              20
   184.699997              20
   184.800003              20
   184.899994              20
   185.000000              20
   185.100006              20
   185.199997              20
   185.300003              20
   185.399994              20
   185.500000              20
   185.600006              20
   185.699997              20
   185.800003              20
   185.899994              20
   186.000000              20
   186.100006              20
   186.199997              20
   186.300003              20
   186.399994              20
   186.500000              20
   186.600006              20
   186.699997              20
   186.800003              20
   186.899994              20
   187.000000              20
   187.100006              20
   187.199997              20
   187.300003              20
   187.399994              20
   187.500000              20
   187.600006              20
   187.699997              20
   187.800003              20
   187.899994              20
   188.000000              20
   188.100006              20
   188.199997              20
   188.300003              20
   188.399994              20
   188.500000              20
   188.600006              20
   188.699997              20
   188.800003              20
   188.899994              20
   189.000000              20
   189.100006              20
   189.199997              20
   189.300003              20
   189.399994              20
   189.500000              20
   189.600006              20
   189.699997              20
   189.800003              20
   189.899994              20
   190.000000              20
   190.100006              20
   190.199997              20
   190.300003              20
   190.399994              20
   190.500000              20
   190.600006              20
   190.699997              20
   190.800003              20
   190.899994              20
   191.000000              20
   191.100006              20
   191.199997              20
   191.300003              20
   191.399994              20
   191.500000              20
   191.600006              20
   191.699997              20
   191.800003              20
   191.899994              20
   192.000000              20
   192.100006              20
   192.199997              20
   192.300003              20
   192.399994              20
   192.500000              20
   192.600006              20
   192.699997              20
   192.800003              20
   192.899994              20
   193.000000              20
   193.100006              20
   193.199997              20
   193.300003              20
   193.399994              20
   193.500000              20
   193.600006              21
   193.699997              21
   193.800003              21
   193.899994              21
   194.000000              21
   194.100006              21
   194.199997              21
   194.300003              21
   194.399994              21
   194.500000              21
   194.600006              21
   194.699997              21
   194.800003              21
   194.899994              21
   195.000000              21
   195.100006              21
   195.199997              21
   195.300003              21
   195.399994              21
   195.500000              21
   195.600006              21
   195.699997              21
   195.800003              21
   195.899994              21
   196.000000              21
   196.100006              21
   196.199997              21
   196.300003              21
   196.399994              21
   196.500000              21
   196.600006              21
   196.699997              21
   196.800003              21
   196.899994              21
   197.000000              21
   197.100006              21
   197.199997              21
   197.300003              21
   197.399994              21
   197.500000              21
   197.600006              21
   197.699997              21
   197.800003              21
   197.899994              21
   198.000000              21
   198.100006              21
   198.199997              21
   198.300003              21
   198.399994              21
   198.500000              21
   198.600006              21
   198.699997              21
   198.800003              21
   198.899994              21
   199.000000              21
   199.100006              21
   199.199997              21
   199.300003              21
   199.399994              21
   199.500000              21
   199.600006              21
   199.699997              21
   199.800003              21
   199.899994              21
