 Permeation events over simulation time.
 t(ns) Number of events
   0.00000000               0
  0.100000001               0
  0.200000003               0
  0.300000012               0
  0.400000006               0
  0.500000000               0
  0.600000024               0
  0.699999988               0
  0.800000012               0
  0.899999976               0
   1.00000000               0
   1.10000002               0
   1.20000005               0
   1.29999995               0
   1.39999998               0
   1.50000000               0
   1.60000002               0
   1.70000005               0
   1.79999995               0
   1.89999998               0
   2.00000000               0
   2.09999990               0
   2.20000005               0
   2.29999995               0
   2.40000010               0
   2.50000000               0
   2.59999990               0
   2.70000005               0
   2.79999995               0
   2.90000010               0
   3.00000000               0
   3.09999990               0
   3.20000005               0
   3.29999995               0
   3.40000010               0
   3.50000000               0
   3.59999990               0
   3.70000005               0
   3.79999995               0
   3.90000010               0
   4.00000000               0
   4.09999990               0
   4.19999981               0
   4.30000019               0
   4.40000010               0
   4.50000000               0
   4.59999990               0
   4.69999981               0
   4.80000019               0
   4.90000010               0
   5.00000000               0
   5.09999990               0
   5.19999981               0
   5.30000019               0
   5.40000010               0
   5.50000000               0
   5.59999990               0
   5.69999981               0
   5.80000019               1
   5.90000010               1
   6.00000000               1
   6.09999990               1
   6.19999981               1
   6.30000019               1
   6.40000010               1
   6.50000000               1
   6.59999990               1
   6.69999981               1
   6.80000019               1
   6.90000010               1
   7.00000000               1
   7.09999990               1
   7.19999981               1
   7.30000019               1
   7.40000010               1
   7.50000000               1
   7.59999990               1
   7.69999981               1
   7.80000019               1
   7.90000010               1
   8.00000000               1
   8.10000038               1
   8.19999981               1
   8.30000019               1
   8.39999962               1
   8.50000000               1
   8.60000038               1
   8.69999981               1
   8.80000019               1
   8.89999962               1
   9.00000000               1
   9.10000038               1
   9.19999981               1
   9.30000019               1
   9.39999962               1
   9.50000000               1
   9.60000038               1
   9.69999981               1
   9.80000019               1
   9.89999962               1
   10.0000000               1
   10.1000004               1
   10.1999998               1
   10.3000002               1
   10.3999996               1
   10.5000000               1
   10.6000004               1
   10.6999998               1
   10.8000002               1
   10.8999996               2
   11.0000000               2
   11.1000004               2
   11.1999998               2
   11.3000002               2
   11.3999996               2
   11.5000000               2
   11.6000004               2
   11.6999998               2
   11.8000002               2
   11.8999996               2
   12.0000000               2
   12.1000004               3
   12.1999998               3
   12.3000002               3
   12.3999996               3
   12.5000000               3
   12.6000004               3
   12.6999998               3
   12.8000002               3
   12.8999996               3
   13.0000000               3
   13.1000004               3
   13.1999998               3
   13.3000002               3
   13.3999996               3
   13.5000000               3
   13.6000004               3
   13.6999998               3
   13.8000002               3
   13.8999996               3
   14.0000000               3
   14.1000004               3
   14.1999998               3
   14.3000002               3
   14.3999996               3
   14.5000000               3
   14.6000004               3
   14.6999998               4
   14.8000002               5
   14.8999996               5
   15.0000000               6
   15.1000004               6
   15.1999998               6
   15.3000002               6
   15.3999996               6
   15.5000000               6
   15.6000004               6
   15.6999998               6
   15.8000002               6
   15.8999996               6
   16.0000000               6
   16.1000004               6
   16.2000008               6
   16.2999992               6
   16.3999996               6
   16.5000000               6
   16.6000004               6
   16.7000008               6
   16.7999992               6
   16.8999996               6
   17.0000000               6
   17.1000004               6
   17.2000008               6
   17.2999992               6
   17.3999996               6
   17.5000000               6
   17.6000004               6
   17.7000008               6
   17.7999992               6
   17.8999996               6
   18.0000000               6
   18.1000004               6
   18.2000008               6
   18.2999992               6
   18.3999996               6
   18.5000000               6
   18.6000004               6
   18.7000008               6
   18.7999992               6
   18.8999996               6
   19.0000000               6
   19.1000004               6
   19.2000008               6
   19.2999992               6
   19.3999996               6
   19.5000000               6
   19.6000004               6
   19.7000008               6
   19.7999992               6
   19.8999996               6
   20.0000000               6
   20.1000004               6
   20.2000008               6
   20.2999992               6
   20.3999996               6
   20.5000000               6
   20.6000004               6
   20.7000008               6
   20.7999992               6
   20.8999996               6
   21.0000000               6
   21.1000004               6
   21.2000008               6
   21.2999992               6
   21.3999996               6
   21.5000000               6
   21.6000004               6
   21.7000008               6
   21.7999992               6
   21.8999996               6
   22.0000000               6
   22.1000004               6
   22.2000008               6
   22.2999992               6
   22.3999996               6
   22.5000000               6
   22.6000004               6
   22.7000008               6
   22.7999992               6
   22.8999996               6
   23.0000000               6
   23.1000004               6
   23.2000008               6
   23.2999992               6
   23.3999996               6
   23.5000000               6
   23.6000004               6
   23.7000008               6
   23.7999992               6
   23.8999996               6
   24.0000000               6
   24.1000004               6
   24.2000008               6
   24.2999992               6
   24.3999996               6
   24.5000000               6
   24.6000004               6
   24.7000008               6
   24.7999992               6
   24.8999996               6
   25.0000000               6
   25.1000004               6
   25.2000008               6
   25.2999992               6
   25.3999996               6
   25.5000000               6
   25.6000004               6
   25.7000008               6
   25.7999992               6
   25.8999996               6
   26.0000000               6
   26.1000004               6
   26.2000008               6
   26.2999992               6
   26.3999996               6
   26.5000000               6
   26.6000004               6
   26.7000008               6
   26.7999992               6
   26.8999996               6
   27.0000000               6
   27.1000004               6
   27.2000008               6
   27.2999992               6
   27.3999996               6
   27.5000000               6
   27.6000004               6
   27.7000008               6
   27.7999992               6
   27.8999996               6
   28.0000000               6
   28.1000004               6
   28.2000008               6
   28.2999992               6
   28.3999996               6
   28.5000000               6
   28.6000004               6
   28.7000008               6
   28.7999992               6
   28.8999996               6
   29.0000000               6
   29.1000004               6
   29.2000008               6
   29.2999992               6
   29.3999996               6
   29.5000000               6
   29.6000004               6
   29.7000008               6
   29.7999992               6
   29.8999996               6
   30.0000000               6
   30.1000004               6
   30.2000008               6
   30.2999992               6
   30.3999996               6
   30.5000000               6
   30.6000004               6
   30.7000008               7
   30.7999992               8
   30.8999996               8
   31.0000000               8
   31.1000004               8
   31.2000008               8
   31.2999992               8
   31.3999996               8
   31.5000000               8
   31.6000004               8
   31.7000008               8
   31.7999992               8
   31.8999996               8
   32.0000000               8
   32.0999985               8
   32.2000008               8
   32.2999992               8
   32.4000015               8
   32.5000000               8
   32.5999985               8
   32.7000008               8
   32.7999992               8
   32.9000015               8
   33.0000000               8
   33.0999985               8
   33.2000008               8
   33.2999992               8
   33.4000015               8
   33.5000000               8
   33.5999985               8
   33.7000008               8
   33.7999992               8
   33.9000015               8
   34.0000000               8
   34.0999985               8
   34.2000008               8
   34.2999992               8
   34.4000015               8
   34.5000000               8
   34.5999985               8
   34.7000008               8
   34.7999992               8
   34.9000015               8
   35.0000000               8
   35.0999985               8
   35.2000008               8
   35.2999992               8
   35.4000015               8
   35.5000000               8
   35.5999985               8
   35.7000008               8
   35.7999992               8
   35.9000015               8
   36.0000000               8
   36.0999985               8
   36.2000008               8
   36.2999992               8
   36.4000015               8
   36.5000000               8
   36.5999985               8
   36.7000008               8
   36.7999992               8
   36.9000015               8
   37.0000000               8
   37.0999985               8
   37.2000008               8
   37.2999992               8
   37.4000015               8
   37.5000000               8
   37.5999985               8
   37.7000008               8
   37.7999992               8
   37.9000015               8
   38.0000000               8
   38.0999985               8
   38.2000008               8
   38.2999992               8
   38.4000015               8
   38.5000000               8
   38.5999985               8
   38.7000008               8
   38.7999992               8
   38.9000015               8
   39.0000000               8
   39.0999985               8
   39.2000008               8
   39.2999992               8
   39.4000015               8
   39.5000000               8
   39.5999985               8
   39.7000008               8
   39.7999992               8
   39.9000015               8
   40.0000000               8
   40.0999985               8
   40.2000008               8
   40.2999992               8
   40.4000015               8
   40.5000000               8
   40.5999985               8
   40.7000008               9
   40.7999992              10
   40.9000015              10
   41.0000000              10
   41.0999985              10
   41.2000008              10
   41.2999992              10
   41.4000015              10
   41.5000000              10
   41.5999985              10
   41.7000008              10
   41.7999992              10
   41.9000015              10
   42.0000000              10
   42.0999985              10
   42.2000008              10
   42.2999992              10
   42.4000015              10
   42.5000000              10
   42.5999985              10
   42.7000008              10
   42.7999992              10
   42.9000015              10
   43.0000000              10
   43.0999985              10
   43.2000008              10
   43.2999992              10
   43.4000015              10
   43.5000000              10
   43.5999985              10
   43.7000008              10
   43.7999992              10
   43.9000015              10
   44.0000000              10
   44.0999985              10
   44.2000008              10
   44.2999992              10
   44.4000015              10
   44.5000000              10
   44.5999985              10
   44.7000008              10
   44.7999992              10
   44.9000015              10
   45.0000000              10
   45.0999985              10
   45.2000008              11
   45.2999992              11
   45.4000015              11
   45.5000000              11
   45.5999985              11
   45.7000008              11
   45.7999992              11
   45.9000015              11
   46.0000000              11
   46.0999985              11
   46.2000008              11
   46.2999992              11
   46.4000015              11
   46.5000000              11
   46.5999985              11
   46.7000008              11
   46.7999992              11
   46.9000015              11
   47.0000000              11
   47.0999985              11
   47.2000008              11
   47.2999992              11
   47.4000015              11
   47.5000000              12
   47.5999985              12
   47.7000008              12
   47.7999992              12
   47.9000015              12
   48.0000000              12
   48.0999985              12
   48.2000008              12
   48.2999992              12
   48.4000015              12
   48.5000000              12
   48.5999985              12
   48.7000008              12
   48.7999992              12
   48.9000015              12
   49.0000000              12
   49.0999985              12
   49.2000008              12
   49.2999992              12
   49.4000015              12
   49.5000000              12
   49.5999985              12
   49.7000008              12
   49.7999992              13
   49.9000015              13
   50.0000000              13
   50.0999985              13
   50.2000008              13
   50.2999992              13
   50.4000015              13
   50.5000000              13
   50.5999985              13
   50.7000008              13
   50.7999992              13
   50.9000015              13
   51.0000000              13
   51.0999985              13
   51.2000008              13
   51.2999992              13
   51.4000015              13
   51.5000000              13
   51.5999985              13
   51.7000008              13
   51.7999992              13
   51.9000015              13
   52.0000000              13
   52.0999985              13
   52.2000008              13
   52.2999992              13
   52.4000015              13
   52.5000000              13
   52.5999985              13
   52.7000008              13
   52.7999992              13
   52.9000015              13
   53.0000000              13
   53.0999985              13
   53.2000008              13
   53.2999992              13
   53.4000015              13
   53.5000000              14
   53.5999985              14
   53.7000008              14
   53.7999992              14
   53.9000015              14
   54.0000000              14
   54.0999985              14
   54.2000008              14
   54.2999992              14
   54.4000015              14
   54.5000000              14
   54.5999985              14
   54.7000008              14
   54.7999992              14
   54.9000015              14
   55.0000000              14
   55.0999985              14
   55.2000008              14
   55.2999992              14
   55.4000015              14
   55.5000000              14
   55.5999985              14
   55.7000008              14
   55.7999992              14
   55.9000015              14
   56.0000000              14
   56.0999985              14
   56.2000008              14
   56.2999992              14
   56.4000015              14
   56.5000000              14
   56.5999985              14
   56.7000008              14
   56.7999992              14
   56.9000015              14
   57.0000000              14
   57.0999985              14
   57.2000008              14
   57.2999992              14
   57.4000015              14
   57.5000000              14
   57.5999985              14
   57.7000008              14
   57.7999992              14
   57.9000015              14
   58.0000000              14
   58.0999985              14
   58.2000008              14
   58.2999992              14
   58.4000015              14
   58.5000000              14
   58.5999985              14
   58.7000008              14
   58.7999992              14
   58.9000015              14
   59.0000000              14
   59.0999985              14
   59.2000008              14
   59.2999992              14
   59.4000015              14
   59.5000000              14
   59.5999985              14
   59.7000008              14
   59.7999992              14
   59.9000015              14
   60.0000000              14
   60.0999985              14
   60.2000008              14
   60.2999992              14
   60.4000015              14
   60.5000000              14
   60.5999985              14
   60.7000008              14
   60.7999992              14
   60.9000015              14
   61.0000000              14
   61.0999985              14
   61.2000008              14
   61.2999992              14
   61.4000015              14
   61.5000000              14
   61.5999985              14
   61.7000008              14
   61.7999992              14
   61.9000015              14
   62.0000000              14
   62.0999985              14
   62.2000008              14
   62.2999992              14
   62.4000015              14
   62.5000000              14
   62.5999985              14
   62.7000008              14
   62.7999992              14
   62.9000015              14
   63.0000000              14
   63.0999985              14
   63.2000008              14
   63.2999992              14
   63.4000015              14
   63.5000000              14
   63.5999985              14
   63.7000008              14
   63.7999992              14
   63.9000015              14
   64.0000000              14
   64.0999985              14
   64.1999969              14
   64.3000031              14
   64.4000015              14
   64.5000000              14
   64.5999985              14
   64.6999969              14
   64.8000031              14
   64.9000015              14
   65.0000000              14
   65.0999985              14
   65.1999969              14
   65.3000031              14
   65.4000015              14
   65.5000000              14
   65.5999985              14
   65.6999969              14
   65.8000031              14
   65.9000015              14
   66.0000000              14
   66.0999985              14
   66.1999969              14
   66.3000031              14
   66.4000015              14
   66.5000000              14
   66.5999985              14
   66.6999969              14
   66.8000031              14
   66.9000015              14
   67.0000000              14
   67.0999985              14
   67.1999969              14
   67.3000031              14
   67.4000015              14
   67.5000000              14
   67.5999985              14
   67.6999969              14
   67.8000031              14
   67.9000015              14
   68.0000000              14
   68.0999985              14
   68.1999969              14
   68.3000031              14
   68.4000015              14
   68.5000000              14
   68.5999985              14
   68.6999969              14
   68.8000031              14
   68.9000015              14
   69.0000000              15
   69.0999985              15
   69.1999969              15
   69.3000031              15
   69.4000015              15
   69.5000000              15
   69.5999985              15
   69.6999969              15
   69.8000031              15
   69.9000015              15
   70.0000000              15
   70.0999985              15
   70.1999969              15
   70.3000031              15
   70.4000015              15
   70.5000000              15
   70.5999985              15
   70.6999969              15
   70.8000031              15
   70.9000015              15
   71.0000000              15
   71.0999985              15
   71.1999969              15
   71.3000031              15
   71.4000015              15
   71.5000000              15
   71.5999985              15
   71.6999969              15
   71.8000031              15
   71.9000015              15
   72.0000000              15
   72.0999985              15
   72.1999969              15
   72.3000031              15
   72.4000015              15
   72.5000000              15
   72.5999985              15
   72.6999969              15
   72.8000031              15
   72.9000015              15
   73.0000000              15
   73.0999985              15
   73.1999969              15
   73.3000031              15
   73.4000015              15
   73.5000000              15
   73.5999985              15
   73.6999969              15
   73.8000031              15
   73.9000015              15
   74.0000000              15
   74.0999985              15
   74.1999969              15
   74.3000031              15
   74.4000015              15
   74.5000000              15
   74.5999985              15
   74.6999969              15
   74.8000031              15
   74.9000015              15
   75.0000000              15
   75.0999985              15
   75.1999969              15
   75.3000031              16
   75.4000015              16
   75.5000000              16
   75.5999985              16
   75.6999969              16
   75.8000031              16
   75.9000015              16
   76.0000000              16
   76.0999985              16
   76.1999969              16
   76.3000031              16
   76.4000015              16
   76.5000000              16
   76.5999985              16
   76.6999969              16
   76.8000031              16
   76.9000015              16
   77.0000000              16
   77.0999985              16
   77.1999969              16
   77.3000031              16
   77.4000015              16
   77.5000000              16
   77.5999985              16
   77.6999969              16
   77.8000031              16
   77.9000015              16
   78.0000000              16
   78.0999985              16
   78.1999969              16
   78.3000031              16
   78.4000015              16
   78.5000000              16
   78.5999985              16
   78.6999969              16
   78.8000031              16
   78.9000015              16
   79.0000000              16
   79.0999985              16
   79.1999969              16
   79.3000031              16
   79.4000015              16
   79.5000000              16
   79.5999985              16
   79.6999969              16
   79.8000031              16
   79.9000015              16
   80.0000000              16
   80.0999985              16
   80.1999969              16
   80.3000031              16
   80.4000015              16
   80.5000000              16
   80.5999985              16
   80.6999969              16
   80.8000031              16
   80.9000015              16
   81.0000000              16
   81.0999985              16
   81.1999969              16
   81.3000031              16
   81.4000015              16
   81.5000000              16
   81.5999985              16
   81.6999969              16
   81.8000031              16
   81.9000015              16
   82.0000000              16
   82.0999985              16
   82.1999969              16
   82.3000031              16
   82.4000015              16
   82.5000000              16
   82.5999985              16
   82.6999969              16
   82.8000031              16
   82.9000015              16
   83.0000000              16
   83.0999985              16
   83.1999969              16
   83.3000031              16
   83.4000015              16
   83.5000000              16
   83.5999985              16
   83.6999969              16
   83.8000031              16
   83.9000015              16
   84.0000000              16
   84.0999985              16
   84.1999969              16
   84.3000031              16
   84.4000015              16
   84.5000000              16
   84.5999985              16
   84.6999969              16
   84.8000031              16
   84.9000015              16
   85.0000000              16
   85.0999985              16
   85.1999969              16
   85.3000031              16
   85.4000015              16
   85.5000000              16
   85.5999985              16
   85.6999969              16
   85.8000031              16
   85.9000015              16
   86.0000000              16
   86.0999985              16
   86.1999969              16
   86.3000031              16
   86.4000015              16
   86.5000000              16
   86.5999985              16
   86.6999969              16
   86.8000031              16
   86.9000015              17
   87.0000000              17
   87.0999985              17
   87.1999969              17
   87.3000031              17
   87.4000015              17
   87.5000000              17
   87.5999985              17
   87.6999969              17
   87.8000031              17
   87.9000015              17
   88.0000000              17
   88.0999985              17
   88.1999969              17
   88.3000031              17
   88.4000015              17
   88.5000000              17
   88.5999985              17
   88.6999969              17
   88.8000031              17
   88.9000015              17
   89.0000000              17
   89.0999985              17
   89.1999969              17
   89.3000031              17
   89.4000015              17
   89.5000000              17
   89.5999985              17
   89.6999969              17
   89.8000031              17
   89.9000015              17
   90.0000000              17
   90.0999985              17
   90.1999969              17
   90.3000031              17
   90.4000015              17
   90.5000000              17
   90.5999985              17
   90.6999969              17
   90.8000031              17
   90.9000015              17
   91.0000000              17
   91.0999985              17
   91.1999969              17
   91.3000031              17
   91.4000015              17
   91.5000000              17
   91.5999985              17
   91.6999969              17
   91.8000031              17
   91.9000015              17
   92.0000000              17
   92.0999985              17
   92.1999969              17
   92.3000031              17
   92.4000015              17
   92.5000000              17
   92.5999985              17
   92.6999969              17
   92.8000031              17
   92.9000015              17
   93.0000000              17
   93.0999985              17
   93.1999969              17
   93.3000031              17
   93.4000015              17
   93.5000000              17
   93.5999985              17
   93.6999969              17
   93.8000031              17
   93.9000015              17
   94.0000000              17
   94.0999985              17
   94.1999969              17
   94.3000031              17
   94.4000015              17
   94.5000000              17
   94.5999985              17
   94.6999969              17
   94.8000031              17
   94.9000015              17
   95.0000000              17
   95.0999985              17
   95.1999969              17
   95.3000031              17
   95.4000015              17
   95.5000000              17
   95.5999985              17
   95.6999969              17
   95.8000031              17
   95.9000015              17
   96.0000000              17
   96.0999985              17
   96.1999969              17
   96.3000031              17
   96.4000015              17
   96.5000000              17
   96.5999985              17
   96.6999969              17
   96.8000031              17
   96.9000015              17
   97.0000000              17
   97.0999985              17
   97.1999969              17
   97.3000031              17
   97.4000015              17
   97.5000000              17
   97.5999985              17
   97.6999969              17
   97.8000031              17
   97.9000015              17
   98.0000000              17
   98.0999985              17
   98.1999969              17
   98.3000031              17
   98.4000015              18
   98.5000000              18
   98.5999985              18
   98.6999969              18
   98.8000031              18
   98.9000015              18
   99.0000000              18
   99.0999985              18
   99.1999969              18
   99.3000031              18
   99.4000015              18
   99.5000000              18
   99.5999985              18
   99.6999969              18
   99.8000031              18
   99.9000015              18
