 Permeation events over simulation time.
 t(ns) Number of events
   0.00000000               0
  0.100000001               0
  0.200000003               0
  0.300000012               0
  0.400000006               0
  0.500000000               0
  0.600000024               0
  0.699999988               0
  0.800000012               0
  0.899999976               0
   1.00000000               0
   1.10000002               0
   1.20000005               0
   1.29999995               0
   1.39999998               0
   1.50000000               0
   1.60000002               0
   1.70000005               0
   1.79999995               0
   1.89999998               0
   2.00000000               0
   2.09999990               0
   2.20000005               0
   2.29999995               0
   2.40000010               0
   2.50000000               0
   2.59999990               0
   2.70000005               0
   2.79999995               0
   2.90000010               0
   3.00000000               0
   3.09999990               0
   3.20000005               0
   3.29999995               0
   3.40000010               0
   3.50000000               0
   3.59999990               0
   3.70000005               0
   3.79999995               0
   3.90000010               0
   4.00000000               0
   4.09999990               0
   4.19999981               0
   4.30000019               0
   4.40000010               0
   4.50000000               0
   4.59999990               0
   4.69999981               0
   4.80000019               0
   4.90000010               0
   5.00000000               0
   5.09999990               0
   5.19999981               0
   5.30000019               0
   5.40000010               1
   5.50000000               1
   5.59999990               1
   5.69999981               1
   5.80000019               1
   5.90000010               1
   6.00000000               1
   6.09999990               1
   6.19999981               1
   6.30000019               1
   6.40000010               1
   6.50000000               1
   6.59999990               1
   6.69999981               1
   6.80000019               1
   6.90000010               1
   7.00000000               1
   7.09999990               1
   7.19999981               1
   7.30000019               1
   7.40000010               1
   7.50000000               1
   7.59999990               1
   7.69999981               1
   7.80000019               1
   7.90000010               1
   8.00000000               1
   8.10000038               1
   8.19999981               1
   8.30000019               1
   8.39999962               1
   8.50000000               1
   8.60000038               1
   8.69999981               1
   8.80000019               1
   8.89999962               1
   9.00000000               1
   9.10000038               1
   9.19999981               1
   9.30000019               1
   9.39999962               1
   9.50000000               1
   9.60000038               1
   9.69999981               1
   9.80000019               1
   9.89999962               1
   10.0000000               1
   10.1000004               1
   10.1999998               1
   10.3000002               1
   10.3999996               1
   10.5000000               1
   10.6000004               1
   10.6999998               1
   10.8000002               1
   10.8999996               1
   11.0000000               1
   11.1000004               1
   11.1999998               1
   11.3000002               1
   11.3999996               1
   11.5000000               1
   11.6000004               1
   11.6999998               1
   11.8000002               1
   11.8999996               1
   12.0000000               1
   12.1000004               1
   12.1999998               1
   12.3000002               1
   12.3999996               1
   12.5000000               1
   12.6000004               1
   12.6999998               1
   12.8000002               1
   12.8999996               1
   13.0000000               1
   13.1000004               1
   13.1999998               1
   13.3000002               1
   13.3999996               1
   13.5000000               1
   13.6000004               1
   13.6999998               1
   13.8000002               1
   13.8999996               1
   14.0000000               1
   14.1000004               1
   14.1999998               1
   14.3000002               1
   14.3999996               1
   14.5000000               1
   14.6000004               1
   14.6999998               1
   14.8000002               1
   14.8999996               1
   15.0000000               1
   15.1000004               1
   15.1999998               1
   15.3000002               1
   15.3999996               1
   15.5000000               1
   15.6000004               1
   15.6999998               1
   15.8000002               1
   15.8999996               1
   16.0000000               1
   16.1000004               1
   16.2000008               1
   16.2999992               1
   16.3999996               1
   16.5000000               1
   16.6000004               1
   16.7000008               1
   16.7999992               1
   16.8999996               1
   17.0000000               1
   17.1000004               1
   17.2000008               1
   17.2999992               1
   17.3999996               1
   17.5000000               1
   17.6000004               1
   17.7000008               1
   17.7999992               1
   17.8999996               1
   18.0000000               1
   18.1000004               1
   18.2000008               1
   18.2999992               1
   18.3999996               1
   18.5000000               1
   18.6000004               1
   18.7000008               1
   18.7999992               1
   18.8999996               1
   19.0000000               1
   19.1000004               1
   19.2000008               1
   19.2999992               1
   19.3999996               1
   19.5000000               1
   19.6000004               1
   19.7000008               1
   19.7999992               1
   19.8999996               1
   20.0000000               1
   20.1000004               1
   20.2000008               1
   20.2999992               1
   20.3999996               1
   20.5000000               1
   20.6000004               1
   20.7000008               1
   20.7999992               1
   20.8999996               1
   21.0000000               1
   21.1000004               1
   21.2000008               1
   21.2999992               1
   21.3999996               1
   21.5000000               1
   21.6000004               1
   21.7000008               1
   21.7999992               1
   21.8999996               1
   22.0000000               1
   22.1000004               1
   22.2000008               1
   22.2999992               1
   22.3999996               1
   22.5000000               1
   22.6000004               1
   22.7000008               1
   22.7999992               1
   22.8999996               1
   23.0000000               1
   23.1000004               1
   23.2000008               1
   23.2999992               1
   23.3999996               1
   23.5000000               1
   23.6000004               1
   23.7000008               1
   23.7999992               1
   23.8999996               1
   24.0000000               1
   24.1000004               1
   24.2000008               1
   24.2999992               1
   24.3999996               1
   24.5000000               1
   24.6000004               1
   24.7000008               1
   24.7999992               1
   24.8999996               1
   25.0000000               1
   25.1000004               1
   25.2000008               1
   25.2999992               1
   25.3999996               1
   25.5000000               1
   25.6000004               1
   25.7000008               1
   25.7999992               1
   25.8999996               1
   26.0000000               1
   26.1000004               1
   26.2000008               1
   26.2999992               1
   26.3999996               1
   26.5000000               1
   26.6000004               1
   26.7000008               1
   26.7999992               1
   26.8999996               1
   27.0000000               1
   27.1000004               1
   27.2000008               1
   27.2999992               1
   27.3999996               1
   27.5000000               1
   27.6000004               1
   27.7000008               1
   27.7999992               1
   27.8999996               1
   28.0000000               1
   28.1000004               1
   28.2000008               1
   28.2999992               1
   28.3999996               1
   28.5000000               1
   28.6000004               1
   28.7000008               1
   28.7999992               1
   28.8999996               1
   29.0000000               1
   29.1000004               1
   29.2000008               1
   29.2999992               1
   29.3999996               1
   29.5000000               1
   29.6000004               1
   29.7000008               1
   29.7999992               1
   29.8999996               1
   30.0000000               1
   30.1000004               1
   30.2000008               1
   30.2999992               1
   30.3999996               1
   30.5000000               1
   30.6000004               1
   30.7000008               1
   30.7999992               1
   30.8999996               1
   31.0000000               1
   31.1000004               1
   31.2000008               1
   31.2999992               1
   31.3999996               1
   31.5000000               1
   31.6000004               1
   31.7000008               1
   31.7999992               1
   31.8999996               1
   32.0000000               1
   32.0999985               1
   32.2000008               1
   32.2999992               1
   32.4000015               1
   32.5000000               1
   32.5999985               1
   32.7000008               1
   32.7999992               1
   32.9000015               1
   33.0000000               1
   33.0999985               1
   33.2000008               1
   33.2999992               1
   33.4000015               1
   33.5000000               1
   33.5999985               1
   33.7000008               1
   33.7999992               1
   33.9000015               1
   34.0000000               1
   34.0999985               1
   34.2000008               1
   34.2999992               1
   34.4000015               1
   34.5000000               1
   34.5999985               1
   34.7000008               1
   34.7999992               1
   34.9000015               1
   35.0000000               1
   35.0999985               1
   35.2000008               1
   35.2999992               1
   35.4000015               1
   35.5000000               1
   35.5999985               1
   35.7000008               1
   35.7999992               1
   35.9000015               1
   36.0000000               1
   36.0999985               1
   36.2000008               1
   36.2999992               1
   36.4000015               1
   36.5000000               1
   36.5999985               1
   36.7000008               1
   36.7999992               1
   36.9000015               1
   37.0000000               1
   37.0999985               1
   37.2000008               1
   37.2999992               1
   37.4000015               1
   37.5000000               1
   37.5999985               1
   37.7000008               1
   37.7999992               1
   37.9000015               1
   38.0000000               1
   38.0999985               1
   38.2000008               1
   38.2999992               1
   38.4000015               1
   38.5000000               1
   38.5999985               1
   38.7000008               1
   38.7999992               1
   38.9000015               1
   39.0000000               1
   39.0999985               1
   39.2000008               1
   39.2999992               1
   39.4000015               1
   39.5000000               1
   39.5999985               1
   39.7000008               1
   39.7999992               1
   39.9000015               1
   40.0000000               1
   40.0999985               1
   40.2000008               1
   40.2999992               1
   40.4000015               1
   40.5000000               1
   40.5999985               1
   40.7000008               1
   40.7999992               1
   40.9000015               1
   41.0000000               1
   41.0999985               1
   41.2000008               1
   41.2999992               1
   41.4000015               1
   41.5000000               1
   41.5999985               1
   41.7000008               1
   41.7999992               1
   41.9000015               1
   42.0000000               1
   42.0999985               1
   42.2000008               1
   42.2999992               1
   42.4000015               1
   42.5000000               1
   42.5999985               1
   42.7000008               1
   42.7999992               1
   42.9000015               1
   43.0000000               1
   43.0999985               1
   43.2000008               1
   43.2999992               1
   43.4000015               1
   43.5000000               1
   43.5999985               1
   43.7000008               1
   43.7999992               1
   43.9000015               1
   44.0000000               1
   44.0999985               1
   44.2000008               1
   44.2999992               1
   44.4000015               1
   44.5000000               1
   44.5999985               1
   44.7000008               1
   44.7999992               1
   44.9000015               1
   45.0000000               1
   45.0999985               1
   45.2000008               1
   45.2999992               1
   45.4000015               1
   45.5000000               1
   45.5999985               1
   45.7000008               1
   45.7999992               1
   45.9000015               1
   46.0000000               1
   46.0999985               1
   46.2000008               1
   46.2999992               1
   46.4000015               1
   46.5000000               1
   46.5999985               1
   46.7000008               1
   46.7999992               1
   46.9000015               1
   47.0000000               1
   47.0999985               1
   47.2000008               1
   47.2999992               1
   47.4000015               1
   47.5000000               1
   47.5999985               1
   47.7000008               1
   47.7999992               1
   47.9000015               1
   48.0000000               1
   48.0999985               1
   48.2000008               1
   48.2999992               1
   48.4000015               1
   48.5000000               1
   48.5999985               1
   48.7000008               1
   48.7999992               1
   48.9000015               1
   49.0000000               1
   49.0999985               1
   49.2000008               1
   49.2999992               1
   49.4000015               1
   49.5000000               1
   49.5999985               1
   49.7000008               1
   49.7999992               1
   49.9000015               1
   50.0000000               1
   50.0999985               1
   50.2000008               1
   50.2999992               1
   50.4000015               1
   50.5000000               1
   50.5999985               1
   50.7000008               1
   50.7999992               1
   50.9000015               1
   51.0000000               1
   51.0999985               1
   51.2000008               1
   51.2999992               1
   51.4000015               1
   51.5000000               1
   51.5999985               1
   51.7000008               1
   51.7999992               1
   51.9000015               1
   52.0000000               1
   52.0999985               1
   52.2000008               1
   52.2999992               1
   52.4000015               1
   52.5000000               1
   52.5999985               1
   52.7000008               1
   52.7999992               1
   52.9000015               1
   53.0000000               1
   53.0999985               1
   53.2000008               1
   53.2999992               1
   53.4000015               1
   53.5000000               1
   53.5999985               1
   53.7000008               1
   53.7999992               1
   53.9000015               1
   54.0000000               1
   54.0999985               1
   54.2000008               1
   54.2999992               1
   54.4000015               1
   54.5000000               1
   54.5999985               1
   54.7000008               1
   54.7999992               1
   54.9000015               1
   55.0000000               1
   55.0999985               1
   55.2000008               1
   55.2999992               1
   55.4000015               1
   55.5000000               1
   55.5999985               1
   55.7000008               1
   55.7999992               1
   55.9000015               1
   56.0000000               1
   56.0999985               1
   56.2000008               1
   56.2999992               1
   56.4000015               1
   56.5000000               1
   56.5999985               1
   56.7000008               1
   56.7999992               1
   56.9000015               1
   57.0000000               1
   57.0999985               1
   57.2000008               1
   57.2999992               1
   57.4000015               1
   57.5000000               1
   57.5999985               1
   57.7000008               1
   57.7999992               1
   57.9000015               1
   58.0000000               1
   58.0999985               1
   58.2000008               1
   58.2999992               1
   58.4000015               1
   58.5000000               1
   58.5999985               1
   58.7000008               1
   58.7999992               1
   58.9000015               1
   59.0000000               1
   59.0999985               1
   59.2000008               1
   59.2999992               1
   59.4000015               1
   59.5000000               1
   59.5999985               1
   59.7000008               1
   59.7999992               1
   59.9000015               1
   60.0000000               1
   60.0999985               1
   60.2000008               1
   60.2999992               1
   60.4000015               1
   60.5000000               1
   60.5999985               1
   60.7000008               1
   60.7999992               1
   60.9000015               1
   61.0000000               1
   61.0999985               1
   61.2000008               1
   61.2999992               1
   61.4000015               1
   61.5000000               1
   61.5999985               1
   61.7000008               1
   61.7999992               1
   61.9000015               1
   62.0000000               1
   62.0999985               1
   62.2000008               1
   62.2999992               1
   62.4000015               1
   62.5000000               1
   62.5999985               1
   62.7000008               1
   62.7999992               1
   62.9000015               1
   63.0000000               1
   63.0999985               1
   63.2000008               1
   63.2999992               1
   63.4000015               1
   63.5000000               1
   63.5999985               1
   63.7000008               1
   63.7999992               1
   63.9000015               1
   64.0000000               1
   64.0999985               1
   64.1999969               1
   64.3000031               1
   64.4000015               1
   64.5000000               1
   64.5999985               1
   64.6999969               1
   64.8000031               1
   64.9000015               1
   65.0000000               1
   65.0999985               1
   65.1999969               1
   65.3000031               1
   65.4000015               1
   65.5000000               1
   65.5999985               1
   65.6999969               1
   65.8000031               1
   65.9000015               1
   66.0000000               1
   66.0999985               1
   66.1999969               1
   66.3000031               1
   66.4000015               1
   66.5000000               1
   66.5999985               1
   66.6999969               1
   66.8000031               1
   66.9000015               1
   67.0000000               1
   67.0999985               1
   67.1999969               1
   67.3000031               1
   67.4000015               1
   67.5000000               1
   67.5999985               1
   67.6999969               1
   67.8000031               1
   67.9000015               1
   68.0000000               1
   68.0999985               1
   68.1999969               1
   68.3000031               1
   68.4000015               1
   68.5000000               1
   68.5999985               1
   68.6999969               1
   68.8000031               1
   68.9000015               1
   69.0000000               1
   69.0999985               1
   69.1999969               1
   69.3000031               1
   69.4000015               1
   69.5000000               1
   69.5999985               1
   69.6999969               1
   69.8000031               1
   69.9000015               1
   70.0000000               1
   70.0999985               1
   70.1999969               1
   70.3000031               1
   70.4000015               1
   70.5000000               1
   70.5999985               1
   70.6999969               1
   70.8000031               1
   70.9000015               1
   71.0000000               1
   71.0999985               1
   71.1999969               1
   71.3000031               1
   71.4000015               1
   71.5000000               1
   71.5999985               1
   71.6999969               1
   71.8000031               1
   71.9000015               1
   72.0000000               1
   72.0999985               1
   72.1999969               1
   72.3000031               1
   72.4000015               1
   72.5000000               2
   72.5999985               2
   72.6999969               2
   72.8000031               2
   72.9000015               2
   73.0000000               2
   73.0999985               2
   73.1999969               2
   73.3000031               2
   73.4000015               2
   73.5000000               2
   73.5999985               2
   73.6999969               2
   73.8000031               2
   73.9000015               2
   74.0000000               2
   74.0999985               2
   74.1999969               2
   74.3000031               2
   74.4000015               2
   74.5000000               2
   74.5999985               2
   74.6999969               2
   74.8000031               2
   74.9000015               2
   75.0000000               2
   75.0999985               2
   75.1999969               2
   75.3000031               2
   75.4000015               2
   75.5000000               2
   75.5999985               2
   75.6999969               2
   75.8000031               2
   75.9000015               2
   76.0000000               2
   76.0999985               2
   76.1999969               2
   76.3000031               2
   76.4000015               2
   76.5000000               2
   76.5999985               2
   76.6999969               2
   76.8000031               2
   76.9000015               2
   77.0000000               2
   77.0999985               2
   77.1999969               2
   77.3000031               2
   77.4000015               2
   77.5000000               2
   77.5999985               2
   77.6999969               2
   77.8000031               2
   77.9000015               2
   78.0000000               2
   78.0999985               2
   78.1999969               2
   78.3000031               2
   78.4000015               2
   78.5000000               2
   78.5999985               2
   78.6999969               2
   78.8000031               2
   78.9000015               2
   79.0000000               2
   79.0999985               2
   79.1999969               2
   79.3000031               2
   79.4000015               2
   79.5000000               2
   79.5999985               2
   79.6999969               2
   79.8000031               2
   79.9000015               2
   80.0000000               2
   80.0999985               2
   80.1999969               2
   80.3000031               2
   80.4000015               2
   80.5000000               2
   80.5999985               2
   80.6999969               2
   80.8000031               2
   80.9000015               2
   81.0000000               2
   81.0999985               2
   81.1999969               2
   81.3000031               2
   81.4000015               2
   81.5000000               2
   81.5999985               2
   81.6999969               2
   81.8000031               2
   81.9000015               2
   82.0000000               2
   82.0999985               2
   82.1999969               2
   82.3000031               2
   82.4000015               2
   82.5000000               2
   82.5999985               2
   82.6999969               2
   82.8000031               2
   82.9000015               2
   83.0000000               2
   83.0999985               2
   83.1999969               2
   83.3000031               2
   83.4000015               2
   83.5000000               2
   83.5999985               2
   83.6999969               2
   83.8000031               2
   83.9000015               2
   84.0000000               2
   84.0999985               2
   84.1999969               2
   84.3000031               2
   84.4000015               2
   84.5000000               2
   84.5999985               2
   84.6999969               2
   84.8000031               2
   84.9000015               2
   85.0000000               2
   85.0999985               2
   85.1999969               2
   85.3000031               2
   85.4000015               2
   85.5000000               2
   85.5999985               2
   85.6999969               2
   85.8000031               2
   85.9000015               2
   86.0000000               2
   86.0999985               2
   86.1999969               2
   86.3000031               2
   86.4000015               2
   86.5000000               2
   86.5999985               2
   86.6999969               2
   86.8000031               2
   86.9000015               2
   87.0000000               2
   87.0999985               2
   87.1999969               2
   87.3000031               2
   87.4000015               2
   87.5000000               2
   87.5999985               2
   87.6999969               2
   87.8000031               2
   87.9000015               2
   88.0000000               2
   88.0999985               2
   88.1999969               2
   88.3000031               2
   88.4000015               2
   88.5000000               2
   88.5999985               2
   88.6999969               2
   88.8000031               2
   88.9000015               2
   89.0000000               2
   89.0999985               2
   89.1999969               2
   89.3000031               2
   89.4000015               2
   89.5000000               2
   89.5999985               2
   89.6999969               2
   89.8000031               2
   89.9000015               2
   90.0000000               2
   90.0999985               2
   90.1999969               2
   90.3000031               2
   90.4000015               2
   90.5000000               2
   90.5999985               2
   90.6999969               2
   90.8000031               2
   90.9000015               2
   91.0000000               2
   91.0999985               2
   91.1999969               2
   91.3000031               2
   91.4000015               2
   91.5000000               2
   91.5999985               2
   91.6999969               2
   91.8000031               2
   91.9000015               2
   92.0000000               2
   92.0999985               2
   92.1999969               2
   92.3000031               2
   92.4000015               2
   92.5000000               2
   92.5999985               3
   92.6999969               3
   92.8000031               3
   92.9000015               3
   93.0000000               3
   93.0999985               3
   93.1999969               3
   93.3000031               3
   93.4000015               3
   93.5000000               3
   93.5999985               3
   93.6999969               3
   93.8000031               3
   93.9000015               3
   94.0000000               3
   94.0999985               3
   94.1999969               3
   94.3000031               3
   94.4000015               3
   94.5000000               3
   94.5999985               3
   94.6999969               3
   94.8000031               3
   94.9000015               3
   95.0000000               3
   95.0999985               3
   95.1999969               3
   95.3000031               3
   95.4000015               3
   95.5000000               3
   95.5999985               3
   95.6999969               3
   95.8000031               3
   95.9000015               3
   96.0000000               3
   96.0999985               3
   96.1999969               3
   96.3000031               3
   96.4000015               3
   96.5000000               3
   96.5999985               3
   96.6999969               3
   96.8000031               3
   96.9000015               3
   97.0000000               3
   97.0999985               3
   97.1999969               3
   97.3000031               3
   97.4000015               3
   97.5000000               3
   97.5999985               3
   97.6999969               3
   97.8000031               3
   97.9000015               3
   98.0000000               3
   98.0999985               3
   98.1999969               3
   98.3000031               3
   98.4000015               3
   98.5000000               3
   98.5999985               3
   98.6999969               3
   98.8000031               3
   98.9000015               3
   99.0000000               3
   99.0999985               3
   99.1999969               3
   99.3000031               3
   99.4000015               3
   99.5000000               3
   99.5999985               3
   99.6999969               3
   99.8000031               3
   99.9000015               3
   100.000000               3
   100.099998               3
   100.199997               3
   100.300003               3
   100.400002               4
   100.500000               4
   100.599998               4
   100.699997               4
   100.800003               4
   100.900002               4
   101.000000               4
   101.099998               4
   101.199997               4
   101.300003               4
   101.400002               4
   101.500000               4
   101.599998               4
   101.699997               4
   101.800003               4
   101.900002               4
   102.000000               4
   102.099998               4
   102.199997               4
   102.300003               4
   102.400002               4
   102.500000               4
   102.599998               4
   102.699997               4
   102.800003               4
   102.900002               4
   103.000000               4
   103.099998               4
   103.199997               4
   103.300003               4
   103.400002               4
   103.500000               4
   103.599998               4
   103.699997               4
   103.800003               4
   103.900002               4
   104.000000               4
   104.099998               4
   104.199997               4
   104.300003               4
   104.400002               4
   104.500000               4
   104.599998               4
   104.699997               4
   104.800003               4
   104.900002               4
   105.000000               4
   105.099998               4
   105.199997               4
   105.300003               4
   105.400002               4
   105.500000               4
   105.599998               4
   105.699997               4
   105.800003               4
   105.900002               4
   106.000000               4
   106.099998               4
   106.199997               4
   106.300003               4
   106.400002               4
   106.500000               4
   106.599998               4
   106.699997               4
   106.800003               4
   106.900002               4
   107.000000               4
   107.099998               4
   107.199997               4
   107.300003               4
   107.400002               4
   107.500000               4
   107.599998               4
   107.699997               4
   107.800003               4
   107.900002               4
   108.000000               4
   108.099998               4
   108.199997               4
   108.300003               4
   108.400002               4
   108.500000               4
   108.599998               4
   108.699997               4
   108.800003               4
   108.900002               4
   109.000000               4
   109.099998               4
   109.199997               4
   109.300003               4
   109.400002               4
   109.500000               4
   109.599998               4
   109.699997               4
   109.800003               4
   109.900002               4
   110.000000               4
   110.099998               4
   110.199997               4
   110.300003               4
   110.400002               4
   110.500000               4
   110.599998               4
   110.699997               4
   110.800003               4
   110.900002               4
   111.000000               4
   111.099998               4
   111.199997               4
   111.300003               4
   111.400002               4
   111.500000               4
   111.599998               4
   111.699997               4
   111.800003               4
   111.900002               4
   112.000000               4
   112.099998               4
   112.199997               4
   112.300003               4
   112.400002               4
   112.500000               4
   112.599998               4
   112.699997               4
   112.800003               4
   112.900002               4
   113.000000               4
   113.099998               4
   113.199997               4
   113.300003               4
   113.400002               4
   113.500000               4
   113.599998               4
   113.699997               4
   113.800003               4
   113.900002               4
   114.000000               4
   114.099998               4
   114.199997               4
   114.300003               4
   114.400002               4
   114.500000               4
   114.599998               4
   114.699997               4
   114.800003               4
   114.900002               4
   115.000000               4
   115.099998               4
   115.199997               4
   115.300003               4
   115.400002               4
   115.500000               4
   115.599998               4
   115.699997               4
   115.800003               4
   115.900002               4
   116.000000               4
   116.099998               4
   116.199997               4
   116.300003               4
   116.400002               4
   116.500000               4
   116.599998               4
   116.699997               4
   116.800003               4
   116.900002               4
   117.000000               4
   117.099998               4
   117.199997               4
   117.300003               4
   117.400002               4
   117.500000               4
   117.599998               4
   117.699997               4
   117.800003               4
   117.900002               4
   118.000000               4
   118.099998               4
   118.199997               4
   118.300003               4
   118.400002               4
   118.500000               4
   118.599998               4
   118.699997               4
   118.800003               4
   118.900002               4
   119.000000               4
   119.099998               4
   119.199997               4
   119.300003               4
   119.400002               4
   119.500000               4
   119.599998               4
   119.699997               4
   119.800003               4
   119.900002               4
   120.000000               4
   120.099998               4
   120.199997               4
   120.300003               4
   120.400002               4
   120.500000               4
   120.599998               4
   120.699997               4
   120.800003               4
   120.900002               4
   121.000000               4
   121.099998               4
   121.199997               4
   121.300003               4
   121.400002               4
   121.500000               4
   121.599998               4
   121.699997               4
   121.800003               4
   121.900002               4
   122.000000               4
   122.099998               4
   122.199997               4
   122.300003               4
   122.400002               4
   122.500000               4
   122.599998               4
   122.699997               4
   122.800003               4
   122.900002               4
   123.000000               4
   123.099998               4
   123.199997               4
   123.300003               4
   123.400002               4
   123.500000               4
   123.599998               4
   123.699997               4
   123.800003               4
   123.900002               4
   124.000000               4
   124.099998               4
   124.199997               4
   124.300003               4
   124.400002               4
   124.500000               4
   124.599998               4
   124.699997               4
   124.800003               4
   124.900002               4
   125.000000               4
   125.099998               4
   125.199997               4
   125.300003               4
   125.400002               4
   125.500000               4
   125.599998               4
   125.699997               4
   125.800003               4
   125.900002               4
   126.000000               4
   126.099998               4
   126.199997               4
   126.300003               4
   126.400002               4
   126.500000               4
   126.599998               4
   126.699997               4
   126.800003               4
   126.900002               4
   127.000000               4
   127.099998               4
   127.199997               4
   127.300003               4
   127.400002               4
   127.500000               4
   127.599998               4
   127.699997               4
   127.800003               4
   127.900002               4
   128.000000               4
   128.100006               4
   128.199997               4
   128.300003               4
   128.399994               4
   128.500000               4
   128.600006               4
   128.699997               4
   128.800003               4
   128.899994               4
   129.000000               4
   129.100006               4
   129.199997               4
   129.300003               4
   129.399994               4
   129.500000               4
   129.600006               4
   129.699997               4
   129.800003               4
   129.899994               4
   130.000000               4
   130.100006               4
   130.199997               4
   130.300003               4
   130.399994               4
   130.500000               4
   130.600006               4
   130.699997               4
   130.800003               4
   130.899994               4
   131.000000               4
   131.100006               4
   131.199997               4
   131.300003               4
   131.399994               4
   131.500000               4
   131.600006               4
   131.699997               4
   131.800003               4
   131.899994               4
   132.000000               4
   132.100006               4
   132.199997               4
   132.300003               4
   132.399994               4
   132.500000               4
   132.600006               4
   132.699997               4
   132.800003               4
   132.899994               4
   133.000000               4
   133.100006               4
   133.199997               4
   133.300003               4
   133.399994               4
   133.500000               4
   133.600006               4
   133.699997               4
   133.800003               4
   133.899994               4
   134.000000               4
   134.100006               4
   134.199997               4
   134.300003               4
   134.399994               5
   134.500000               5
   134.600006               5
   134.699997               5
   134.800003               5
   134.899994               5
   135.000000               5
   135.100006               5
   135.199997               5
   135.300003               5
   135.399994               5
   135.500000               5
   135.600006               5
   135.699997               5
   135.800003               5
   135.899994               5
   136.000000               5
   136.100006               5
   136.199997               5
   136.300003               5
   136.399994               5
   136.500000               5
   136.600006               5
   136.699997               5
   136.800003               5
   136.899994               5
   137.000000               5
   137.100006               5
   137.199997               5
   137.300003               5
   137.399994               5
   137.500000               5
   137.600006               5
   137.699997               5
   137.800003               5
   137.899994               5
   138.000000               5
   138.100006               5
   138.199997               5
   138.300003               5
   138.399994               5
   138.500000               5
   138.600006               5
   138.699997               5
   138.800003               5
   138.899994               5
   139.000000               5
   139.100006               5
   139.199997               5
   139.300003               5
   139.399994               5
   139.500000               5
   139.600006               5
   139.699997               5
   139.800003               5
   139.899994               5
   140.000000               5
   140.100006               5
   140.199997               5
   140.300003               5
   140.399994               5
   140.500000               5
   140.600006               5
   140.699997               5
   140.800003               5
   140.899994               5
   141.000000               5
   141.100006               5
   141.199997               5
   141.300003               5
   141.399994               5
   141.500000               5
   141.600006               5
   141.699997               5
   141.800003               5
   141.899994               5
   142.000000               5
   142.100006               5
   142.199997               5
   142.300003               5
   142.399994               5
   142.500000               5
   142.600006               5
   142.699997               5
   142.800003               5
   142.899994               5
   143.000000               5
   143.100006               5
   143.199997               5
   143.300003               5
   143.399994               5
   143.500000               5
   143.600006               5
   143.699997               5
   143.800003               5
   143.899994               5
   144.000000               5
   144.100006               5
   144.199997               5
   144.300003               5
   144.399994               5
   144.500000               5
   144.600006               5
   144.699997               5
   144.800003               5
   144.899994               5
   145.000000               5
   145.100006               5
   145.199997               5
   145.300003               5
   145.399994               5
   145.500000               5
   145.600006               5
   145.699997               5
   145.800003               5
   145.899994               5
   146.000000               5
   146.100006               5
   146.199997               5
   146.300003               5
   146.399994               5
   146.500000               5
   146.600006               5
   146.699997               5
   146.800003               5
   146.899994               5
   147.000000               5
   147.100006               5
   147.199997               5
   147.300003               5
   147.399994               5
   147.500000               5
   147.600006               5
   147.699997               5
   147.800003               5
   147.899994               5
   148.000000               5
   148.100006               5
   148.199997               5
   148.300003               5
   148.399994               5
   148.500000               5
   148.600006               5
   148.699997               5
   148.800003               5
   148.899994               5
   149.000000               5
   149.100006               5
   149.199997               5
   149.300003               5
   149.399994               5
   149.500000               5
   149.600006               5
   149.699997               5
   149.800003               5
   149.899994               5
   150.000000               5
   150.100006               5
   150.199997               5
   150.300003               5
   150.399994               5
   150.500000               5
   150.600006               5
   150.699997               5
   150.800003               5
   150.899994               5
   151.000000               5
   151.100006               5
   151.199997               5
   151.300003               5
   151.399994               5
   151.500000               5
   151.600006               5
   151.699997               5
   151.800003               5
   151.899994               5
   152.000000               5
   152.100006               5
   152.199997               5
   152.300003               5
   152.399994               5
   152.500000               5
   152.600006               5
   152.699997               5
   152.800003               5
   152.899994               5
   153.000000               5
   153.100006               5
   153.199997               5
   153.300003               5
   153.399994               5
   153.500000               5
   153.600006               5
   153.699997               5
   153.800003               5
   153.899994               5
   154.000000               5
   154.100006               5
   154.199997               5
   154.300003               5
   154.399994               5
   154.500000               5
   154.600006               5
   154.699997               5
   154.800003               5
   154.899994               5
   155.000000               5
   155.100006               5
   155.199997               5
   155.300003               5
   155.399994               5
   155.500000               5
   155.600006               5
   155.699997               5
   155.800003               5
   155.899994               5
   156.000000               5
   156.100006               5
   156.199997               5
   156.300003               5
   156.399994               5
   156.500000               5
   156.600006               5
   156.699997               5
   156.800003               5
   156.899994               5
   157.000000               5
   157.100006               5
   157.199997               5
   157.300003               5
   157.399994               5
   157.500000               5
   157.600006               5
   157.699997               5
   157.800003               5
   157.899994               5
   158.000000               5
   158.100006               5
   158.199997               5
   158.300003               5
   158.399994               5
   158.500000               5
   158.600006               5
   158.699997               5
   158.800003               5
   158.899994               5
   159.000000               5
   159.100006               5
   159.199997               5
   159.300003               5
   159.399994               5
   159.500000               5
   159.600006               5
   159.699997               5
   159.800003               5
   159.899994               5
   160.000000               5
   160.100006               5
   160.199997               5
   160.300003               5
   160.399994               5
   160.500000               5
   160.600006               5
   160.699997               5
   160.800003               5
   160.899994               5
   161.000000               5
   161.100006               5
   161.199997               5
   161.300003               5
   161.399994               5
   161.500000               5
   161.600006               5
   161.699997               5
   161.800003               5
   161.899994               5
   162.000000               5
   162.100006               5
   162.199997               5
   162.300003               5
   162.399994               5
   162.500000               5
   162.600006               5
   162.699997               5
   162.800003               5
   162.899994               5
   163.000000               5
   163.100006               5
   163.199997               5
   163.300003               5
   163.399994               5
   163.500000               5
   163.600006               5
   163.699997               5
   163.800003               5
   163.899994               5
   164.000000               5
   164.100006               5
   164.199997               5
   164.300003               5
   164.399994               5
   164.500000               5
   164.600006               5
   164.699997               5
   164.800003               5
   164.899994               5
   165.000000               5
   165.100006               5
   165.199997               5
   165.300003               5
   165.399994               5
   165.500000               5
   165.600006               5
   165.699997               5
   165.800003               5
   165.899994               5
   166.000000               5
   166.100006               5
   166.199997               5
   166.300003               5
   166.399994               5
   166.500000               5
   166.600006               5
   166.699997               5
   166.800003               5
   166.899994               5
   167.000000               5
   167.100006               5
   167.199997               5
   167.300003               5
   167.399994               5
   167.500000               5
   167.600006               5
   167.699997               5
   167.800003               5
   167.899994               5
   168.000000               5
   168.100006               5
   168.199997               5
   168.300003               5
   168.399994               5
   168.500000               5
   168.600006               5
   168.699997               5
   168.800003               5
   168.899994               5
   169.000000               5
   169.100006               5
   169.199997               5
   169.300003               5
   169.399994               5
   169.500000               5
   169.600006               5
   169.699997               5
   169.800003               5
   169.899994               5
   170.000000               5
   170.100006               5
   170.199997               5
   170.300003               5
   170.399994               5
   170.500000               5
   170.600006               5
   170.699997               5
   170.800003               5
   170.899994               5
   171.000000               5
   171.100006               5
   171.199997               5
   171.300003               5
   171.399994               5
   171.500000               5
   171.600006               5
   171.699997               5
   171.800003               5
   171.899994               5
   172.000000               5
   172.100006               5
   172.199997               5
   172.300003               6
   172.399994               6
   172.500000               6
   172.600006               6
   172.699997               6
   172.800003               6
   172.899994               6
   173.000000               6
   173.100006               6
   173.199997               6
   173.300003               6
   173.399994               6
   173.500000               6
   173.600006               6
   173.699997               6
   173.800003               6
   173.899994               6
   174.000000               6
   174.100006               6
   174.199997               6
   174.300003               6
   174.399994               6
   174.500000               6
   174.600006               6
   174.699997               6
   174.800003               6
   174.899994               6
   175.000000               6
   175.100006               6
   175.199997               6
   175.300003               6
   175.399994               6
   175.500000               6
   175.600006               6
   175.699997               6
   175.800003               6
   175.899994               6
   176.000000               6
   176.100006               6
   176.199997               6
   176.300003               6
   176.399994               6
   176.500000               6
   176.600006               6
   176.699997               6
   176.800003               6
   176.899994               6
   177.000000               6
   177.100006               6
   177.199997               6
   177.300003               6
   177.399994               6
   177.500000               6
   177.600006               6
   177.699997               6
   177.800003               6
   177.899994               6
   178.000000               6
   178.100006               6
   178.199997               6
   178.300003               6
   178.399994               6
   178.500000               6
   178.600006               6
   178.699997               6
   178.800003               6
   178.899994               6
   179.000000               6
   179.100006               6
   179.199997               6
   179.300003               6
   179.399994               6
   179.500000               6
   179.600006               6
   179.699997               6
   179.800003               6
   179.899994               6
   180.000000               6
   180.100006               6
   180.199997               6
   180.300003               6
   180.399994               6
   180.500000               6
   180.600006               6
   180.699997               6
   180.800003               6
   180.899994               6
   181.000000               6
   181.100006               6
   181.199997               6
   181.300003               6
   181.399994               6
   181.500000               6
   181.600006               6
   181.699997               6
   181.800003               6
   181.899994               6
   182.000000               6
   182.100006               6
   182.199997               6
   182.300003               6
   182.399994               6
   182.500000               6
   182.600006               6
   182.699997               6
   182.800003               6
   182.899994               6
   183.000000               6
   183.100006               6
   183.199997               6
   183.300003               6
   183.399994               6
   183.500000               6
   183.600006               6
   183.699997               6
   183.800003               6
   183.899994               6
   184.000000               6
   184.100006               6
   184.199997               6
   184.300003               6
   184.399994               6
   184.500000               6
   184.600006               6
   184.699997               6
   184.800003               6
   184.899994               6
   185.000000               6
   185.100006               6
   185.199997               6
   185.300003               6
   185.399994               6
   185.500000               6
   185.600006               6
   185.699997               6
   185.800003               6
   185.899994               6
   186.000000               6
   186.100006               6
   186.199997               6
   186.300003               6
   186.399994               6
   186.500000               6
   186.600006               6
   186.699997               6
   186.800003               6
   186.899994               6
   187.000000               6
   187.100006               6
   187.199997               6
   187.300003               6
   187.399994               6
   187.500000               6
   187.600006               6
   187.699997               6
   187.800003               6
   187.899994               6
   188.000000               6
   188.100006               6
   188.199997               6
   188.300003               6
   188.399994               6
   188.500000               6
   188.600006               6
   188.699997               6
   188.800003               6
   188.899994               6
   189.000000               6
   189.100006               6
   189.199997               6
   189.300003               6
   189.399994               6
   189.500000               6
   189.600006               6
   189.699997               6
   189.800003               6
   189.899994               6
   190.000000               6
   190.100006               6
   190.199997               6
   190.300003               6
   190.399994               6
   190.500000               6
   190.600006               6
   190.699997               6
   190.800003               6
   190.899994               6
   191.000000               6
   191.100006               6
   191.199997               6
   191.300003               6
   191.399994               6
   191.500000               6
   191.600006               6
   191.699997               6
   191.800003               6
   191.899994               6
   192.000000               6
   192.100006               6
   192.199997               6
   192.300003               6
   192.399994               6
   192.500000               6
   192.600006               6
   192.699997               6
   192.800003               6
   192.899994               6
   193.000000               6
   193.100006               6
   193.199997               6
   193.300003               6
   193.399994               6
   193.500000               6
   193.600006               6
   193.699997               6
   193.800003               6
   193.899994               6
   194.000000               6
   194.100006               6
   194.199997               6
   194.300003               6
   194.399994               6
   194.500000               6
   194.600006               6
   194.699997               6
   194.800003               6
   194.899994               6
   195.000000               6
   195.100006               6
   195.199997               6
   195.300003               6
   195.399994               6
   195.500000               6
   195.600006               6
   195.699997               6
   195.800003               6
   195.899994               6
   196.000000               6
   196.100006               6
   196.199997               6
   196.300003               6
   196.399994               6
   196.500000               6
   196.600006               6
   196.699997               6
   196.800003               6
   196.899994               6
   197.000000               6
   197.100006               6
   197.199997               6
   197.300003               6
   197.399994               6
   197.500000               6
   197.600006               6
   197.699997               6
   197.800003               6
   197.899994               6
   198.000000               6
   198.100006               6
   198.199997               6
   198.300003               6
   198.399994               6
   198.500000               6
   198.600006               6
   198.699997               6
   198.800003               6
   198.899994               6
   199.000000               6
   199.100006               6
   199.199997               6
   199.300003               6
   199.399994               6
   199.500000               6
   199.600006               6
   199.699997               6
   199.800003               6
   199.899994               6
   200.000000               6
   200.100006               6
   200.199997               6
   200.300003               6
   200.399994               6
   200.500000               6
   200.600006               6
   200.699997               6
   200.800003               6
   200.899994               6
   201.000000               6
   201.100006               6
   201.199997               6
   201.300003               6
   201.399994               6
   201.500000               6
   201.600006               6
   201.699997               6
   201.800003               6
   201.899994               6
   202.000000               6
   202.100006               6
   202.199997               6
   202.300003               6
   202.399994               6
   202.500000               6
   202.600006               6
   202.699997               6
   202.800003               6
   202.899994               6
   203.000000               6
   203.100006               6
   203.199997               6
   203.300003               6
   203.399994               6
   203.500000               6
   203.600006               6
   203.699997               6
   203.800003               6
   203.899994               6
   204.000000               6
   204.100006               6
   204.199997               6
   204.300003               6
   204.399994               6
   204.500000               6
   204.600006               6
   204.699997               6
   204.800003               6
   204.899994               6
   205.000000               6
   205.100006               6
   205.199997               6
   205.300003               6
   205.399994               6
   205.500000               6
   205.600006               6
   205.699997               6
   205.800003               6
   205.899994               6
   206.000000               6
   206.100006               6
   206.199997               6
   206.300003               6
   206.399994               6
   206.500000               6
   206.600006               6
   206.699997               6
   206.800003               6
   206.899994               6
   207.000000               6
   207.100006               6
   207.199997               6
   207.300003               6
   207.399994               6
   207.500000               6
   207.600006               6
   207.699997               6
   207.800003               6
   207.899994               6
   208.000000               6
   208.100006               6
   208.199997               6
   208.300003               6
   208.399994               7
   208.500000               7
   208.600006               8
   208.699997               8
   208.800003               8
   208.899994               8
   209.000000               8
   209.100006               8
   209.199997               8
   209.300003               8
   209.399994               8
   209.500000               8
   209.600006               8
   209.699997               8
   209.800003               8
   209.899994               8
   210.000000               8
   210.100006               8
   210.199997               8
   210.300003               8
   210.399994               8
   210.500000               8
   210.600006               8
   210.699997               8
   210.800003               8
   210.899994               8
   211.000000               8
   211.100006               8
   211.199997               8
   211.300003               8
   211.399994               8
   211.500000               8
   211.600006               8
   211.699997               8
   211.800003               8
   211.899994               8
   212.000000               8
   212.100006               8
   212.199997               8
   212.300003               8
   212.399994               8
   212.500000               8
   212.600006               8
   212.699997               8
   212.800003               9
   212.899994               9
   213.000000               9
   213.100006               9
   213.199997               9
   213.300003               9
   213.399994               9
   213.500000               9
   213.600006               9
   213.699997               9
   213.800003               9
   213.899994               9
   214.000000               9
   214.100006               9
   214.199997               9
   214.300003               9
   214.399994               9
   214.500000               9
   214.600006               9
   214.699997               9
   214.800003               9
   214.899994               9
   215.000000               9
   215.100006               9
   215.199997               9
   215.300003               9
   215.399994               9
   215.500000               9
   215.600006               9
   215.699997               9
   215.800003               9
   215.899994               9
   216.000000               9
   216.100006               9
   216.199997               9
   216.300003               9
   216.399994               9
   216.500000               9
   216.600006               9
   216.699997               9
   216.800003               9
   216.899994               9
   217.000000               9
   217.100006               9
   217.199997               9
   217.300003               9
   217.399994               9
   217.500000               9
   217.600006               9
   217.699997               9
   217.800003               9
   217.899994               9
   218.000000               9
   218.100006               9
   218.199997               9
   218.300003               9
   218.399994               9
   218.500000               9
   218.600006               9
   218.699997               9
   218.800003               9
   218.899994               9
   219.000000               9
   219.100006               9
   219.199997               9
   219.300003               9
   219.399994               9
   219.500000               9
   219.600006               9
   219.699997               9
   219.800003               9
   219.899994               9
   220.000000               9
   220.100006               9
   220.199997               9
   220.300003               9
   220.399994               9
   220.500000              10
   220.600006              10
   220.699997              10
   220.800003              10
   220.899994              10
   221.000000              10
   221.100006              10
   221.199997              10
   221.300003              10
   221.399994              10
   221.500000              10
   221.600006              10
   221.699997              10
   221.800003              10
   221.899994              10
   222.000000              10
   222.100006              10
   222.199997              10
   222.300003              10
   222.399994              10
   222.500000              10
   222.600006              10
   222.699997              10
   222.800003              10
   222.899994              10
   223.000000              10
   223.100006              10
   223.199997              10
   223.300003              10
   223.399994              10
   223.500000              10
   223.600006              10
   223.699997              10
   223.800003              10
   223.899994              10
   224.000000              10
   224.100006              10
   224.199997              10
   224.300003              10
   224.399994              10
   224.500000              10
   224.600006              10
   224.699997              10
   224.800003              10
   224.899994              10
   225.000000              10
   225.100006              10
   225.199997              10
   225.300003              10
   225.399994              10
   225.500000              10
   225.600006              10
   225.699997              10
   225.800003              10
   225.899994              10
   226.000000              10
   226.100006              10
   226.199997              10
   226.300003              10
   226.399994              10
   226.500000              10
   226.600006              10
   226.699997              10
   226.800003              10
   226.899994              10
   227.000000              10
   227.100006              10
   227.199997              10
   227.300003              10
   227.399994              10
   227.500000              10
   227.600006              10
   227.699997              10
   227.800003              10
   227.899994              10
   228.000000              10
   228.100006              10
   228.199997              10
   228.300003              10
   228.399994              10
   228.500000              10
   228.600006              10
   228.699997              10
   228.800003              10
   228.899994              10
   229.000000              10
   229.100006              10
   229.199997              10
   229.300003              10
   229.399994              10
   229.500000              10
   229.600006              10
   229.699997              10
   229.800003              10
   229.899994              10
   230.000000              10
   230.100006              10
   230.199997              10
   230.300003              10
   230.399994              10
   230.500000              10
   230.600006              10
   230.699997              10
   230.800003              10
   230.899994              10
   231.000000              10
   231.100006              10
   231.199997              10
   231.300003              10
   231.399994              10
   231.500000              10
   231.600006              10
   231.699997              10
   231.800003              10
   231.899994              10
   232.000000              10
   232.100006              10
   232.199997              10
   232.300003              10
   232.399994              10
   232.500000              10
   232.600006              10
   232.699997              10
   232.800003              10
   232.899994              10
   233.000000              10
   233.100006              10
   233.199997              10
   233.300003              10
   233.399994              10
   233.500000              10
   233.600006              10
   233.699997              10
   233.800003              10
   233.899994              10
   234.000000              10
   234.100006              10
   234.199997              10
   234.300003              10
   234.399994              10
   234.500000              10
   234.600006              10
   234.699997              10
   234.800003              10
   234.899994              10
   235.000000              10
   235.100006              10
   235.199997              10
   235.300003              10
   235.399994              10
   235.500000              10
   235.600006              10
   235.699997              10
   235.800003              10
   235.899994              10
   236.000000              10
   236.100006              10
   236.199997              10
   236.300003              10
   236.399994              10
   236.500000              10
   236.600006              10
   236.699997              10
   236.800003              10
   236.899994              10
   237.000000              10
   237.100006              10
   237.199997              10
   237.300003              10
   237.399994              10
   237.500000              10
   237.600006              10
   237.699997              10
   237.800003              10
   237.899994              10
   238.000000              10
   238.100006              10
   238.199997              10
   238.300003              10
   238.399994              10
   238.500000              10
   238.600006              10
   238.699997              10
   238.800003              10
   238.899994              10
   239.000000              10
   239.100006              10
   239.199997              10
   239.300003              10
   239.399994              10
   239.500000              10
   239.600006              10
   239.699997              10
   239.800003              10
   239.899994              10
   240.000000              10
   240.100006              10
   240.199997              10
   240.300003              10
   240.399994              10
   240.500000              10
   240.600006              10
   240.699997              10
   240.800003              10
   240.899994              10
   241.000000              10
   241.100006              10
   241.199997              10
   241.300003              10
   241.399994              10
   241.500000              10
   241.600006              10
   241.699997              10
   241.800003              10
   241.899994              10
   242.000000              10
   242.100006              10
   242.199997              10
   242.300003              10
   242.399994              10
   242.500000              10
   242.600006              10
   242.699997              10
   242.800003              10
   242.899994              10
   243.000000              10
   243.100006              10
   243.199997              10
   243.300003              10
   243.399994              10
   243.500000              10
   243.600006              10
   243.699997              10
   243.800003              10
   243.899994              10
   244.000000              10
   244.100006              10
   244.199997              10
   244.300003              10
   244.399994              10
   244.500000              10
   244.600006              10
   244.699997              10
   244.800003              10
   244.899994              10
   245.000000              10
   245.100006              10
   245.199997              10
   245.300003              10
   245.399994              10
   245.500000              10
   245.600006              10
   245.699997              10
   245.800003              10
   245.899994              10
   246.000000              10
   246.100006              10
   246.199997              10
   246.300003              10
   246.399994              10
   246.500000              10
   246.600006              10
   246.699997              10
   246.800003              10
   246.899994              10
   247.000000              10
   247.100006              10
   247.199997              10
   247.300003              10
   247.399994              10
   247.500000              10
   247.600006              10
   247.699997              10
   247.800003              10
   247.899994              10
   248.000000              10
   248.100006              10
   248.199997              10
   248.300003              10
   248.399994              10
   248.500000              10
   248.600006              10
   248.699997              10
   248.800003              10
   248.899994              10
   249.000000              10
   249.100006              10
   249.199997              10
   249.300003              10
   249.399994              10
   249.500000              10
   249.600006              10
   249.699997              10
   249.800003              10
   249.899994              10
   250.000000              10
   250.100006              10
   250.199997              10
   250.300003              10
   250.399994              10
   250.500000              10
   250.600006              10
   250.699997              10
   250.800003              10
   250.899994              10
   251.000000              10
   251.100006              10
   251.199997              10
   251.300003              10
   251.399994              10
   251.500000              10
   251.600006              10
   251.699997              10
   251.800003              10
   251.899994              10
   252.000000              10
   252.100006              10
   252.199997              10
   252.300003              10
   252.399994              10
   252.500000              10
   252.600006              10
   252.699997              10
   252.800003              10
   252.899994              10
   253.000000              10
   253.100006              10
   253.199997              10
   253.300003              10
   253.399994              10
   253.500000              10
   253.600006              10
   253.699997              10
   253.800003              10
   253.899994              10
   254.000000              10
   254.100006              10
   254.199997              10
   254.300003              10
   254.399994              10
   254.500000              10
   254.600006              10
   254.699997              10
   254.800003              10
   254.899994              10
   255.000000              10
   255.100006              10
   255.199997              10
   255.300003              10
   255.399994              10
   255.500000              10
   255.600006              10
   255.699997              10
   255.800003              10
   255.899994              10
   256.000000              10
   256.100006              10
   256.200012              10
   256.299988              10
   256.399994              10
   256.500000              10
   256.600006              10
   256.700012              10
   256.799988              10
   256.899994              10
   257.000000              10
   257.100006              10
   257.200012              10
   257.299988              10
   257.399994              10
   257.500000              10
   257.600006              10
   257.700012              10
   257.799988              10
   257.899994              10
   258.000000              10
   258.100006              10
   258.200012              10
   258.299988              10
   258.399994              10
   258.500000              10
   258.600006              10
   258.700012              10
   258.799988              10
   258.899994              10
   259.000000              10
   259.100006              10
   259.200012              10
   259.299988              10
   259.399994              10
   259.500000              10
   259.600006              10
   259.700012              10
   259.799988              10
   259.899994              10
   260.000000              10
   260.100006              10
   260.200012              10
   260.299988              10
   260.399994              10
   260.500000              10
   260.600006              10
   260.700012              10
   260.799988              10
   260.899994              10
   261.000000              10
   261.100006              10
   261.200012              10
   261.299988              10
   261.399994              10
   261.500000              10
   261.600006              10
   261.700012              10
   261.799988              10
   261.899994              10
   262.000000              10
   262.100006              10
   262.200012              10
   262.299988              10
   262.399994              10
   262.500000              10
   262.600006              10
   262.700012              10
   262.799988              10
   262.899994              10
   263.000000              10
   263.100006              10
   263.200012              10
   263.299988              10
   263.399994              10
   263.500000              10
   263.600006              10
   263.700012              10
   263.799988              10
   263.899994              10
   264.000000              10
   264.100006              10
   264.200012              10
   264.299988              10
   264.399994              10
   264.500000              10
   264.600006              10
   264.700012              10
   264.799988              10
   264.899994              10
   265.000000              10
   265.100006              10
   265.200012              10
   265.299988              10
   265.399994              10
   265.500000              10
   265.600006              10
   265.700012              10
   265.799988              10
   265.899994              10
   266.000000              10
   266.100006              10
   266.200012              10
   266.299988              10
   266.399994              10
   266.500000              10
   266.600006              10
   266.700012              10
   266.799988              10
   266.899994              10
   267.000000              10
   267.100006              10
   267.200012              10
   267.299988              10
   267.399994              10
   267.500000              10
   267.600006              10
   267.700012              10
   267.799988              10
   267.899994              10
   268.000000              10
   268.100006              10
   268.200012              10
   268.299988              10
   268.399994              10
   268.500000              10
   268.600006              10
   268.700012              10
   268.799988              10
   268.899994              10
   269.000000              10
   269.100006              10
   269.200012              10
   269.299988              10
   269.399994              10
   269.500000              10
   269.600006              10
   269.700012              10
   269.799988              10
   269.899994              10
   270.000000              10
   270.100006              10
   270.200012              10
   270.299988              10
   270.399994              10
   270.500000              10
   270.600006              10
   270.700012              10
   270.799988              10
   270.899994              10
   271.000000              10
   271.100006              10
   271.200012              10
   271.299988              10
   271.399994              10
   271.500000              10
   271.600006              10
   271.700012              10
   271.799988              10
   271.899994              10
   272.000000              10
   272.100006              10
   272.200012              10
   272.299988              10
   272.399994              10
   272.500000              10
   272.600006              10
   272.700012              10
   272.799988              10
   272.899994              10
   273.000000              10
   273.100006              10
   273.200012              10
   273.299988              10
   273.399994              10
   273.500000              10
   273.600006              10
   273.700012              10
   273.799988              10
   273.899994              10
   274.000000              10
   274.100006              10
   274.200012              10
   274.299988              10
   274.399994              10
   274.500000              10
   274.600006              10
   274.700012              10
   274.799988              10
   274.899994              10
   275.000000              10
   275.100006              10
   275.200012              10
   275.299988              10
   275.399994              10
   275.500000              10
   275.600006              10
   275.700012              10
   275.799988              10
   275.899994              10
   276.000000              10
   276.100006              10
   276.200012              10
   276.299988              10
   276.399994              10
   276.500000              10
   276.600006              10
   276.700012              10
   276.799988              10
   276.899994              10
   277.000000              10
   277.100006              10
   277.200012              10
   277.299988              10
   277.399994              10
   277.500000              10
   277.600006              10
   277.700012              10
   277.799988              10
   277.899994              10
   278.000000              10
   278.100006              10
   278.200012              10
   278.299988              10
   278.399994              10
   278.500000              10
   278.600006              10
   278.700012              10
   278.799988              10
   278.899994              10
   279.000000              10
   279.100006              10
   279.200012              10
   279.299988              10
   279.399994              10
   279.500000              10
   279.600006              10
   279.700012              10
   279.799988              10
   279.899994              10
   280.000000              10
   280.100006              10
   280.200012              10
   280.299988              10
   280.399994              10
   280.500000              10
   280.600006              10
   280.700012              10
   280.799988              10
   280.899994              10
   281.000000              10
   281.100006              10
   281.200012              10
   281.299988              10
   281.399994              10
   281.500000              10
   281.600006              10
   281.700012              10
   281.799988              10
   281.899994              10
   282.000000              10
   282.100006              11
   282.200012              11
   282.299988              11
   282.399994              11
   282.500000              11
   282.600006              11
   282.700012              11
   282.799988              11
   282.899994              11
   283.000000              11
   283.100006              11
   283.200012              11
   283.299988              11
   283.399994              11
   283.500000              11
   283.600006              11
   283.700012              11
   283.799988              11
   283.899994              11
   284.000000              11
   284.100006              11
   284.200012              11
   284.299988              11
   284.399994              11
   284.500000              11
   284.600006              11
   284.700012              11
   284.799988              11
   284.899994              11
   285.000000              11
   285.100006              11
   285.200012              11
   285.299988              11
   285.399994              11
   285.500000              11
   285.600006              11
   285.700012              11
   285.799988              11
   285.899994              11
   286.000000              11
   286.100006              11
   286.200012              11
   286.299988              11
   286.399994              11
   286.500000              11
   286.600006              11
   286.700012              11
   286.799988              11
   286.899994              11
   287.000000              11
   287.100006              11
   287.200012              11
   287.299988              11
   287.399994              11
   287.500000              11
   287.600006              11
   287.700012              11
   287.799988              11
   287.899994              11
   288.000000              11
   288.100006              11
   288.200012              11
   288.299988              11
   288.399994              11
   288.500000              11
   288.600006              11
   288.700012              11
   288.799988              11
   288.899994              11
   289.000000              11
   289.100006              11
   289.200012              11
   289.299988              11
   289.399994              11
   289.500000              11
   289.600006              11
   289.700012              11
   289.799988              11
   289.899994              11
   290.000000              11
   290.100006              11
   290.200012              11
   290.299988              11
   290.399994              11
   290.500000              11
   290.600006              11
   290.700012              11
   290.799988              11
   290.899994              11
   291.000000              11
   291.100006              11
   291.200012              11
   291.299988              11
   291.399994              11
   291.500000              11
   291.600006              11
   291.700012              11
   291.799988              11
   291.899994              11
   292.000000              11
   292.100006              11
   292.200012              11
   292.299988              11
   292.399994              11
   292.500000              11
   292.600006              11
   292.700012              11
   292.799988              11
   292.899994              11
   293.000000              11
   293.100006              11
   293.200012              11
   293.299988              11
   293.399994              11
   293.500000              11
   293.600006              11
   293.700012              11
   293.799988              11
   293.899994              11
   294.000000              11
   294.100006              11
   294.200012              11
   294.299988              11
   294.399994              11
   294.500000              11
   294.600006              11
   294.700012              11
   294.799988              11
   294.899994              11
   295.000000              11
   295.100006              11
   295.200012              11
   295.299988              11
   295.399994              11
   295.500000              11
   295.600006              11
   295.700012              11
   295.799988              11
   295.899994              11
   296.000000              11
   296.100006              11
   296.200012              11
   296.299988              11
   296.399994              11
   296.500000              11
   296.600006              11
   296.700012              11
   296.799988              11
   296.899994              11
