 Permeation events over simulation time.
 t(ns) Number of events
   0.00000000               0
   5.00000007E-02           0
  0.100000001               0
  0.150000006               0
  0.200000003               0
  0.250000000               0
  0.300000012               0
  0.349999994               0
  0.400000006               0
  0.449999988               0
  0.500000000               0
  0.550000012               0
  0.600000024               0
  0.649999976               0
  0.699999988               0
  0.750000000               0
  0.800000012               0
  0.850000024               0
  0.899999976               0
  0.949999988               0
   1.00000000               0
   1.04999995               0
   1.10000002               0
   1.14999998               0
   1.20000005               0
   1.25000000               0
   1.29999995               0
   1.35000002               0
   1.39999998               0
   1.45000005               0
   1.50000000               0
   1.54999995               0
   1.60000002               0
   1.64999998               0
   1.70000005               0
   1.75000000               0
   1.79999995               0
   1.85000002               0
   1.89999998               0
   1.95000005               0
   2.00000000               0
   2.04999995               0
   2.09999990               0
   2.15000010               0
   2.20000005               0
   2.25000000               0
   2.29999995               0
   2.34999990               0
   2.40000010               0
   2.45000005               0
   2.50000000               0
   2.54999995               0
   2.59999990               0
   2.65000010               0
   2.70000005               0
   2.75000000               0
   2.79999995               0
   2.84999990               0
   2.90000010               0
   2.95000005               0
   3.00000000               0
   3.04999995               0
   3.09999990               0
   3.15000010               0
   3.20000005               0
   3.25000000               0
   3.29999995               0
   3.34999990               0
   3.40000010               0
   3.45000005               0
   3.50000000               0
   3.54999995               0
   3.59999990               0
   3.65000010               0
   3.70000005               0
   3.75000000               0
   3.79999995               0
   3.84999990               0
   3.90000010               0
   3.95000005               0
   4.00000000               0
   4.05000019               0
   4.09999990               0
   4.15000010               0
   4.19999981               0
   4.25000000               0
   4.30000019               0
   4.34999990               0
   4.40000010               0
   4.44999981               0
   4.50000000               0
   4.55000019               0
   4.59999990               0
   4.65000010               0
   4.69999981               0
   4.75000000               0
   4.80000019               0
   4.84999990               0
   4.90000010               0
   4.94999981               0
   5.00000000               0
   5.05000019               0
   5.09999990               0
   5.15000010               0
   5.19999981               0
   5.25000000               0
   5.30000019               0
   5.34999990               0
   5.40000010               0
   5.44999981               0
   5.50000000               0
   5.55000019               0
   5.59999990               0
   5.65000010               0
   5.69999981               0
   5.75000000               0
   5.80000019               0
   5.84999990               0
   5.90000010               0
   5.94999981               0
   6.00000000               0
   6.05000019               0
   6.09999990               0
   6.15000010               0
   6.19999981               0
   6.25000000               0
   6.30000019               0
   6.34999990               0
   6.40000010               0
   6.44999981               0
   6.50000000               0
   6.55000019               0
   6.59999990               0
   6.65000010               0
   6.69999981               0
   6.75000000               0
   6.80000019               0
   6.84999990               0
   6.90000010               0
   6.94999981               0
   7.00000000               0
   7.05000019               0
   7.09999990               0
   7.15000010               0
   7.19999981               0
   7.25000000               0
   7.30000019               0
   7.34999990               0
   7.40000010               0
   7.44999981               0
   7.50000000               0
   7.55000019               0
   7.59999990               0
   7.65000010               0
   7.69999981               0
   7.75000000               0
   7.80000019               0
   7.84999990               0
   7.90000010               0
   7.94999981               0
   8.00000000               0
   8.05000019               0
   8.10000038               0
   8.14999962               0
   8.19999981               0
   8.25000000               0
   8.30000019               0
   8.35000038               0
   8.39999962               0
   8.44999981               0
   8.50000000               0
   8.55000019               0
   8.60000038               0
   8.64999962               0
   8.69999981               0
   8.75000000               0
   8.80000019               0
   8.85000038               0
   8.89999962               0
   8.94999981               0
   9.00000000               0
   9.05000019               0
   9.10000038               0
   9.14999962               0
   9.19999981               0
   9.25000000               0
   9.30000019               0
   9.35000038               0
   9.39999962               0
   9.44999981               0
   9.50000000               0
   9.55000019               0
   9.60000038               0
   9.64999962               0
   9.69999981               0
   9.75000000               0
   9.80000019               0
   9.85000038               0
   9.89999962               0
   9.94999981               0
   10.0000000               0
   10.0500002               0
   10.1000004               0
   10.1499996               0
   10.1999998               0
   10.2500000               0
   10.3000002               0
   10.3500004               0
   10.3999996               0
   10.4499998               0
   10.5000000               0
   10.5500002               0
   10.6000004               0
   10.6499996               0
   10.6999998               0
   10.7500000               0
   10.8000002               0
   10.8500004               0
   10.8999996               0
   10.9499998               0
   11.0000000               0
   11.0500002               0
   11.1000004               0
   11.1499996               0
   11.1999998               0
   11.2500000               0
   11.3000002               0
   11.3500004               0
   11.3999996               0
   11.4499998               0
   11.5000000               0
   11.5500002               0
   11.6000004               0
   11.6499996               0
   11.6999998               0
   11.7500000               0
   11.8000002               0
   11.8500004               0
   11.8999996               0
   11.9499998               0
   12.0000000               0
   12.0500002               0
   12.1000004               0
   12.1499996               0
   12.1999998               0
   12.2500000               0
   12.3000002               0
   12.3500004               0
   12.3999996               0
   12.4499998               0
   12.5000000               0
   12.5500002               0
   12.6000004               0
   12.6499996               0
   12.6999998               0
   12.7500000               0
   12.8000002               0
   12.8500004               0
   12.8999996               0
   12.9499998               0
   13.0000000               0
   13.0500002               0
   13.1000004               0
   13.1499996               0
   13.1999998               0
   13.2500000               0
   13.3000002               0
   13.3500004               0
   13.3999996               0
   13.4499998               0
   13.5000000               0
   13.5500002               0
   13.6000004               0
   13.6499996               0
   13.6999998               0
   13.7500000               0
   13.8000002               0
   13.8500004               0
   13.8999996               0
   13.9499998               0
   14.0000000               0
   14.0500002               0
   14.1000004               0
   14.1499996               0
   14.1999998               0
   14.2500000               0
   14.3000002               0
   14.3500004               0
   14.3999996               0
   14.4499998               0
   14.5000000               0
   14.5500002               0
   14.6000004               0
   14.6499996               0
   14.6999998               0
   14.7500000               0
   14.8000002               0
   14.8500004               0
   14.8999996               0
   14.9499998               0
   15.0000000               0
   15.0500002               0
   15.1000004               0
   15.1499996               0
   15.1999998               0
   15.2500000               0
   15.3000002               0
   15.3500004               0
   15.3999996               0
   15.4499998               0
   15.5000000               0
   15.5500002               0
   15.6000004               0
   15.6499996               0
   15.6999998               0
   15.7500000               0
   15.8000002               0
   15.8500004               0
   15.8999996               0
   15.9499998               0
   16.0000000               0
   16.0499992               0
   16.1000004               0
   16.1499996               0
   16.2000008               0
   16.2500000               0
   16.2999992               0
   16.3500004               0
   16.3999996               0
   16.4500008               0
   16.5000000               0
   16.5499992               0
   16.6000004               0
   16.6499996               0
   16.7000008               0
   16.7500000               0
   16.7999992               0
   16.8500004               0
   16.8999996               0
   16.9500008               0
   17.0000000               0
   17.0499992               0
   17.1000004               0
   17.1499996               0
   17.2000008               0
   17.2500000               0
   17.2999992               0
   17.3500004               0
   17.3999996               0
   17.4500008               0
   17.5000000               0
   17.5499992               0
   17.6000004               0
   17.6499996               0
   17.7000008               0
   17.7500000               0
   17.7999992               0
   17.8500004               0
   17.8999996               0
   17.9500008               0
   18.0000000               0
   18.0499992               0
   18.1000004               0
   18.1499996               0
   18.2000008               0
   18.2500000               0
   18.2999992               0
   18.3500004               0
   18.3999996               0
   18.4500008               0
   18.5000000               0
   18.5499992               0
   18.6000004               0
   18.6499996               0
   18.7000008               0
   18.7500000               0
   18.7999992               0
   18.8500004               0
   18.8999996               0
   18.9500008               0
   19.0000000               0
   19.0499992               0
   19.1000004               0
   19.1499996               0
   19.2000008               0
   19.2500000               0
   19.2999992               0
   19.3500004               0
   19.3999996               0
   19.4500008               0
   19.5000000               0
   19.5499992               0
   19.6000004               0
   19.6499996               0
   19.7000008               0
   19.7500000               0
   19.7999992               0
   19.8500004               0
   19.8999996               0
   19.9500008               0
   20.0000000               0
   20.0499992               0
   20.1000004               0
   20.1499996               0
   20.2000008               0
   20.2500000               0
   20.2999992               0
   20.3500004               0
   20.3999996               0
   20.4500008               0
   20.5000000               0
   20.5499992               0
   20.6000004               0
   20.6499996               0
   20.7000008               0
   20.7500000               0
   20.7999992               0
   20.8500004               0
   20.8999996               0
   20.9500008               0
   21.0000000               0
   21.0499992               0
   21.1000004               0
   21.1499996               0
   21.2000008               0
   21.2500000               0
   21.2999992               0
   21.3500004               0
   21.3999996               0
   21.4500008               0
   21.5000000               0
   21.5499992               0
   21.6000004               0
   21.6499996               0
   21.7000008               0
   21.7500000               0
   21.7999992               0
   21.8500004               0
   21.8999996               0
   21.9500008               0
   22.0000000               0
   22.0499992               0
   22.1000004               0
   22.1499996               0
   22.2000008               0
   22.2500000               0
   22.2999992               0
   22.3500004               0
   22.3999996               0
   22.4500008               0
   22.5000000               0
   22.5499992               0
   22.6000004               0
   22.6499996               0
   22.7000008               0
   22.7500000               0
   22.7999992               0
   22.8500004               0
   22.8999996               0
   22.9500008               0
   23.0000000               0
   23.0499992               0
   23.1000004               0
   23.1499996               0
   23.2000008               0
   23.2500000               0
   23.2999992               0
   23.3500004               0
   23.3999996               0
   23.4500008               0
   23.5000000               0
   23.5499992               0
   23.6000004               0
   23.6499996               0
   23.7000008               0
   23.7500000               0
   23.7999992               0
   23.8500004               0
   23.8999996               0
   23.9500008               0
   24.0000000               0
   24.0499992               0
   24.1000004               0
   24.1499996               0
   24.2000008               0
   24.2500000               0
   24.2999992               0
   24.3500004               0
   24.3999996               0
   24.4500008               0
   24.5000000               0
   24.5499992               0
   24.6000004               0
   24.6499996               0
   24.7000008               0
   24.7500000               0
   24.7999992               0
   24.8500004               0
   24.8999996               0
   24.9500008               0
   25.0000000               0
   25.0499992               0
   25.1000004               0
   25.1499996               0
   25.2000008               0
   25.2500000               0
   25.2999992               0
   25.3500004               0
   25.3999996               0
   25.4500008               0
   25.5000000               0
   25.5499992               0
   25.6000004               0
   25.6499996               0
   25.7000008               0
   25.7500000               0
   25.7999992               0
   25.8500004               0
   25.8999996               0
   25.9500008               0
   26.0000000               0
   26.0499992               0
   26.1000004               0
   26.1499996               0
   26.2000008               0
   26.2500000               0
   26.2999992               0
   26.3500004               0
   26.3999996               0
   26.4500008               0
   26.5000000               0
   26.5499992               0
   26.6000004               0
   26.6499996               0
   26.7000008               0
   26.7500000               0
   26.7999992               0
   26.8500004               0
   26.8999996               0
   26.9500008               0
   27.0000000               0
   27.0499992               0
   27.1000004               0
   27.1499996               0
   27.2000008               0
   27.2500000               0
   27.2999992               0
   27.3500004               0
   27.3999996               0
   27.4500008               0
   27.5000000               0
   27.5499992               0
   27.6000004               0
   27.6499996               0
   27.7000008               0
   27.7500000               0
   27.7999992               0
   27.8500004               0
   27.8999996               0
   27.9500008               0
   28.0000000               0
   28.0499992               0
   28.1000004               0
   28.1499996               0
   28.2000008               0
   28.2500000               0
   28.2999992               0
   28.3500004               0
   28.3999996               0
   28.4500008               0
   28.5000000               0
   28.5499992               0
   28.6000004               0
   28.6499996               0
   28.7000008               0
   28.7500000               0
   28.7999992               0
   28.8500004               0
   28.8999996               0
   28.9500008               0
   29.0000000               0
   29.0499992               0
   29.1000004               0
   29.1499996               0
   29.2000008               0
   29.2500000               0
   29.2999992               0
   29.3500004               0
   29.3999996               0
   29.4500008               0
   29.5000000               0
   29.5499992               0
   29.6000004               0
   29.6499996               0
   29.7000008               0
   29.7500000               0
   29.7999992               0
   29.8500004               0
   29.8999996               0
   29.9500008               0
   30.0000000               0
   30.0499992               0
   30.1000004               0
   30.1499996               0
   30.2000008               0
   30.2500000               0
   30.2999992               0
   30.3500004               0
   30.3999996               0
   30.4500008               0
   30.5000000               0
   30.5499992               0
   30.6000004               0
   30.6499996               0
   30.7000008               0
   30.7500000               0
   30.7999992               0
   30.8500004               0
   30.8999996               0
   30.9500008               0
   31.0000000               0
   31.0499992               0
   31.1000004               0
   31.1499996               0
   31.2000008               0
   31.2500000               0
   31.2999992               0
   31.3500004               0
   31.3999996               0
   31.4500008               0
   31.5000000               0
   31.5499992               0
   31.6000004               0
   31.6499996               0
   31.7000008               0
   31.7500000               0
   31.7999992               0
   31.8500004               0
   31.8999996               0
   31.9500008               0
   32.0000000               0
   32.0499992               0
   32.0999985               0
   32.1500015               0
   32.2000008               0
   32.2500000               0
   32.2999992               0
   32.3499985               0
   32.4000015               0
   32.4500008               0
   32.5000000               0
   32.5499992               0
   32.5999985               0
   32.6500015               0
   32.7000008               0
   32.7500000               0
   32.7999992               0
   32.8499985               0
   32.9000015               0
   32.9500008               0
   33.0000000               0
   33.0499992               0
   33.0999985               0
   33.1500015               0
   33.2000008               0
   33.2500000               1
   33.2999992               1
   33.3499985               1
   33.4000015               1
   33.4500008               1
   33.5000000               1
   33.5499992               1
   33.5999985               1
   33.6500015               1
   33.7000008               1
   33.7500000               1
   33.7999992               1
   33.8499985               1
   33.9000015               1
   33.9500008               1
   34.0000000               1
   34.0499992               1
   34.0999985               1
   34.1500015               1
   34.2000008               1
   34.2500000               1
   34.2999992               1
   34.3499985               1
   34.4000015               1
   34.4500008               1
   34.5000000               1
   34.5499992               1
   34.5999985               1
   34.6500015               1
   34.7000008               1
   34.7500000               1
   34.7999992               1
   34.8499985               1
   34.9000015               1
   34.9500008               1
   35.0000000               1
   35.0499992               1
   35.0999985               1
   35.1500015               1
   35.2000008               1
   35.2500000               1
   35.2999992               1
   35.3499985               1
   35.4000015               1
   35.4500008               1
   35.5000000               1
   35.5499992               1
   35.5999985               1
   35.6500015               1
   35.7000008               1
   35.7500000               1
   35.7999992               1
   35.8499985               1
   35.9000015               1
   35.9500008               1
   36.0000000               1
   36.0499992               1
   36.0999985               1
   36.1500015               1
   36.2000008               1
   36.2500000               1
   36.2999992               1
   36.3499985               1
   36.4000015               1
   36.4500008               1
   36.5000000               1
   36.5499992               1
   36.5999985               1
   36.6500015               1
   36.7000008               1
   36.7500000               1
   36.7999992               1
   36.8499985               1
   36.9000015               1
   36.9500008               1
   37.0000000               1
   37.0499992               1
   37.0999985               2
   37.1500015               2
   37.2000008               2
   37.2500000               2
   37.2999992               2
   37.3499985               2
   37.4000015               2
   37.4500008               2
   37.5000000               2
   37.5499992               2
   37.5999985               2
   37.6500015               2
   37.7000008               2
   37.7500000               2
   37.7999992               2
   37.8499985               2
   37.9000015               2
   37.9500008               2
   38.0000000               2
   38.0499992               2
   38.0999985               2
   38.1500015               2
   38.2000008               2
   38.2500000               2
   38.2999992               2
   38.3499985               2
   38.4000015               2
   38.4500008               2
   38.5000000               2
   38.5499992               2
   38.5999985               2
   38.6500015               2
   38.7000008               2
   38.7500000               2
   38.7999992               2
   38.8499985               2
   38.9000015               2
   38.9500008               2
   39.0000000               2
   39.0499992               2
   39.0999985               2
   39.1500015               2
   39.2000008               2
   39.2500000               2
   39.2999992               2
   39.3499985               2
   39.4000015               2
   39.4500008               2
   39.5000000               2
   39.5499992               2
   39.5999985               2
   39.6500015               2
   39.7000008               2
   39.7500000               2
   39.7999992               2
   39.8499985               2
   39.9000015               2
   39.9500008               2
   40.0000000               2
   40.0499992               2
   40.0999985               2
   40.1500015               2
   40.2000008               2
   40.2500000               2
   40.2999992               2
   40.3499985               2
   40.4000015               2
   40.4500008               2
   40.5000000               2
   40.5499992               2
   40.5999985               2
   40.6500015               2
   40.7000008               2
   40.7500000               2
   40.7999992               2
   40.8499985               2
   40.9000015               2
   40.9500008               2
   41.0000000               2
   41.0499992               2
   41.0999985               2
   41.1500015               2
   41.2000008               2
   41.2500000               2
   41.2999992               2
   41.3499985               2
   41.4000015               2
   41.4500008               2
   41.5000000               2
   41.5499992               2
   41.5999985               2
   41.6500015               2
   41.7000008               2
   41.7500000               2
   41.7999992               2
   41.8499985               2
   41.9000015               2
   41.9500008               2
   42.0000000               2
   42.0499992               2
   42.0999985               2
   42.1500015               2
   42.2000008               2
   42.2500000               2
   42.2999992               2
   42.3499985               2
   42.4000015               2
   42.4500008               2
   42.5000000               2
   42.5499992               2
   42.5999985               2
   42.6500015               2
   42.7000008               2
   42.7500000               2
   42.7999992               2
   42.8499985               2
   42.9000015               2
   42.9500008               2
   43.0000000               2
   43.0499992               2
   43.0999985               2
   43.1500015               2
   43.2000008               2
   43.2500000               2
   43.2999992               2
   43.3499985               2
   43.4000015               2
   43.4500008               2
   43.5000000               2
   43.5499992               2
   43.5999985               2
   43.6500015               2
   43.7000008               2
   43.7500000               2
   43.7999992               2
   43.8499985               2
   43.9000015               2
   43.9500008               2
   44.0000000               2
   44.0499992               2
   44.0999985               2
   44.1500015               2
   44.2000008               2
   44.2500000               2
   44.2999992               2
   44.3499985               2
   44.4000015               2
   44.4500008               2
   44.5000000               2
   44.5499992               2
   44.5999985               2
   44.6500015               2
   44.7000008               2
   44.7500000               2
   44.7999992               2
   44.8499985               2
   44.9000015               2
   44.9500008               2
   45.0000000               2
   45.0499992               2
   45.0999985               2
   45.1500015               2
   45.2000008               2
   45.2500000               2
   45.2999992               2
   45.3499985               2
   45.4000015               2
   45.4500008               2
   45.5000000               2
   45.5499992               2
   45.5999985               2
   45.6500015               2
   45.7000008               2
   45.7500000               2
   45.7999992               2
   45.8499985               2
   45.9000015               2
   45.9500008               2
   46.0000000               2
   46.0499992               2
   46.0999985               2
   46.1500015               2
   46.2000008               2
   46.2500000               2
   46.2999992               2
   46.3499985               2
   46.4000015               2
   46.4500008               2
   46.5000000               2
   46.5499992               2
   46.5999985               2
   46.6500015               2
   46.7000008               2
   46.7500000               2
   46.7999992               2
   46.8499985               2
   46.9000015               2
   46.9500008               2
   47.0000000               2
   47.0499992               2
   47.0999985               2
   47.1500015               2
   47.2000008               2
   47.2500000               2
   47.2999992               2
   47.3499985               2
   47.4000015               2
   47.4500008               2
   47.5000000               2
   47.5499992               2
   47.5999985               2
   47.6500015               2
   47.7000008               2
   47.7500000               2
   47.7999992               2
   47.8499985               2
   47.9000015               2
   47.9500008               2
   48.0000000               2
   48.0499992               2
   48.0999985               2
   48.1500015               2
   48.2000008               2
   48.2500000               2
   48.2999992               2
   48.3499985               2
   48.4000015               2
   48.4500008               2
   48.5000000               2
   48.5499992               2
   48.5999985               2
   48.6500015               2
   48.7000008               2
   48.7500000               2
   48.7999992               2
   48.8499985               2
   48.9000015               2
   48.9500008               2
   49.0000000               2
   49.0499992               2
   49.0999985               2
   49.1500015               2
   49.2000008               2
   49.2500000               2
   49.2999992               2
   49.3499985               2
   49.4000015               2
   49.4500008               2
   49.5000000               2
   49.5499992               2
   49.5999985               2
   49.6500015               2
   49.7000008               2
   49.7500000               2
   49.7999992               2
   49.8499985               2
   49.9000015               2
   49.9500008               2
