 Permeation events over simulation time.
 t(ns) Number of events
   0.00000000               0
   1.00000000               0
   2.00000000               0
   3.00000000               0
   4.00000000               0
   5.00000000               0
   6.00000000               0
   7.00000000               0
   8.00000000               0
   9.00000000               0
   10.0000000               0
   11.0000000               0
   12.0000000               0
   13.0000000               0
   14.0000000               0
   15.0000000               0
   16.0000000               0
   17.0000000               0
   18.0000000               0
   19.0000000               1
   20.0000000               1
   21.0000000               1
   22.0000000               1
   23.0000000               1
   24.0000000               1
   25.0000000               1
   26.0000000               1
   27.0000000               1
   28.0000000               1
   29.0000000               1
   30.0000000               1
   31.0000000               1
   32.0000000               1
   33.0000000               1
   34.0000000               1
   35.0000000               1
   36.0000000               1
   37.0000000               1
   38.0000000               1
   39.0000000               1
   40.0000000               1
   41.0000000               1
   42.0000000               1
   43.0000000               1
   44.0000000               1
   45.0000000               1
   46.0000000               1
   47.0000000               1
   48.0000000               1
   49.0000000               1
   50.0000000               1
   51.0000000               1
   52.0000000               1
   53.0000000               1
   54.0000000               1
   55.0000000               1
   56.0000000               1
   57.0000000               1
   58.0000000               1
   59.0000000               1
   60.0000000               1
   61.0000000               1
   62.0000000               1
   63.0000000               1
   64.0000000               1
   65.0000000               1
   66.0000000               1
   67.0000000               2
   68.0000000               2
   69.0000000               2
   70.0000000               2
   71.0000000               2
   72.0000000               2
   73.0000000               2
   74.0000000               2
   75.0000000               3
   76.0000000               3
   77.0000000               3
   78.0000000               3
   79.0000000               3
   80.0000000               3
   81.0000000               3
   82.0000000               3
   83.0000000               3
   84.0000000               3
   85.0000000               3
   86.0000000               3
   87.0000000               3
   88.0000000               3
   89.0000000               3
   90.0000000               3
   91.0000000               3
   92.0000000               3
   93.0000000               3
   94.0000000               3
   95.0000000               3
   96.0000000               3
   97.0000000               3
   98.0000000               3
   99.0000000               3
   100.000000               3
   101.000000               3
   102.000000               3
   103.000000               3
   104.000000               3
   105.000000               3
   106.000000               3
   107.000000               3
   108.000000               3
   109.000000               3
   110.000000               3
   111.000000               3
   112.000000               3
   113.000000               3
   114.000000               3
   115.000000               3
   116.000000               3
   117.000000               3
   118.000000               3
   119.000000               3
   120.000000               4
   121.000000               4
   122.000000               4
   123.000000               4
   124.000000               4
   125.000000               4
   126.000000               4
   127.000000               4
   128.000000               4
   129.000000               4
   130.000000               4
   131.000000               4
   132.000000               4
   133.000000               4
   134.000000               4
   135.000000               4
   136.000000               4
   137.000000               4
   138.000000               4
   139.000000               4
   140.000000               4
   141.000000               4
   142.000000               4
   143.000000               4
   144.000000               4
   145.000000               4
   146.000000               4
   147.000000               4
   148.000000               4
   149.000000               4
   150.000000               4
   151.000000               4
   152.000000               4
   153.000000               4
   154.000000               4
   155.000000               4
   156.000000               4
   157.000000               4
   158.000000               4
   159.000000               4
   160.000000               4
   161.000000               4
   162.000000               4
   163.000000               4
   164.000000               4
   165.000000               4
   166.000000               4
   167.000000               4
   168.000000               4
   169.000000               4
   170.000000               4
   171.000000               4
   172.000000               4
   173.000000               4
   174.000000               4
   175.000000               4
   176.000000               4
   177.000000               4
   178.000000               4
   179.000000               4
   180.000000               4
   181.000000               4
   182.000000               4
   183.000000               4
   184.000000               4
   185.000000               4
   186.000000               4
   187.000000               4
   188.000000               4
   189.000000               4
   190.000000               4
   191.000000               4
   192.000000               4
   193.000000               4
   194.000000               4
   195.000000               4
   196.000000               4
   197.000000               4
   198.000000               4
   199.000000               4
   200.000000               4
   201.000000               4
   202.000000               4
   203.000000               4
   204.000000               4
   205.000000               4
   206.000000               4
   207.000000               4
   208.000000               4
   209.000000               4
   210.000000               4
   211.000000               4
   212.000000               4
   213.000000               4
   214.000000               4
   215.000000               4
   216.000000               4
   217.000000               4
   218.000000               4
   219.000000               4
   220.000000               4
   221.000000               4
   222.000000               4
   223.000000               4
   224.000000               4
   225.000000               4
   226.000000               4
   227.000000               4
   228.000000               4
   229.000000               4
   230.000000               4
   231.000000               4
   232.000000               6
   233.000000               6
   234.000000               6
   235.000000               7
   236.000000               7
   237.000000               7
   238.000000               7
   239.000000               7
   240.000000               7
   241.000000               7
   242.000000               7
   243.000000               7
   244.000000               7
   245.000000               7
   246.000000               7
   247.000000               7
   248.000000               7
   249.000000               7
   250.000000               7
   251.000000               8
   252.000000               8
   253.000000               8
   254.000000               8
   255.000000               8
   256.000000               8
   257.000000               8
   258.000000               8
   259.000000               8
   260.000000               8
   261.000000               8
   262.000000               9
   263.000000               9
   264.000000               9
   265.000000               9
   266.000000               9
   267.000000               9
   268.000000               9
   269.000000               9
   270.000000               9
   271.000000               9
   272.000000               9
   273.000000               9
   274.000000               9
   275.000000               9
   276.000000               9
   277.000000               9
   278.000000               9
   279.000000               9
   280.000000               9
   281.000000               9
   282.000000               9
   283.000000               9
   284.000000               9
   285.000000               9
   286.000000               9
   287.000000               9
   288.000000               9
   289.000000               9
   290.000000               9
   291.000000               9
   292.000000               9
   293.000000               9
   294.000000               9
   295.000000               9
   296.000000               9
   297.000000               9
   298.000000               9
   299.000000               9
   300.000000               9
   301.000000               9
   302.000000               9
   303.000000               9
   304.000000               9
   305.000000               9
   306.000000               9
   307.000000               9
   308.000000               9
   309.000000               9
   310.000000               9
   311.000000               9
   312.000000               9
   313.000000               9
   314.000000               9
   315.000000               9
   316.000000               9
   317.000000               9
   318.000000               9
   319.000000               9
   320.000000               9
   321.000000               9
   322.000000               9
   323.000000               9
   324.000000               9
   325.000000               9
   326.000000               9
   327.000000               9
   328.000000               9
   329.000000               9
   330.000000               9
   331.000000              10
   332.000000              10
   333.000000              10
   334.000000              10
   335.000000              10
   336.000000              10
   337.000000              10
   338.000000              11
   339.000000              11
   340.000000              11
   341.000000              11
   342.000000              11
   343.000000              11
   344.000000              11
   345.000000              11
   346.000000              11
   347.000000              11
   348.000000              11
   349.000000              11
   350.000000              11
   351.000000              11
   352.000000              11
   353.000000              11
   354.000000              11
   355.000000              11
   356.000000              11
   357.000000              11
   358.000000              11
   359.000000              11
   360.000000              11
   361.000000              11
   362.000000              11
   363.000000              11
   364.000000              11
   365.000000              11
   366.000000              11
   367.000000              11
   368.000000              11
   369.000000              11
   370.000000              11
   371.000000              11
   372.000000              11
   373.000000              11
   374.000000              11
   375.000000              11
   376.000000              11
   377.000000              11
   378.000000              11
   379.000000              11
   380.000000              11
   381.000000              11
   382.000000              11
   383.000000              11
   384.000000              11
   385.000000              11
   386.000000              11
   387.000000              11
   388.000000              11
   389.000000              11
   390.000000              11
   391.000000              11
   392.000000              11
   393.000000              11
   394.000000              11
   395.000000              11
   396.000000              11
   397.000000              11
   398.000000              11
   399.000000              11
   400.000000              11
   401.000000              11
   402.000000              11
   403.000000              11
   404.000000              11
   405.000000              11
   406.000000              11
   407.000000              11
   408.000000              11
   409.000000              11
   410.000000              11
   411.000000              11
   412.000000              11
   413.000000              11
   414.000000              11
   415.000000              11
   416.000000              11
   417.000000              11
   418.000000              11
   419.000000              11
   420.000000              11
   421.000000              11
   422.000000              11
   423.000000              11
   424.000000              11
   425.000000              11
   426.000000              11
   427.000000              11
   428.000000              11
   429.000000              11
   430.000000              11
   431.000000              11
   432.000000              11
   433.000000              11
   434.000000              11
   435.000000              11
   436.000000              11
   437.000000              11
   438.000000              11
   439.000000              11
   440.000000              11
   441.000000              11
   442.000000              11
   443.000000              11
   444.000000              11
   445.000000              11
   446.000000              11
   447.000000              11
   448.000000              11
   449.000000              11
   450.000000              11
   451.000000              11
   452.000000              11
   453.000000              11
   454.000000              11
   455.000000              11
   456.000000              11
   457.000000              11
   458.000000              12
   459.000000              12
   460.000000              12
   461.000000              12
   462.000000              12
   463.000000              12
   464.000000              12
   465.000000              12
   466.000000              12
   467.000000              12
   468.000000              12
   469.000000              12
   470.000000              12
   471.000000              13
   472.000000              13
   473.000000              13
   474.000000              13
   475.000000              13
   476.000000              13
   477.000000              13
   478.000000              13
   479.000000              13
   480.000000              13
   481.000000              13
   482.000000              13
   483.000000              13
   484.000000              13
   485.000000              14
   486.000000              14
   487.000000              14
   488.000000              14
   489.000000              14
   490.000000              14
   491.000000              14
   492.000000              14
   493.000000              14
   494.000000              14
   495.000000              14
   496.000000              14
   497.000000              14
   498.000000              14
   499.000000              14
   500.000000              14
   501.000000              14
   502.000000              14
   503.000000              14
   504.000000              14
   505.000000              14
   506.000000              14
   507.000000              14
   508.000000              14
   509.000000              14
   510.000000              14
   511.000000              14
   512.000000              14
   513.000000              14
   514.000000              14
   515.000000              14
   516.000000              14
   517.000000              14
   518.000000              14
   519.000000              14
   520.000000              14
   521.000000              14
   522.000000              14
   523.000000              14
   524.000000              14
   525.000000              14
   526.000000              14
   527.000000              14
   528.000000              14
   529.000000              14
   530.000000              14
   531.000000              14
   532.000000              14
   533.000000              14
   534.000000              14
   535.000000              14
   536.000000              14
   537.000000              14
   538.000000              14
   539.000000              14
   540.000000              14
   541.000000              14
   542.000000              14
   543.000000              14
   544.000000              14
   545.000000              14
   546.000000              14
   547.000000              14
   548.000000              14
   549.000000              14
   550.000000              14
   551.000000              14
   552.000000              14
   553.000000              14
   554.000000              14
   555.000000              14
   556.000000              14
   557.000000              14
   558.000000              14
   559.000000              14
   560.000000              14
   561.000000              14
   562.000000              14
   563.000000              14
   564.000000              14
   565.000000              14
   566.000000              14
   567.000000              14
   568.000000              14
   569.000000              14
   570.000000              14
   571.000000              14
   572.000000              14
   573.000000              14
   574.000000              14
   575.000000              14
   576.000000              14
   577.000000              14
   578.000000              14
   579.000000              14
   580.000000              14
   581.000000              14
   582.000000              14
   583.000000              14
   584.000000              14
   585.000000              14
   586.000000              14
   587.000000              14
   588.000000              14
   589.000000              14
   590.000000              14
   591.000000              14
   592.000000              14
   593.000000              14
   594.000000              14
   595.000000              14
   596.000000              14
   597.000000              14
   598.000000              14
   599.000000              14
   600.000000              14
   601.000000              14
   602.000000              14
   603.000000              14
   604.000000              14
   605.000000              14
   606.000000              14
   607.000000              14
   608.000000              14
   609.000000              14
   610.000000              14
   611.000000              14
   612.000000              14
   613.000000              14
   614.000000              14
   615.000000              14
   616.000000              14
   617.000000              14
   618.000000              14
   619.000000              14
   620.000000              14
   621.000000              14
   622.000000              14
   623.000000              14
   624.000000              14
   625.000000              14
   626.000000              14
   627.000000              14
   628.000000              14
   629.000000              14
   630.000000              14
   631.000000              14
   632.000000              14
   633.000000              14
   634.000000              14
   635.000000              14
   636.000000              14
   637.000000              14
   638.000000              14
   639.000000              14
   640.000000              14
   641.000000              14
   642.000000              14
   643.000000              14
   644.000000              14
   645.000000              14
   646.000000              14
   647.000000              14
   648.000000              14
   649.000000              14
   650.000000              14
   651.000000              14
   652.000000              14
   653.000000              15
   654.000000              15
   655.000000              15
   656.000000              15
   657.000000              15
   658.000000              15
   659.000000              15
   660.000000              15
   661.000000              15
   662.000000              15
   663.000000              15
   664.000000              15
   665.000000              15
   666.000000              15
   667.000000              15
   668.000000              15
   669.000000              15
   670.000000              16
   671.000000              16
   672.000000              16
   673.000000              16
   674.000000              16
   675.000000              16
   676.000000              16
   677.000000              16
   678.000000              16
   679.000000              16
   680.000000              16
   681.000000              16
   682.000000              17
   683.000000              17
   684.000000              17
   685.000000              17
   686.000000              17
   687.000000              17
   688.000000              17
   689.000000              17
   690.000000              17
   691.000000              17
   692.000000              17
   693.000000              17
   694.000000              17
   695.000000              17
   696.000000              17
   697.000000              17
   698.000000              17
   699.000000              17
   700.000000              17
   701.000000              17
   702.000000              17
   703.000000              17
   704.000000              17
   705.000000              17
   706.000000              17
   707.000000              17
   708.000000              17
   709.000000              17
   710.000000              17
   711.000000              17
   712.000000              17
   713.000000              17
   714.000000              17
   715.000000              17
   716.000000              17
   717.000000              17
   718.000000              17
   719.000000              17
   720.000000              17
   721.000000              17
   722.000000              17
   723.000000              17
   724.000000              17
   725.000000              17
   726.000000              17
   727.000000              17
   728.000000              17
   729.000000              17
   730.000000              17
   731.000000              17
   732.000000              17
   733.000000              17
   734.000000              17
   735.000000              17
   736.000000              17
   737.000000              17
   738.000000              17
   739.000000              17
   740.000000              17
   741.000000              17
   742.000000              17
   743.000000              17
   744.000000              17
   745.000000              17
   746.000000              17
   747.000000              17
   748.000000              17
   749.000000              17
   750.000000              17
   751.000000              17
   752.000000              17
   753.000000              17
   754.000000              17
   755.000000              17
   756.000000              17
   757.000000              17
   758.000000              17
   759.000000              17
   760.000000              17
   761.000000              17
   762.000000              17
   763.000000              17
   764.000000              17
   765.000000              17
   766.000000              17
   767.000000              17
   768.000000              17
   769.000000              17
   770.000000              17
   771.000000              17
   772.000000              17
   773.000000              17
   774.000000              17
   775.000000              17
   776.000000              17
   777.000000              17
   778.000000              17
   779.000000              17
   780.000000              17
   781.000000              17
   782.000000              17
   783.000000              17
   784.000000              17
   785.000000              17
   786.000000              17
   787.000000              17
   788.000000              17
   789.000000              17
   790.000000              17
   791.000000              17
   792.000000              17
   793.000000              17
   794.000000              17
   795.000000              17
   796.000000              17
   797.000000              17
   798.000000              17
   799.000000              17
   800.000000              17
   801.000000              17
   802.000000              17
   803.000000              17
   804.000000              17
   805.000000              17
   806.000000              17
   807.000000              17
   808.000000              17
   809.000000              17
   810.000000              17
   811.000000              17
   812.000000              17
   813.000000              17
   814.000000              17
   815.000000              17
   816.000000              17
   817.000000              17
   818.000000              17
   819.000000              17
   820.000000              17
   821.000000              17
   822.000000              17
   823.000000              17
   824.000000              17
   825.000000              17
   826.000000              17
   827.000000              17
   828.000000              17
   829.000000              17
   830.000000              17
   831.000000              17
   832.000000              17
   833.000000              17
   834.000000              17
   835.000000              17
   836.000000              17
   837.000000              17
   838.000000              17
   839.000000              17
   840.000000              17
   841.000000              17
   842.000000              17
   843.000000              17
   844.000000              17
   845.000000              17
   846.000000              17
   847.000000              17
   848.000000              17
   849.000000              17
   850.000000              17
   851.000000              17
   852.000000              17
   853.000000              17
   854.000000              17
   855.000000              17
   856.000000              17
   857.000000              17
   858.000000              17
   859.000000              17
   860.000000              17
   861.000000              17
   862.000000              17
   863.000000              17
   864.000000              17
   865.000000              17
   866.000000              17
   867.000000              17
   868.000000              17
   869.000000              17
   870.000000              17
   871.000000              17
   872.000000              17
   873.000000              17
   874.000000              17
   875.000000              17
   876.000000              17
   877.000000              17
   878.000000              17
   879.000000              17
   880.000000              17
   881.000000              17
   882.000000              17
   883.000000              17
   884.000000              17
   885.000000              17
   886.000000              17
   887.000000              17
   888.000000              17
   889.000000              17
   890.000000              17
   891.000000              17
   892.000000              17
   893.000000              17
   894.000000              17
   895.000000              17
   896.000000              17
   897.000000              17
   898.000000              17
   899.000000              17
   900.000000              17
