 Permeation events over simulation time.
 t(ns) Number of events
   0.00000000               0
   1.00000000               0
   2.00000000               0
   3.00000000               0
   4.00000000               0
   5.00000000               0
   6.00000000               0
   7.00000000               0
   8.00000000               0
   9.00000000               0
   10.0000000               0
   11.0000000               0
   12.0000000               0
   13.0000000               0
   14.0000000               0
   15.0000000               0
   16.0000000               0
   17.0000000               0
   18.0000000               0
   19.0000000               0
   20.0000000               0
   21.0000000               0
   22.0000000               0
   23.0000000               0
   24.0000000               0
   25.0000000               0
   26.0000000               0
   27.0000000               0
   28.0000000               0
   29.0000000               0
   30.0000000               0
   31.0000000               0
   32.0000000               0
   33.0000000               0
   34.0000000               0
   35.0000000               0
   36.0000000               0
   37.0000000               0
   38.0000000               0
   39.0000000               0
   40.0000000               0
   41.0000000               0
   42.0000000               0
   43.0000000               0
   44.0000000               0
   45.0000000               0
   46.0000000               0
   47.0000000               0
   48.0000000               0
   49.0000000               0
   50.0000000               0
   51.0000000               0
   52.0000000               0
   53.0000000               0
   54.0000000               0
   55.0000000               0
   56.0000000               0
   57.0000000               0
   58.0000000               0
   59.0000000               0
   60.0000000               0
   61.0000000               0
   62.0000000               0
   63.0000000               0
   64.0000000               0
   65.0000000               0
   66.0000000               0
   67.0000000               0
   68.0000000               0
   69.0000000               0
   70.0000000               0
   71.0000000               0
   72.0000000               1
   73.0000000               1
   74.0000000               1
   75.0000000               1
   76.0000000               1
   77.0000000               1
   78.0000000               1
   79.0000000               1
   80.0000000               1
   81.0000000               1
   82.0000000               1
   83.0000000               1
   84.0000000               1
   85.0000000               1
   86.0000000               1
   87.0000000               1
   88.0000000               1
   89.0000000               1
   90.0000000               1
   91.0000000               1
   92.0000000               1
   93.0000000               1
   94.0000000               1
   95.0000000               1
   96.0000000               1
   97.0000000               1
   98.0000000               1
   99.0000000               1
   100.000000               1
   101.000000               1
   102.000000               1
   103.000000               1
   104.000000               1
   105.000000               1
   106.000000               1
   107.000000               1
   108.000000               1
   109.000000               1
   110.000000               1
   111.000000               1
   112.000000               1
   113.000000               1
   114.000000               1
   115.000000               1
   116.000000               1
   117.000000               1
   118.000000               1
   119.000000               2
   120.000000               2
   121.000000               2
   122.000000               2
   123.000000               2
   124.000000               2
   125.000000               2
   126.000000               2
   127.000000               2
   128.000000               2
   129.000000               2
   130.000000               2
   131.000000               2
   132.000000               2
   133.000000               2
   134.000000               2
   135.000000               2
   136.000000               2
   137.000000               2
   138.000000               2
   139.000000               2
   140.000000               2
   141.000000               2
   142.000000               2
   143.000000               2
   144.000000               2
   145.000000               2
   146.000000               2
   147.000000               2
   148.000000               2
   149.000000               2
   150.000000               2
   151.000000               2
   152.000000               2
   153.000000               2
   154.000000               2
   155.000000               2
   156.000000               2
   157.000000               2
   158.000000               2
   159.000000               2
   160.000000               2
   161.000000               2
   162.000000               2
   163.000000               2
   164.000000               2
   165.000000               2
   166.000000               2
   167.000000               2
   168.000000               2
   169.000000               2
   170.000000               2
   171.000000               2
   172.000000               2
   173.000000               2
   174.000000               2
   175.000000               2
   176.000000               2
   177.000000               2
   178.000000               2
   179.000000               2
   180.000000               2
   181.000000               2
   182.000000               2
   183.000000               2
   184.000000               2
   185.000000               2
   186.000000               2
   187.000000               2
   188.000000               2
   189.000000               2
   190.000000               2
   191.000000               2
   192.000000               2
   193.000000               2
   194.000000               2
   195.000000               2
   196.000000               2
   197.000000               2
   198.000000               2
   199.000000               2
   200.000000               2
   201.000000               2
   202.000000               2
   203.000000               2
   204.000000               2
   205.000000               2
   206.000000               2
   207.000000               2
   208.000000               2
   209.000000               2
   210.000000               2
   211.000000               2
   212.000000               2
   213.000000               2
   214.000000               2
   215.000000               2
   216.000000               2
   217.000000               2
   218.000000               2
   219.000000               2
   220.000000               2
   221.000000               2
   222.000000               2
   223.000000               2
   224.000000               2
   225.000000               2
   226.000000               2
   227.000000               2
   228.000000               2
   229.000000               2
   230.000000               2
   231.000000               2
   232.000000               2
   233.000000               2
   234.000000               2
   235.000000               2
   236.000000               2
   237.000000               2
   238.000000               2
   239.000000               2
   240.000000               2
   241.000000               2
   242.000000               2
   243.000000               2
   244.000000               2
   245.000000               2
   246.000000               2
   247.000000               2
   248.000000               2
   249.000000               2
   250.000000               2
   251.000000               2
   252.000000               3
   253.000000               3
   254.000000               3
   255.000000               3
   256.000000               3
   257.000000               3
   258.000000               3
   259.000000               3
   260.000000               3
   261.000000               3
   262.000000               3
   263.000000               3
   264.000000               3
   265.000000               3
   266.000000               3
   267.000000               3
   268.000000               3
   269.000000               3
   270.000000               3
   271.000000               3
   272.000000               3
   273.000000               3
   274.000000               3
   275.000000               3
   276.000000               3
   277.000000               3
   278.000000               3
   279.000000               3
   280.000000               3
   281.000000               3
   282.000000               3
   283.000000               3
   284.000000               3
   285.000000               3
   286.000000               3
   287.000000               3
   288.000000               3
   289.000000               3
   290.000000               3
   291.000000               3
   292.000000               3
   293.000000               3
   294.000000               3
   295.000000               3
   296.000000               3
   297.000000               4
   298.000000               4
   299.000000               4
   300.000000               4
   301.000000               4
   302.000000               4
   303.000000               4
   304.000000               4
   305.000000               4
   306.000000               4
   307.000000               4
   308.000000               4
   309.000000               4
   310.000000               4
   311.000000               4
   312.000000               4
   313.000000               4
   314.000000               4
   315.000000               4
   316.000000               4
   317.000000               4
   318.000000               4
   319.000000               4
   320.000000               4
   321.000000               4
   322.000000               4
   323.000000               4
   324.000000               4
   325.000000               4
   326.000000               4
   327.000000               4
   328.000000               4
   329.000000               4
   330.000000               4
   331.000000               4
   332.000000               4
   333.000000               4
   334.000000               4
   335.000000               4
   336.000000               4
   337.000000               4
   338.000000               4
   339.000000               4
   340.000000               4
   341.000000               4
   342.000000               4
   343.000000               4
   344.000000               4
   345.000000               4
   346.000000               4
   347.000000               4
   348.000000               4
   349.000000               4
   350.000000               4
   351.000000               4
   352.000000               4
   353.000000               4
   354.000000               4
   355.000000               4
   356.000000               4
   357.000000               4
   358.000000               4
   359.000000               4
   360.000000               4
   361.000000               4
   362.000000               4
   363.000000               4
   364.000000               4
   365.000000               4
   366.000000               4
   367.000000               4
   368.000000               4
   369.000000               4
   370.000000               4
   371.000000               4
   372.000000               4
   373.000000               4
   374.000000               4
   375.000000               4
   376.000000               5
   377.000000               5
   378.000000               5
   379.000000               5
   380.000000               5
   381.000000               5
   382.000000               5
   383.000000               5
   384.000000               5
   385.000000               5
   386.000000               5
   387.000000               5
   388.000000               5
   389.000000               5
   390.000000               5
   391.000000               5
   392.000000               5
   393.000000               5
   394.000000               5
   395.000000               5
   396.000000               5
   397.000000               5
   398.000000               5
   399.000000               5
   400.000000               5
   401.000000               5
   402.000000               5
   403.000000               5
   404.000000               5
   405.000000               5
   406.000000               5
   407.000000               5
   408.000000               5
   409.000000               5
   410.000000               5
   411.000000               5
   412.000000               5
   413.000000               5
   414.000000               5
   415.000000               5
   416.000000               5
   417.000000               5
   418.000000               5
   419.000000               5
   420.000000               5
   421.000000               5
   422.000000               5
   423.000000               5
   424.000000               5
   425.000000               5
   426.000000               5
   427.000000               5
   428.000000               5
   429.000000               5
   430.000000               5
   431.000000               5
   432.000000               5
   433.000000               5
   434.000000               5
   435.000000               5
   436.000000               6
   437.000000               6
   438.000000               6
   439.000000               6
   440.000000               6
   441.000000               6
   442.000000               6
   443.000000               6
   444.000000               6
   445.000000               6
   446.000000               6
   447.000000               6
   448.000000               6
   449.000000               6
   450.000000               6
   451.000000               6
   452.000000               6
   453.000000               6
   454.000000               6
   455.000000               6
   456.000000               6
   457.000000               6
   458.000000               6
   459.000000               6
   460.000000               6
   461.000000               6
   462.000000               6
   463.000000               6
   464.000000               6
   465.000000               6
   466.000000               6
   467.000000               6
   468.000000               6
   469.000000               6
   470.000000               6
   471.000000               6
   472.000000               6
   473.000000               6
   474.000000               6
   475.000000               6
   476.000000               6
   477.000000               6
   478.000000               6
   479.000000               6
   480.000000               6
   481.000000               6
   482.000000               6
   483.000000               6
   484.000000               6
   485.000000               6
   486.000000               6
   487.000000               6
   488.000000               6
   489.000000               6
   490.000000               6
   491.000000               6
   492.000000               6
   493.000000               6
   494.000000               6
   495.000000               6
   496.000000               6
   497.000000               6
   498.000000               6
   499.000000               6
   500.000000               6
   501.000000               6
   502.000000               6
   503.000000               6
   504.000000               6
   505.000000               6
   506.000000               6
   507.000000               6
   508.000000               6
   509.000000               6
   510.000000               6
   511.000000               6
   512.000000               6
   513.000000               6
   514.000000               6
   515.000000               6
   516.000000               6
   517.000000               6
   518.000000               6
   519.000000               6
   520.000000               6
   521.000000               6
   522.000000               6
   523.000000               6
   524.000000               6
   525.000000               6
   526.000000               6
   527.000000               6
   528.000000               6
   529.000000               6
   530.000000               7
   531.000000               7
   532.000000               7
   533.000000               7
   534.000000               7
   535.000000               7
   536.000000               7
   537.000000               7
   538.000000               7
   539.000000               7
   540.000000               7
   541.000000               7
   542.000000               7
   543.000000               7
   544.000000               7
   545.000000               7
   546.000000               7
   547.000000               7
   548.000000               7
   549.000000               7
   550.000000               8
   551.000000               8
   552.000000               8
   553.000000               8
   554.000000               8
   555.000000               8
   556.000000               8
   557.000000               8
   558.000000               8
   559.000000               8
   560.000000               8
   561.000000               8
   562.000000               8
   563.000000               8
   564.000000               8
   565.000000               8
   566.000000               8
   567.000000               8
   568.000000               8
   569.000000               8
   570.000000               8
   571.000000               8
   572.000000               8
   573.000000               8
   574.000000               8
   575.000000               8
   576.000000               8
   577.000000               8
   578.000000               8
   579.000000               9
   580.000000               9
   581.000000               9
   582.000000               9
   583.000000               9
   584.000000               9
   585.000000               9
   586.000000               9
   587.000000               9
   588.000000               9
   589.000000               9
   590.000000               9
   591.000000               9
   592.000000               9
   593.000000               9
   594.000000               9
   595.000000               9
   596.000000               9
   597.000000               9
   598.000000               9
   599.000000               9
   600.000000               9
   601.000000               9
   602.000000               9
   603.000000               9
   604.000000               9
   605.000000               9
   606.000000               9
   607.000000               9
   608.000000               9
   609.000000               9
   610.000000               9
   611.000000               9
   612.000000               9
   613.000000               9
   614.000000               9
   615.000000               9
   616.000000               9
   617.000000               9
   618.000000               9
   619.000000               9
   620.000000               9
   621.000000               9
   622.000000               9
   623.000000              10
   624.000000              10
   625.000000              10
   626.000000              10
   627.000000              10
   628.000000              10
   629.000000              10
   630.000000              10
   631.000000              10
   632.000000              10
   633.000000              10
   634.000000              10
   635.000000              10
   636.000000              10
   637.000000              10
   638.000000              10
   639.000000              10
   640.000000              10
   641.000000              11
   642.000000              11
   643.000000              11
   644.000000              11
   645.000000              12
   646.000000              12
   647.000000              12
   648.000000              12
   649.000000              12
   650.000000              12
   651.000000              12
   652.000000              12
   653.000000              12
   654.000000              12
   655.000000              12
   656.000000              12
   657.000000              12
   658.000000              12
   659.000000              12
   660.000000              12
   661.000000              12
   662.000000              13
   663.000000              13
   664.000000              13
   665.000000              13
   666.000000              13
   667.000000              13
   668.000000              13
   669.000000              13
   670.000000              13
   671.000000              13
   672.000000              13
   673.000000              13
   674.000000              13
   675.000000              14
   676.000000              14
   677.000000              14
   678.000000              14
   679.000000              14
   680.000000              14
   681.000000              14
   682.000000              14
   683.000000              14
   684.000000              14
   685.000000              14
   686.000000              14
   687.000000              14
   688.000000              14
   689.000000              14
   690.000000              14
   691.000000              14
   692.000000              14
   693.000000              14
   694.000000              14
   695.000000              14
   696.000000              14
   697.000000              14
   698.000000              14
   699.000000              14
   700.000000              14
   701.000000              14
   702.000000              14
   703.000000              14
   704.000000              14
   705.000000              14
   706.000000              15
   707.000000              15
   708.000000              15
   709.000000              15
   710.000000              15
   711.000000              15
   712.000000              15
   713.000000              15
   714.000000              15
   715.000000              15
   716.000000              15
   717.000000              15
   718.000000              15
   719.000000              15
   720.000000              15
   721.000000              15
   722.000000              15
   723.000000              15
   724.000000              15
   725.000000              15
   726.000000              15
   727.000000              15
   728.000000              15
   729.000000              15
   730.000000              16
   731.000000              16
   732.000000              16
   733.000000              16
   734.000000              16
   735.000000              16
   736.000000              16
   737.000000              16
   738.000000              16
   739.000000              16
   740.000000              16
   741.000000              16
   742.000000              16
   743.000000              16
   744.000000              16
   745.000000              16
   746.000000              16
   747.000000              16
   748.000000              16
   749.000000              16
   750.000000              16
   751.000000              16
   752.000000              16
   753.000000              16
   754.000000              16
   755.000000              16
   756.000000              16
   757.000000              16
   758.000000              16
   759.000000              16
   760.000000              16
   761.000000              16
   762.000000              16
   763.000000              16
   764.000000              16
   765.000000              16
   766.000000              16
   767.000000              16
   768.000000              16
   769.000000              16
   770.000000              16
   771.000000              16
   772.000000              16
   773.000000              16
   774.000000              16
   775.000000              16
   776.000000              16
   777.000000              16
   778.000000              16
   779.000000              16
   780.000000              16
   781.000000              16
   782.000000              16
   783.000000              16
   784.000000              16
   785.000000              16
   786.000000              16
   787.000000              16
   788.000000              16
   789.000000              16
   790.000000              16
   791.000000              16
   792.000000              16
   793.000000              16
   794.000000              16
   795.000000              16
   796.000000              16
   797.000000              16
   798.000000              16
   799.000000              16
   800.000000              16
   801.000000              16
   802.000000              16
   803.000000              16
   804.000000              16
   805.000000              16
   806.000000              16
   807.000000              16
   808.000000              16
   809.000000              16
   810.000000              16
   811.000000              16
   812.000000              16
   813.000000              16
   814.000000              16
   815.000000              16
   816.000000              16
   817.000000              17
   818.000000              17
   819.000000              17
   820.000000              17
   821.000000              17
   822.000000              17
   823.000000              17
   824.000000              17
   825.000000              17
   826.000000              17
   827.000000              17
   828.000000              17
   829.000000              17
   830.000000              17
   831.000000              17
   832.000000              17
   833.000000              17
   834.000000              17
   835.000000              17
   836.000000              17
   837.000000              17
   838.000000              17
   839.000000              17
   840.000000              17
   841.000000              17
   842.000000              17
   843.000000              18
   844.000000              18
   845.000000              18
   846.000000              18
   847.000000              18
   848.000000              18
   849.000000              18
   850.000000              18
   851.000000              18
   852.000000              18
   853.000000              18
   854.000000              18
   855.000000              18
   856.000000              18
   857.000000              18
   858.000000              18
   859.000000              18
   860.000000              18
   861.000000              18
   862.000000              18
   863.000000              18
   864.000000              18
   865.000000              18
   866.000000              18
   867.000000              18
   868.000000              18
   869.000000              18
   870.000000              18
   871.000000              18
   872.000000              18
   873.000000              18
   874.000000              18
   875.000000              18
   876.000000              18
   877.000000              18
   878.000000              18
   879.000000              18
   880.000000              18
   881.000000              18
   882.000000              18
   883.000000              18
   884.000000              18
   885.000000              18
   886.000000              18
   887.000000              18
   888.000000              18
   889.000000              18
   890.000000              18
   891.000000              18
   892.000000              18
   893.000000              18
   894.000000              18
   895.000000              18
   896.000000              18
   897.000000              18
   898.000000              18
   899.000000              18
   900.000000              18
   901.000000              18
   902.000000              18
   903.000000              18
   904.000000              18
   905.000000              18
   906.000000              18
   907.000000              18
   908.000000              18
   909.000000              18
   910.000000              18
   911.000000              18
   912.000000              18
   913.000000              18
   914.000000              18
   915.000000              18
   916.000000              18
   917.000000              18
   918.000000              18
   919.000000              18
   920.000000              18
   921.000000              18
   922.000000              18
   923.000000              18
   924.000000              18
   925.000000              18
   926.000000              18
   927.000000              18
   928.000000              18
   929.000000              18
   930.000000              18
   931.000000              18
   932.000000              18
   933.000000              18
   934.000000              18
   935.000000              18
   936.000000              18
   937.000000              19
   938.000000              20
   939.000000              20
   940.000000              20
   941.000000              20
   942.000000              20
   943.000000              20
   944.000000              20
   945.000000              20
   946.000000              20
   947.000000              20
   948.000000              20
   949.000000              20
   950.000000              20
   951.000000              20
   952.000000              20
   953.000000              20
   954.000000              20
   955.000000              20
   956.000000              20
   957.000000              20
   958.000000              20
   959.000000              20
   960.000000              20
   961.000000              20
   962.000000              20
   963.000000              20
   964.000000              20
   965.000000              20
   966.000000              20
   967.000000              20
   968.000000              20
   969.000000              21
   970.000000              21
   971.000000              21
   972.000000              21
   973.000000              21
   974.000000              21
   975.000000              21
   976.000000              21
   977.000000              21
   978.000000              21
   979.000000              21
   980.000000              21
   981.000000              21
   982.000000              21
   983.000000              21
   984.000000              21
   985.000000              21
   986.000000              21
   987.000000              21
   988.000000              21
   989.000000              21
   990.000000              21
   991.000000              21
   992.000000              21
   993.000000              21
   994.000000              21
   995.000000              21
   996.000000              21
   997.000000              21
   998.000000              21
   999.000000              21
   1000.00000              21
