 Permeation events over simulation time.
 t(ns) Number of events
   0.00000000               0
   1.00000000               0
   2.00000000               0
   3.00000000               0
   4.00000000               0
   5.00000000               0
   6.00000000               0
   7.00000000               0
   8.00000000               0
   9.00000000               0
   10.0000000               0
   11.0000000               0
   12.0000000               0
   13.0000000               0
   14.0000000               0
   15.0000000               0
   16.0000000               0
   17.0000000               0
   18.0000000               0
   19.0000000               0
   20.0000000               0
   21.0000000               0
   22.0000000               0
   23.0000000               0
   24.0000000               0
   25.0000000               1
   26.0000000               1
   27.0000000               1
   28.0000000               1
   29.0000000               1
   30.0000000               1
   31.0000000               1
   32.0000000               1
   33.0000000               1
   34.0000000               1
   35.0000000               1
   36.0000000               1
   37.0000000               1
   38.0000000               1
   39.0000000               1
   40.0000000               2
   41.0000000               3
   42.0000000               3
   43.0000000               3
   44.0000000               3
   45.0000000               3
   46.0000000               3
   47.0000000               3
   48.0000000               3
   49.0000000               3
   50.0000000               3
   51.0000000               3
   52.0000000               3
   53.0000000               3
   54.0000000               3
   55.0000000               3
   56.0000000               3
   57.0000000               3
   58.0000000               3
   59.0000000               3
   60.0000000               3
   61.0000000               3
   62.0000000               3
   63.0000000               3
   64.0000000               3
   65.0000000               3
   66.0000000               3
   67.0000000               3
   68.0000000               3
   69.0000000               3
   70.0000000               3
   71.0000000               3
   72.0000000               3
   73.0000000               3
   74.0000000               3
   75.0000000               4
   76.0000000               5
   77.0000000               5
   78.0000000               5
   79.0000000               5
   80.0000000               5
   81.0000000               5
   82.0000000               5
   83.0000000               5
   84.0000000               6
   85.0000000               7
   86.0000000               7
   87.0000000               7
   88.0000000               7
   89.0000000               7
   90.0000000               7
   91.0000000               7
   92.0000000               7
   93.0000000               7
   94.0000000               7
   95.0000000               7
   96.0000000               7
   97.0000000               7
   98.0000000               7
   99.0000000               7
   100.000000               7
   101.000000               7
   102.000000               7
   103.000000               7
   104.000000               7
   105.000000               7
   106.000000               7
   107.000000               7
   108.000000               7
   109.000000               7
   110.000000               7
   111.000000               7
   112.000000               8
   113.000000               9
   114.000000               9
   115.000000               9
   116.000000               9
   117.000000               9
   118.000000               9
   119.000000               9
   120.000000               9
   121.000000               9
   122.000000               9
   123.000000               9
   124.000000               9
   125.000000               9
   126.000000               9
   127.000000               9
   128.000000               9
   129.000000               9
   130.000000               9
   131.000000               9
   132.000000               9
   133.000000               9
   134.000000               9
   135.000000               9
   136.000000               9
   137.000000               9
   138.000000              10
   139.000000              11
   140.000000              11
   141.000000              11
   142.000000              11
   143.000000              11
   144.000000              11
   145.000000              11
   146.000000              11
   147.000000              11
   148.000000              11
   149.000000              11
   150.000000              11
   151.000000              11
   152.000000              11
   153.000000              11
   154.000000              11
   155.000000              11
   156.000000              11
   157.000000              11
   158.000000              11
   159.000000              11
   160.000000              11
   161.000000              11
   162.000000              11
   163.000000              11
   164.000000              12
   165.000000              13
   166.000000              13
   167.000000              13
   168.000000              13
   169.000000              13
   170.000000              13
   171.000000              13
   172.000000              13
   173.000000              13
   174.000000              13
   175.000000              13
   176.000000              13
   177.000000              13
   178.000000              13
   179.000000              13
   180.000000              14
   181.000000              15
   182.000000              15
   183.000000              15
   184.000000              15
   185.000000              15
   186.000000              15
   187.000000              15
   188.000000              15
   189.000000              15
   190.000000              15
   191.000000              15
   192.000000              15
   193.000000              15
   194.000000              15
   195.000000              15
   196.000000              15
   197.000000              15
   198.000000              15
   199.000000              15
   200.000000              15
   201.000000              15
   202.000000              15
   203.000000              15
   204.000000              15
   205.000000              15
   206.000000              15
   207.000000              15
   208.000000              15
   209.000000              15
   210.000000              15
   211.000000              15
   212.000000              15
   213.000000              15
   214.000000              15
   215.000000              15
   216.000000              15
   217.000000              15
   218.000000              15
   219.000000              15
   220.000000              15
   221.000000              15
   222.000000              15
   223.000000              15
   224.000000              16
   225.000000              17
   226.000000              17
   227.000000              17
   228.000000              17
   229.000000              17
   230.000000              17
   231.000000              17
   232.000000              17
   233.000000              17
   234.000000              18
   235.000000              19
   236.000000              19
   237.000000              19
   238.000000              19
   239.000000              19
   240.000000              19
   241.000000              19
   242.000000              19
   243.000000              19
   244.000000              19
   245.000000              19
   246.000000              19
   247.000000              19
   248.000000              19
   249.000000              19
   250.000000              19
   251.000000              20
   252.000000              21
   253.000000              21
   254.000000              21
   255.000000              21
   256.000000              21
   257.000000              21
   258.000000              21
   259.000000              21
   260.000000              21
   261.000000              21
   262.000000              21
   263.000000              21
   264.000000              21
   265.000000              21
   266.000000              21
   267.000000              21
   268.000000              21
   269.000000              21
   270.000000              21
   271.000000              21
   272.000000              21
   273.000000              21
   274.000000              21
   275.000000              21
   276.000000              21
   277.000000              21
   278.000000              21
   279.000000              21
   280.000000              22
   281.000000              23
   282.000000              23
   283.000000              23
   284.000000              23
   285.000000              23
   286.000000              23
   287.000000              23
   288.000000              24
   289.000000              25
   290.000000              25
   291.000000              25
   292.000000              25
   293.000000              25
   294.000000              25
   295.000000              25
   296.000000              25
   297.000000              25
   298.000000              26
   299.000000              27
   300.000000              27
   301.000000              27
   302.000000              27
   303.000000              27
   304.000000              27
   305.000000              27
   306.000000              27
   307.000000              27
   308.000000              27
   309.000000              27
   310.000000              27
   311.000000              27
   312.000000              27
   313.000000              27
   314.000000              27
   315.000000              27
   316.000000              27
   317.000000              27
   318.000000              28
   319.000000              30
   320.000000              31
   321.000000              31
   322.000000              31
   323.000000              31
   324.000000              31
   325.000000              31
   326.000000              31
   327.000000              31
   328.000000              32
   329.000000              33
   330.000000              33
   331.000000              33
   332.000000              33
   333.000000              33
   334.000000              33
   335.000000              33
   336.000000              33
   337.000000              33
   338.000000              33
   339.000000              33
   340.000000              33
   341.000000              33
   342.000000              33
   343.000000              33
   344.000000              33
   345.000000              33
   346.000000              33
   347.000000              33
   348.000000              33
   349.000000              34
   350.000000              35
   351.000000              35
   352.000000              35
   353.000000              35
   354.000000              35
   355.000000              35
   356.000000              35
   357.000000              35
   358.000000              35
   359.000000              35
   360.000000              35
   361.000000              35
   362.000000              35
   363.000000              35
   364.000000              35
   365.000000              35
   366.000000              35
   367.000000              35
   368.000000              35
   369.000000              35
   370.000000              35
   371.000000              35
   372.000000              35
   373.000000              35
   374.000000              35
   375.000000              35
   376.000000              35
   377.000000              35
   378.000000              35
   379.000000              35
   380.000000              35
   381.000000              36
   382.000000              36
   383.000000              36
   384.000000              36
   385.000000              36
   386.000000              36
   387.000000              36
   388.000000              36
   389.000000              36
   390.000000              36
   391.000000              36
   392.000000              37
   393.000000              38
   394.000000              38
   395.000000              38
   396.000000              38
   397.000000              38
   398.000000              38
   399.000000              38
   400.000000              38
   401.000000              38
   402.000000              38
   403.000000              38
   404.000000              38
   405.000000              38
   406.000000              38
   407.000000              38
   408.000000              38
   409.000000              39
   410.000000              40
   411.000000              40
   412.000000              40
   413.000000              40
   414.000000              40
   415.000000              40
   416.000000              40
   417.000000              40
   418.000000              40
   419.000000              40
   420.000000              40
   421.000000              40
   422.000000              40
   423.000000              40
   424.000000              40
   425.000000              40
   426.000000              40
   427.000000              40
   428.000000              40
   429.000000              40
   430.000000              40
   431.000000              40
   432.000000              40
   433.000000              40
   434.000000              40
   435.000000              40
   436.000000              40
   437.000000              40
   438.000000              40
   439.000000              40
   440.000000              40
   441.000000              40
   442.000000              40
   443.000000              40
   444.000000              40
   445.000000              40
   446.000000              40
   447.000000              40
   448.000000              40
   449.000000              40
   450.000000              40
   451.000000              40
   452.000000              40
   453.000000              40
   454.000000              40
   455.000000              40
   456.000000              40
   457.000000              40
   458.000000              40
   459.000000              40
   460.000000              40
   461.000000              40
   462.000000              40
   463.000000              40
   464.000000              40
   465.000000              40
   466.000000              40
   467.000000              40
   468.000000              40
   469.000000              40
   470.000000              40
   471.000000              40
   472.000000              40
   473.000000              40
   474.000000              40
   475.000000              40
   476.000000              40
   477.000000              41
   478.000000              42
   479.000000              42
   480.000000              42
   481.000000              42
   482.000000              42
   483.000000              42
   484.000000              42
   485.000000              42
   486.000000              42
   487.000000              42
   488.000000              42
   489.000000              42
   490.000000              42
   491.000000              42
   492.000000              42
   493.000000              42
   494.000000              42
   495.000000              42
   496.000000              42
   497.000000              42
   498.000000              42
   499.000000              42
   500.000000              42
   501.000000              42
   502.000000              42
   503.000000              42
   504.000000              42
   505.000000              42
   506.000000              42
   507.000000              42
   508.000000              42
   509.000000              42
   510.000000              42
   511.000000              42
   512.000000              42
   513.000000              42
   514.000000              42
   515.000000              42
   516.000000              42
   517.000000              42
   518.000000              42
   519.000000              42
   520.000000              42
   521.000000              42
   522.000000              42
   523.000000              42
   524.000000              43
   525.000000              44
   526.000000              44
   527.000000              45
   528.000000              47
   529.000000              47
   530.000000              47
   531.000000              47
   532.000000              47
   533.000000              47
   534.000000              47
   535.000000              47
   536.000000              47
   537.000000              47
   538.000000              48
   539.000000              49
   540.000000              49
   541.000000              49
   542.000000              49
   543.000000              49
   544.000000              49
   545.000000              49
   546.000000              49
   547.000000              49
   548.000000              49
   549.000000              49
   550.000000              49
   551.000000              49
   552.000000              49
   553.000000              49
   554.000000              49
   555.000000              49
   556.000000              49
   557.000000              49
   558.000000              49
   559.000000              49
   560.000000              49
   561.000000              49
   562.000000              49
   563.000000              49
   564.000000              49
   565.000000              49
   566.000000              49
   567.000000              49
   568.000000              49
   569.000000              49
   570.000000              49
   571.000000              49
   572.000000              49
   573.000000              49
   574.000000              49
   575.000000              49
   576.000000              49
   577.000000              49
   578.000000              49
   579.000000              49
   580.000000              49
   581.000000              50
   582.000000              51
   583.000000              51
   584.000000              51
   585.000000              51
   586.000000              51
   587.000000              51
   588.000000              51
   589.000000              51
   590.000000              51
   591.000000              51
   592.000000              51
   593.000000              51
   594.000000              51
   595.000000              51
   596.000000              51
   597.000000              51
   598.000000              51
   599.000000              52
   600.000000              53
   601.000000              53
   602.000000              53
   603.000000              53
   604.000000              53
   605.000000              53
   606.000000              53
   607.000000              53
   608.000000              53
   609.000000              53
   610.000000              54
   611.000000              55
   612.000000              55
   613.000000              55
   614.000000              55
   615.000000              55
   616.000000              56
   617.000000              58
   618.000000              59
   619.000000              59
   620.000000              59
   621.000000              59
   622.000000              59
   623.000000              59
   624.000000              59
   625.000000              59
   626.000000              59
   627.000000              59
   628.000000              59
   629.000000              59
   630.000000              59
   631.000000              59
   632.000000              59
   633.000000              59
   634.000000              59
   635.000000              59
   636.000000              59
   637.000000              59
   638.000000              59
   639.000000              59
   640.000000              60
   641.000000              60
   642.000000              61
   643.000000              62
   644.000000              62
   645.000000              62
   646.000000              62
   647.000000              62
   648.000000              62
   649.000000              62
   650.000000              62
   651.000000              62
   652.000000              62
   653.000000              62
   654.000000              62
   655.000000              62
   656.000000              62
   657.000000              62
   658.000000              62
   659.000000              62
   660.000000              62
   661.000000              62
   662.000000              62
   663.000000              62
   664.000000              62
   665.000000              62
   666.000000              62
   667.000000              62
   668.000000              62
   669.000000              63
   670.000000              64
   671.000000              64
   672.000000              64
   673.000000              64
   674.000000              64
   675.000000              65
   676.000000              66
   677.000000              66
   678.000000              66
   679.000000              66
   680.000000              66
   681.000000              66
   682.000000              66
   683.000000              66
   684.000000              66
   685.000000              66
   686.000000              66
   687.000000              66
   688.000000              66
   689.000000              66
   690.000000              66
   691.000000              66
   692.000000              66
   693.000000              66
   694.000000              66
   695.000000              66
   696.000000              66
   697.000000              66
   698.000000              66
   699.000000              66
   700.000000              66
   701.000000              66
   702.000000              66
   703.000000              66
   704.000000              66
   705.000000              66
   706.000000              66
   707.000000              66
   708.000000              66
   709.000000              66
   710.000000              68
   711.000000              70
   712.000000              70
   713.000000              70
   714.000000              70
   715.000000              70
   716.000000              70
   717.000000              70
   718.000000              70
   719.000000              70
   720.000000              70
   721.000000              70
   722.000000              70
   723.000000              70
   724.000000              70
   725.000000              70
   726.000000              70
   727.000000              70
   728.000000              70
   729.000000              70
   730.000000              70
   731.000000              70
   732.000000              70
   733.000000              70
   734.000000              70
   735.000000              70
   736.000000              70
   737.000000              70
   738.000000              70
   739.000000              70
   740.000000              70
   741.000000              70
   742.000000              70
   743.000000              70
   744.000000              70
   745.000000              70
   746.000000              70
   747.000000              71
   748.000000              72
   749.000000              72
   750.000000              72
   751.000000              72
   752.000000              72
   753.000000              72
   754.000000              72
   755.000000              72
   756.000000              72
   757.000000              72
   758.000000              72
   759.000000              72
   760.000000              73
   761.000000              74
   762.000000              74
   763.000000              74
   764.000000              74
   765.000000              75
   766.000000              75
   767.000000              75
   768.000000              75
   769.000000              75
   770.000000              75
   771.000000              75
   772.000000              75
   773.000000              75
   774.000000              75
   775.000000              75
   776.000000              75
   777.000000              75
   778.000000              75
   779.000000              75
   780.000000              75
   781.000000              75
   782.000000              75
   783.000000              76
   784.000000              77
   785.000000              77
   786.000000              77
   787.000000              77
   788.000000              77
   789.000000              77
   790.000000              77
   791.000000              77
   792.000000              77
   793.000000              77
   794.000000              77
   795.000000              77
   796.000000              77
   797.000000              77
   798.000000              77
   799.000000              77
   800.000000              77
   801.000000              77
   802.000000              77
   803.000000              78
   804.000000              79
   805.000000              79
   806.000000              79
   807.000000              79
   808.000000              79
   809.000000              79
   810.000000              79
   811.000000              79
   812.000000              79
   813.000000              80
   814.000000              81
   815.000000              81
   816.000000              82
   817.000000              83
   818.000000              83
   819.000000              83
   820.000000              83
   821.000000              83
   822.000000              83
   823.000000              83
   824.000000              83
   825.000000              84
   826.000000              85
   827.000000              86
   828.000000              88
   829.000000              89
   830.000000              89
   831.000000              89
   832.000000              89
   833.000000              89
   834.000000              89
   835.000000              89
   836.000000              89
   837.000000              89
   838.000000              89
   839.000000              89
   840.000000              89
   841.000000              89
   842.000000              89
   843.000000              89
   844.000000              89
   845.000000              89
   846.000000              89
   847.000000              89
   848.000000              89
   849.000000              89
   850.000000              89
   851.000000              89
   852.000000              89
   853.000000              89
   854.000000              89
   855.000000              89
   856.000000              89
   857.000000              89
   858.000000              89
   859.000000              89
   860.000000              90
   861.000000              91
   862.000000              91
   863.000000              91
   864.000000              91
   865.000000              91
   866.000000              91
   867.000000              91
   868.000000              92
   869.000000              94
   870.000000              95
   871.000000              95
   872.000000              96
   873.000000              98
   874.000000              99
   875.000000              99
   876.000000              99
   877.000000              99
   878.000000              99
   879.000000              99
   880.000000              99
   881.000000              99
   882.000000              99
   883.000000              99
   884.000000              99
   885.000000              99
   886.000000              99
   887.000000              99
   888.000000              99
   889.000000              99
   890.000000              99
   891.000000              99
   892.000000              99
   893.000000              99
   894.000000              99
   895.000000              99
   896.000000              99
   897.000000              99
   898.000000              99
   899.000000              99
   900.000000              99
