 Permeation events over simulation time.
 t(ns) Number of events
   0.00000000               0
   1.00000000               0
   2.00000000               0
   3.00000000               0
   4.00000000               0
   5.00000000               1
   6.00000000               1
   7.00000000               1
   8.00000000               1
   9.00000000               1
   10.0000000               1
   11.0000000               1
   12.0000000               1
   13.0000000               1
   14.0000000               1
   15.0000000               1
   16.0000000               1
   17.0000000               1
   18.0000000               1
   19.0000000               1
   20.0000000               1
   21.0000000               1
   22.0000000               1
   23.0000000               1
   24.0000000               1
   25.0000000               1
   26.0000000               1
   27.0000000               1
   28.0000000               1
   29.0000000               1
   30.0000000               1
   31.0000000               1
   32.0000000               1
   33.0000000               1
   34.0000000               1
   35.0000000               1
   36.0000000               1
   37.0000000               1
   38.0000000               1
   39.0000000               1
   40.0000000               1
   41.0000000               1
   42.0000000               1
   43.0000000               1
   44.0000000               1
   45.0000000               1
   46.0000000               2
   47.0000000               2
   48.0000000               2
   49.0000000               2
   50.0000000               2
   51.0000000               2
   52.0000000               2
   53.0000000               2
   54.0000000               2
   55.0000000               2
   56.0000000               2
   57.0000000               2
   58.0000000               2
   59.0000000               2
   60.0000000               2
   61.0000000               2
   62.0000000               2
   63.0000000               2
   64.0000000               2
   65.0000000               2
   66.0000000               2
   67.0000000               2
   68.0000000               2
   69.0000000               2
   70.0000000               2
   71.0000000               2
   72.0000000               2
   73.0000000               2
   74.0000000               4
   75.0000000               4
   76.0000000               4
   77.0000000               4
   78.0000000               4
   79.0000000               4
   80.0000000               4
   81.0000000               5
   82.0000000               5
   83.0000000               5
   84.0000000               6
   85.0000000               6
   86.0000000               6
   87.0000000               6
   88.0000000               6
   89.0000000               6
   90.0000000               6
   91.0000000               6
   92.0000000               6
   93.0000000               6
   94.0000000               6
   95.0000000               6
   96.0000000               6
   97.0000000               6
   98.0000000               6
   99.0000000               6
   100.000000               6
   101.000000               6
   102.000000               6
   103.000000               6
   104.000000               6
   105.000000               6
   106.000000               6
   107.000000               6
   108.000000               6
   109.000000               6
   110.000000               6
   111.000000               6
   112.000000               6
   113.000000               6
   114.000000               6
   115.000000               6
   116.000000               6
   117.000000               6
   118.000000               7
   119.000000               7
   120.000000               7
   121.000000               7
   122.000000               7
   123.000000               8
   124.000000               8
   125.000000               8
   126.000000               8
   127.000000               8
   128.000000               8
   129.000000               8
   130.000000               8
   131.000000               8
   132.000000               8
   133.000000               8
   134.000000               8
   135.000000               8
   136.000000               8
   137.000000               8
   138.000000               8
   139.000000               8
   140.000000               8
   141.000000               8
   142.000000               8
   143.000000               8
   144.000000               9
   145.000000              10
   146.000000              10
   147.000000              10
   148.000000              10
   149.000000              11
   150.000000              11
   151.000000              11
   152.000000              11
   153.000000              11
   154.000000              11
   155.000000              11
   156.000000              11
   157.000000              11
   158.000000              11
   159.000000              11
   160.000000              11
   161.000000              11
   162.000000              11
   163.000000              11
   164.000000              12
   165.000000              12
   166.000000              12
   167.000000              12
   168.000000              12
   169.000000              12
   170.000000              12
   171.000000              12
   172.000000              12
   173.000000              12
   174.000000              12
   175.000000              12
   176.000000              12
   177.000000              12
   178.000000              12
   179.000000              12
   180.000000              12
   181.000000              12
   182.000000              12
   183.000000              12
   184.000000              12
   185.000000              12
   186.000000              12
   187.000000              12
   188.000000              13
   189.000000              13
   190.000000              13
   191.000000              13
   192.000000              13
   193.000000              13
   194.000000              13
   195.000000              13
   196.000000              13
   197.000000              13
   198.000000              13
   199.000000              13
   200.000000              13
   201.000000              13
   202.000000              13
   203.000000              13
   204.000000              13
   205.000000              13
   206.000000              13
   207.000000              13
   208.000000              13
   209.000000              13
   210.000000              13
   211.000000              14
   212.000000              14
   213.000000              14
   214.000000              14
   215.000000              14
   216.000000              14
   217.000000              14
   218.000000              14
   219.000000              14
   220.000000              14
   221.000000              14
   222.000000              14
   223.000000              14
   224.000000              14
   225.000000              14
   226.000000              14
   227.000000              14
   228.000000              14
   229.000000              14
   230.000000              14
   231.000000              14
   232.000000              14
   233.000000              14
   234.000000              14
   235.000000              14
   236.000000              14
   237.000000              14
   238.000000              14
   239.000000              14
   240.000000              14
   241.000000              14
   242.000000              14
   243.000000              14
   244.000000              14
   245.000000              14
   246.000000              14
   247.000000              14
   248.000000              14
   249.000000              14
   250.000000              14
   251.000000              14
   252.000000              15
   253.000000              15
   254.000000              15
   255.000000              15
   256.000000              15
   257.000000              15
   258.000000              15
   259.000000              15
   260.000000              16
   261.000000              16
   262.000000              16
   263.000000              16
   264.000000              16
   265.000000              18
   266.000000              18
   267.000000              18
   268.000000              19
   269.000000              20
   270.000000              20
   271.000000              20
   272.000000              20
   273.000000              20
   274.000000              20
   275.000000              20
   276.000000              20
   277.000000              20
   278.000000              21
   279.000000              21
   280.000000              21
   281.000000              21
   282.000000              21
   283.000000              21
   284.000000              21
   285.000000              21
   286.000000              21
   287.000000              21
   288.000000              21
   289.000000              21
   290.000000              21
   291.000000              21
   292.000000              21
   293.000000              21
   294.000000              21
   295.000000              21
   296.000000              21
   297.000000              22
   298.000000              22
   299.000000              22
   300.000000              22
   301.000000              22
   302.000000              22
   303.000000              22
   304.000000              22
   305.000000              22
   306.000000              22
   307.000000              22
   308.000000              22
   309.000000              22
   310.000000              23
   311.000000              23
   312.000000              23
   313.000000              23
   314.000000              23
   315.000000              23
   316.000000              23
   317.000000              23
   318.000000              23
   319.000000              23
   320.000000              23
   321.000000              23
   322.000000              23
   323.000000              23
   324.000000              23
   325.000000              24
   326.000000              24
   327.000000              24
   328.000000              24
   329.000000              24
   330.000000              24
   331.000000              24
   332.000000              25
   333.000000              25
   334.000000              25
   335.000000              25
   336.000000              25
   337.000000              25
   338.000000              25
   339.000000              25
   340.000000              25
   341.000000              25
   342.000000              25
   343.000000              25
   344.000000              25
   345.000000              26
   346.000000              26
   347.000000              26
   348.000000              26
   349.000000              26
   350.000000              26
   351.000000              26
   352.000000              26
   353.000000              26
   354.000000              26
   355.000000              26
   356.000000              26
   357.000000              26
   358.000000              26
   359.000000              26
   360.000000              26
   361.000000              26
   362.000000              26
   363.000000              26
   364.000000              27
   365.000000              27
   366.000000              28
   367.000000              29
   368.000000              30
   369.000000              30
   370.000000              30
   371.000000              30
   372.000000              30
   373.000000              30
   374.000000              30
   375.000000              30
   376.000000              30
   377.000000              30
   378.000000              30
   379.000000              30
   380.000000              30
   381.000000              30
   382.000000              30
   383.000000              30
   384.000000              30
   385.000000              30
   386.000000              30
   387.000000              30
   388.000000              30
   389.000000              30
   390.000000              30
   391.000000              30
   392.000000              30
   393.000000              30
   394.000000              30
   395.000000              30
   396.000000              30
   397.000000              30
   398.000000              30
   399.000000              30
   400.000000              30
   401.000000              30
   402.000000              30
   403.000000              31
   404.000000              31
   405.000000              31
   406.000000              31
   407.000000              31
   408.000000              31
   409.000000              31
   410.000000              31
   411.000000              31
   412.000000              31
   413.000000              31
   414.000000              31
   415.000000              31
   416.000000              31
   417.000000              31
   418.000000              31
   419.000000              31
   420.000000              31
   421.000000              31
   422.000000              31
   423.000000              31
   424.000000              31
   425.000000              31
   426.000000              31
   427.000000              31
   428.000000              31
   429.000000              31
   430.000000              31
   431.000000              32
   432.000000              32
   433.000000              32
   434.000000              32
   435.000000              32
   436.000000              32
   437.000000              32
   438.000000              32
   439.000000              32
   440.000000              32
   441.000000              32
   442.000000              32
   443.000000              33
   444.000000              33
   445.000000              33
   446.000000              33
   447.000000              33
   448.000000              33
   449.000000              33
   450.000000              33
   451.000000              33
   452.000000              33
   453.000000              33
   454.000000              33
   455.000000              33
   456.000000              33
   457.000000              33
   458.000000              33
   459.000000              33
   460.000000              33
   461.000000              33
   462.000000              33
   463.000000              33
   464.000000              33
   465.000000              33
   466.000000              33
   467.000000              33
   468.000000              33
   469.000000              33
   470.000000              33
   471.000000              33
   472.000000              33
   473.000000              33
   474.000000              33
   475.000000              33
   476.000000              33
   477.000000              34
   478.000000              34
   479.000000              34
   480.000000              34
   481.000000              34
   482.000000              34
   483.000000              35
   484.000000              35
   485.000000              35
   486.000000              35
   487.000000              35
   488.000000              35
   489.000000              35
   490.000000              35
   491.000000              35
   492.000000              35
   493.000000              35
   494.000000              35
   495.000000              35
   496.000000              35
   497.000000              35
   498.000000              35
   499.000000              36
   500.000000              36
   501.000000              36
   502.000000              36
   503.000000              36
   504.000000              36
   505.000000              36
   506.000000              36
   507.000000              36
   508.000000              36
   509.000000              36
   510.000000              36
   511.000000              36
   512.000000              36
   513.000000              36
   514.000000              36
   515.000000              36
   516.000000              36
   517.000000              36
   518.000000              36
   519.000000              36
   520.000000              36
   521.000000              36
   522.000000              36
   523.000000              36
   524.000000              36
   525.000000              36
   526.000000              36
   527.000000              36
   528.000000              36
   529.000000              36
   530.000000              36
   531.000000              36
   532.000000              36
   533.000000              36
   534.000000              36
   535.000000              36
   536.000000              36
   537.000000              36
   538.000000              36
   539.000000              36
   540.000000              36
   541.000000              36
   542.000000              36
   543.000000              36
   544.000000              36
   545.000000              36
   546.000000              36
   547.000000              36
   548.000000              36
   549.000000              36
   550.000000              36
   551.000000              36
   552.000000              36
   553.000000              36
   554.000000              36
   555.000000              36
   556.000000              36
   557.000000              36
   558.000000              36
   559.000000              36
   560.000000              36
   561.000000              36
   562.000000              36
   563.000000              36
   564.000000              36
   565.000000              36
   566.000000              36
   567.000000              36
   568.000000              36
   569.000000              36
   570.000000              36
   571.000000              37
   572.000000              37
   573.000000              37
   574.000000              37
   575.000000              37
   576.000000              37
   577.000000              37
   578.000000              37
   579.000000              37
   580.000000              37
   581.000000              37
   582.000000              37
   583.000000              37
   584.000000              37
   585.000000              37
   586.000000              37
   587.000000              37
   588.000000              37
   589.000000              37
   590.000000              37
   591.000000              37
   592.000000              37
   593.000000              37
   594.000000              37
   595.000000              37
   596.000000              37
   597.000000              37
   598.000000              37
   599.000000              37
   600.000000              37
   601.000000              37
   602.000000              37
   603.000000              37
   604.000000              37
   605.000000              37
   606.000000              37
   607.000000              37
   608.000000              37
   609.000000              37
   610.000000              37
   611.000000              37
   612.000000              37
   613.000000              37
   614.000000              37
   615.000000              37
   616.000000              37
   617.000000              37
   618.000000              37
   619.000000              40
   620.000000              40
   621.000000              40
   622.000000              40
   623.000000              40
   624.000000              40
   625.000000              40
   626.000000              40
   627.000000              40
   628.000000              40
   629.000000              40
   630.000000              40
   631.000000              41
   632.000000              42
   633.000000              42
   634.000000              42
   635.000000              42
   636.000000              43
   637.000000              43
   638.000000              43
   639.000000              43
   640.000000              43
   641.000000              43
   642.000000              43
   643.000000              43
   644.000000              43
   645.000000              43
   646.000000              43
   647.000000              43
   648.000000              43
   649.000000              43
   650.000000              43
   651.000000              43
   652.000000              43
   653.000000              43
   654.000000              43
   655.000000              43
   656.000000              43
   657.000000              43
   658.000000              43
   659.000000              43
   660.000000              44
   661.000000              44
   662.000000              44
   663.000000              44
   664.000000              44
   665.000000              44
   666.000000              44
   667.000000              44
   668.000000              44
   669.000000              44
   670.000000              44
   671.000000              44
   672.000000              44
   673.000000              44
   674.000000              44
   675.000000              44
   676.000000              44
   677.000000              44
   678.000000              44
   679.000000              44
   680.000000              44
   681.000000              44
   682.000000              44
   683.000000              44
   684.000000              44
   685.000000              44
   686.000000              44
   687.000000              44
   688.000000              44
   689.000000              44
   690.000000              44
   691.000000              44
   692.000000              44
   693.000000              44
   694.000000              44
   695.000000              44
   696.000000              44
   697.000000              44
   698.000000              44
   699.000000              44
   700.000000              44
   701.000000              44
   702.000000              44
   703.000000              44
   704.000000              44
   705.000000              44
   706.000000              44
   707.000000              44
   708.000000              44
   709.000000              44
   710.000000              44
   711.000000              44
   712.000000              44
   713.000000              44
   714.000000              44
   715.000000              44
   716.000000              44
   717.000000              44
   718.000000              44
   719.000000              44
   720.000000              44
   721.000000              44
   722.000000              44
   723.000000              44
   724.000000              44
   725.000000              44
   726.000000              44
   727.000000              44
   728.000000              44
   729.000000              44
   730.000000              44
   731.000000              44
   732.000000              44
   733.000000              44
   734.000000              44
   735.000000              44
   736.000000              44
   737.000000              44
   738.000000              44
   739.000000              44
   740.000000              44
   741.000000              44
   742.000000              44
   743.000000              44
   744.000000              44
   745.000000              44
   746.000000              44
   747.000000              44
   748.000000              44
   749.000000              44
   750.000000              44
   751.000000              44
   752.000000              44
   753.000000              44
   754.000000              44
   755.000000              44
   756.000000              44
   757.000000              44
   758.000000              46
   759.000000              46
   760.000000              46
   761.000000              46
   762.000000              46
   763.000000              46
   764.000000              46
   765.000000              46
   766.000000              46
   767.000000              46
   768.000000              46
   769.000000              46
   770.000000              46
   771.000000              46
   772.000000              46
   773.000000              46
   774.000000              46
   775.000000              46
   776.000000              46
   777.000000              46
   778.000000              46
   779.000000              46
   780.000000              46
   781.000000              46
   782.000000              46
   783.000000              46
   784.000000              46
   785.000000              46
   786.000000              46
   787.000000              46
   788.000000              46
   789.000000              46
   790.000000              48
   791.000000              48
   792.000000              48
   793.000000              48
   794.000000              48
   795.000000              48
   796.000000              48
   797.000000              48
   798.000000              48
   799.000000              49
   800.000000              49
   801.000000              49
   802.000000              49
   803.000000              49
   804.000000              49
   805.000000              49
   806.000000              49
   807.000000              49
   808.000000              49
   809.000000              49
   810.000000              49
   811.000000              49
   812.000000              49
   813.000000              49
   814.000000              49
   815.000000              49
   816.000000              49
   817.000000              49
   818.000000              49
   819.000000              49
   820.000000              49
   821.000000              49
   822.000000              49
   823.000000              49
   824.000000              49
   825.000000              49
   826.000000              49
   827.000000              49
   828.000000              49
   829.000000              49
   830.000000              49
   831.000000              49
   832.000000              49
   833.000000              49
   834.000000              49
   835.000000              49
   836.000000              49
   837.000000              49
   838.000000              49
   839.000000              49
   840.000000              49
   841.000000              49
   842.000000              49
   843.000000              49
   844.000000              49
   845.000000              49
   846.000000              49
   847.000000              49
   848.000000              49
   849.000000              49
   850.000000              49
   851.000000              49
   852.000000              49
   853.000000              49
   854.000000              49
   855.000000              49
   856.000000              49
   857.000000              49
   858.000000              49
   859.000000              49
   860.000000              49
   861.000000              49
   862.000000              49
   863.000000              49
   864.000000              49
   865.000000              49
   866.000000              49
   867.000000              49
   868.000000              49
   869.000000              49
   870.000000              49
   871.000000              49
   872.000000              49
   873.000000              49
   874.000000              49
   875.000000              49
   876.000000              49
   877.000000              49
   878.000000              49
   879.000000              49
   880.000000              49
   881.000000              49
   882.000000              49
   883.000000              49
   884.000000              49
   885.000000              49
   886.000000              49
   887.000000              49
   888.000000              49
   889.000000              49
   890.000000              49
   891.000000              49
   892.000000              49
   893.000000              49
   894.000000              49
   895.000000              49
   896.000000              49
   897.000000              50
   898.000000              50
   899.000000              50
   900.000000              50
   901.000000              50
   902.000000              50
   903.000000              50
   904.000000              50
   905.000000              50
   906.000000              50
   907.000000              50
   908.000000              50
   909.000000              50
   910.000000              50
   911.000000              51
   912.000000              51
   913.000000              51
   914.000000              51
   915.000000              51
   916.000000              51
   917.000000              51
   918.000000              51
   919.000000              51
   920.000000              51
   921.000000              51
   922.000000              51
   923.000000              51
   924.000000              51
   925.000000              51
   926.000000              51
   927.000000              51
   928.000000              51
   929.000000              52
   930.000000              52
   931.000000              52
   932.000000              52
   933.000000              52
   934.000000              53
   935.000000              53
   936.000000              53
   937.000000              53
   938.000000              53
   939.000000              53
   940.000000              53
   941.000000              53
   942.000000              53
   943.000000              53
   944.000000              53
   945.000000              53
   946.000000              53
   947.000000              53
   948.000000              53
   949.000000              53
   950.000000              53
   951.000000              53
   952.000000              53
   953.000000              53
   954.000000              53
   955.000000              53
   956.000000              53
   957.000000              53
   958.000000              53
   959.000000              53
   960.000000              53
   961.000000              53
   962.000000              53
   963.000000              53
   964.000000              53
   965.000000              53
   966.000000              53
   967.000000              53
   968.000000              53
   969.000000              53
   970.000000              53
   971.000000              53
   972.000000              53
   973.000000              53
   974.000000              53
   975.000000              53
   976.000000              53
   977.000000              53
   978.000000              53
   979.000000              53
   980.000000              53
   981.000000              53
   982.000000              54
   983.000000              54
   984.000000              54
   985.000000              54
   986.000000              54
   987.000000              54
   988.000000              54
   989.000000              54
   990.000000              54
   991.000000              54
   992.000000              54
   993.000000              54
   994.000000              56
   995.000000              56
   996.000000              56
   997.000000              56
   998.000000              56
   999.000000              56
   1000.00000              56
