 Permeation events over simulation time.
 t(ns) Number of events
   0.00000000               0
   1.00000000               0
   2.00000000               0
   3.00000000               1
   4.00000000               1
   5.00000000               1
   6.00000000               1
   7.00000000               1
   8.00000000               1
   9.00000000               1
   10.0000000               1
   11.0000000               1
   12.0000000               1
   13.0000000               1
   14.0000000               1
   15.0000000               1
   16.0000000               1
   17.0000000               1
   18.0000000               1
   19.0000000               1
   20.0000000               1
   21.0000000               1
   22.0000000               1
   23.0000000               1
   24.0000000               1
   25.0000000               1
   26.0000000               1
   27.0000000               1
   28.0000000               1
   29.0000000               1
   30.0000000               1
   31.0000000               1
   32.0000000               1
   33.0000000               1
   34.0000000               1
   35.0000000               1
   36.0000000               1
   37.0000000               1
   38.0000000               1
   39.0000000               1
   40.0000000               1
   41.0000000               1
   42.0000000               1
   43.0000000               1
   44.0000000               1
   45.0000000               1
   46.0000000               1
   47.0000000               1
   48.0000000               1
   49.0000000               1
   50.0000000               1
   51.0000000               1
   52.0000000               1
   53.0000000               1
   54.0000000               1
   55.0000000               1
   56.0000000               1
   57.0000000               1
   58.0000000               1
   59.0000000               1
   60.0000000               1
   61.0000000               1
   62.0000000               1
   63.0000000               1
   64.0000000               1
   65.0000000               1
   66.0000000               1
   67.0000000               1
   68.0000000               1
   69.0000000               1
   70.0000000               1
   71.0000000               1
   72.0000000               1
   73.0000000               1
   74.0000000               1
   75.0000000               1
   76.0000000               1
   77.0000000               1
   78.0000000               1
   79.0000000               1
   80.0000000               1
   81.0000000               1
   82.0000000               1
   83.0000000               1
   84.0000000               1
   85.0000000               1
   86.0000000               1
   87.0000000               1
   88.0000000               1
   89.0000000               1
   90.0000000               1
   91.0000000               1
   92.0000000               2
   93.0000000               2
   94.0000000               2
   95.0000000               2
   96.0000000               2
   97.0000000               2
   98.0000000               2
   99.0000000               2
   100.000000               2
   101.000000               2
   102.000000               2
   103.000000               2
   104.000000               2
   105.000000               2
   106.000000               2
   107.000000               2
   108.000000               2
   109.000000               2
   110.000000               2
   111.000000               2
   112.000000               2
   113.000000               2
   114.000000               2
   115.000000               2
   116.000000               2
   117.000000               2
   118.000000               2
   119.000000               2
   120.000000               2
   121.000000               2
   122.000000               2
   123.000000               2
   124.000000               2
   125.000000               2
   126.000000               3
   127.000000               3
   128.000000               4
   129.000000               4
   130.000000               4
   131.000000               4
   132.000000               4
   133.000000               4
   134.000000               4
   135.000000               4
   136.000000               4
   137.000000               4
   138.000000               4
   139.000000               4
   140.000000               5
   141.000000               5
   142.000000               5
   143.000000               5
   144.000000               5
   145.000000               5
   146.000000               5
   147.000000               5
   148.000000               5
   149.000000               6
   150.000000               6
   151.000000               6
   152.000000               6
   153.000000               6
   154.000000               6
   155.000000               6
   156.000000               6
   157.000000               6
   158.000000               6
   159.000000               6
   160.000000               6
   161.000000               6
   162.000000               6
   163.000000               6
   164.000000               6
   165.000000               6
   166.000000               6
   167.000000               6
   168.000000               6
   169.000000               6
   170.000000               6
   171.000000               6
   172.000000               6
   173.000000               6
   174.000000               6
   175.000000               6
   176.000000               6
   177.000000               6
   178.000000               6
   179.000000               6
   180.000000               6
   181.000000               6
   182.000000               6
   183.000000               6
   184.000000               7
   185.000000               7
   186.000000               7
   187.000000               7
   188.000000               7
   189.000000               7
   190.000000               7
   191.000000               7
   192.000000               7
   193.000000               7
   194.000000               7
   195.000000               7
   196.000000               7
   197.000000               7
   198.000000               7
   199.000000               7
   200.000000               7
   201.000000               7
   202.000000               7
   203.000000               7
   204.000000               7
   205.000000               7
   206.000000               7
   207.000000               7
   208.000000               7
   209.000000               7
   210.000000               7
   211.000000               7
   212.000000               7
   213.000000               7
   214.000000               7
   215.000000               7
   216.000000               7
   217.000000               7
   218.000000               7
   219.000000               8
   220.000000               8
   221.000000               8
   222.000000               8
   223.000000               8
   224.000000               8
   225.000000               8
   226.000000               9
   227.000000               9
   228.000000               9
   229.000000               9
   230.000000               9
   231.000000               9
   232.000000               9
   233.000000               9
   234.000000               9
   235.000000               9
   236.000000               9
   237.000000               9
   238.000000               9
   239.000000               9
   240.000000               9
   241.000000               9
   242.000000               9
   243.000000               9
   244.000000               9
   245.000000               9
   246.000000               9
   247.000000               9
   248.000000               9
   249.000000               9
   250.000000               9
   251.000000               9
   252.000000               9
   253.000000               9
   254.000000               9
   255.000000               9
   256.000000               9
   257.000000               9
   258.000000               9
   259.000000               9
   260.000000               9
   261.000000               9
   262.000000               9
   263.000000               9
   264.000000               9
   265.000000               9
   266.000000               9
   267.000000               9
   268.000000               9
   269.000000               9
   270.000000               9
   271.000000               9
   272.000000               9
   273.000000               9
   274.000000               9
   275.000000               9
   276.000000               9
   277.000000               9
   278.000000               9
   279.000000               9
   280.000000               9
   281.000000               9
   282.000000               9
   283.000000               9
   284.000000               9
   285.000000               9
   286.000000               9
   287.000000               9
   288.000000               9
   289.000000               9
   290.000000               9
   291.000000               9
   292.000000               9
   293.000000               9
   294.000000               9
   295.000000               9
   296.000000               9
   297.000000               9
   298.000000               9
   299.000000               9
   300.000000               9
   301.000000               9
   302.000000               9
   303.000000               9
   304.000000               9
   305.000000               9
   306.000000               9
   307.000000               9
   308.000000               9
   309.000000               9
   310.000000               9
   311.000000               9
   312.000000               9
   313.000000               9
   314.000000               9
   315.000000               9
   316.000000               9
   317.000000               9
   318.000000               9
   319.000000               9
   320.000000               9
   321.000000               9
   322.000000               9
   323.000000               9
   324.000000               9
   325.000000               9
   326.000000               9
   327.000000               9
   328.000000               9
   329.000000               9
   330.000000               9
   331.000000               9
   332.000000               9
   333.000000               9
   334.000000               9
   335.000000               9
   336.000000               9
   337.000000               9
   338.000000               9
   339.000000               9
   340.000000               9
   341.000000               9
   342.000000               9
   343.000000               9
   344.000000               9
   345.000000               9
   346.000000               9
   347.000000               9
   348.000000               9
   349.000000               9
   350.000000               9
   351.000000               9
   352.000000               9
   353.000000               9
   354.000000               9
   355.000000               9
   356.000000               9
   357.000000              10
   358.000000              10
   359.000000              10
   360.000000              10
   361.000000              10
   362.000000              10
   363.000000              10
   364.000000              10
   365.000000              10
   366.000000              10
   367.000000              10
   368.000000              10
   369.000000              10
   370.000000              10
   371.000000              10
   372.000000              10
   373.000000              10
   374.000000              10
   375.000000              10
   376.000000              10
   377.000000              10
   378.000000              10
   379.000000              10
   380.000000              10
   381.000000              10
   382.000000              10
   383.000000              10
   384.000000              10
   385.000000              10
   386.000000              11
   387.000000              11
   388.000000              11
   389.000000              11
   390.000000              11
   391.000000              12
   392.000000              12
   393.000000              12
   394.000000              12
   395.000000              12
   396.000000              12
   397.000000              12
   398.000000              12
   399.000000              13
   400.000000              13
   401.000000              13
   402.000000              13
   403.000000              13
   404.000000              13
   405.000000              13
   406.000000              13
   407.000000              13
   408.000000              13
   409.000000              13
   410.000000              13
   411.000000              13
   412.000000              13
   413.000000              13
   414.000000              13
   415.000000              13
   416.000000              13
   417.000000              14
   418.000000              14
   419.000000              14
   420.000000              14
   421.000000              14
   422.000000              14
   423.000000              14
   424.000000              14
   425.000000              14
   426.000000              14
   427.000000              14
   428.000000              14
   429.000000              14
   430.000000              14
   431.000000              14
   432.000000              14
   433.000000              14
   434.000000              14
   435.000000              14
   436.000000              14
   437.000000              14
   438.000000              14
   439.000000              14
   440.000000              14
   441.000000              14
   442.000000              14
   443.000000              14
   444.000000              14
   445.000000              14
   446.000000              14
   447.000000              14
   448.000000              14
   449.000000              14
   450.000000              14
   451.000000              14
   452.000000              14
   453.000000              14
   454.000000              14
   455.000000              14
   456.000000              14
   457.000000              14
   458.000000              14
   459.000000              14
   460.000000              14
   461.000000              14
   462.000000              14
   463.000000              14
   464.000000              14
   465.000000              14
   466.000000              14
   467.000000              14
   468.000000              14
   469.000000              14
   470.000000              14
   471.000000              15
   472.000000              15
   473.000000              15
   474.000000              15
   475.000000              15
   476.000000              15
   477.000000              15
   478.000000              15
   479.000000              15
   480.000000              15
   481.000000              15
   482.000000              15
   483.000000              15
   484.000000              15
   485.000000              15
   486.000000              15
   487.000000              15
   488.000000              15
   489.000000              15
   490.000000              15
   491.000000              15
   492.000000              15
   493.000000              15
   494.000000              15
   495.000000              15
   496.000000              15
   497.000000              15
   498.000000              15
   499.000000              15
   500.000000              15
   501.000000              15
   502.000000              15
   503.000000              15
   504.000000              15
   505.000000              15
   506.000000              15
   507.000000              15
   508.000000              15
   509.000000              15
   510.000000              15
   511.000000              15
   512.000000              15
   513.000000              15
   514.000000              15
   515.000000              15
   516.000000              15
   517.000000              15
   518.000000              15
   519.000000              16
   520.000000              16
   521.000000              17
   522.000000              17
   523.000000              17
   524.000000              17
   525.000000              17
   526.000000              18
   527.000000              18
   528.000000              18
   529.000000              18
   530.000000              18
   531.000000              18
   532.000000              18
   533.000000              18
   534.000000              18
   535.000000              18
   536.000000              18
   537.000000              18
   538.000000              18
   539.000000              18
   540.000000              18
   541.000000              18
   542.000000              18
   543.000000              18
   544.000000              18
   545.000000              18
   546.000000              18
   547.000000              18
   548.000000              18
   549.000000              18
   550.000000              18
   551.000000              18
   552.000000              18
   553.000000              18
   554.000000              18
   555.000000              18
   556.000000              18
   557.000000              18
   558.000000              18
   559.000000              18
   560.000000              18
   561.000000              18
   562.000000              18
   563.000000              18
   564.000000              18
   565.000000              18
   566.000000              18
   567.000000              18
   568.000000              18
   569.000000              18
   570.000000              18
   571.000000              18
   572.000000              18
   573.000000              18
   574.000000              18
   575.000000              18
   576.000000              18
   577.000000              18
   578.000000              18
   579.000000              18
   580.000000              18
   581.000000              18
   582.000000              18
   583.000000              18
   584.000000              18
   585.000000              18
   586.000000              18
   587.000000              18
   588.000000              18
   589.000000              18
   590.000000              18
   591.000000              18
   592.000000              18
   593.000000              18
   594.000000              18
   595.000000              18
   596.000000              18
   597.000000              18
   598.000000              18
   599.000000              18
   600.000000              18
   601.000000              18
   602.000000              18
   603.000000              18
   604.000000              18
   605.000000              18
   606.000000              18
   607.000000              18
   608.000000              18
   609.000000              18
   610.000000              18
   611.000000              18
   612.000000              18
   613.000000              18
   614.000000              18
   615.000000              18
   616.000000              18
   617.000000              18
   618.000000              18
   619.000000              18
   620.000000              18
   621.000000              18
   622.000000              18
   623.000000              18
   624.000000              18
   625.000000              18
   626.000000              18
   627.000000              18
   628.000000              18
   629.000000              18
   630.000000              18
   631.000000              18
   632.000000              18
   633.000000              18
   634.000000              18
   635.000000              18
   636.000000              18
   637.000000              18
   638.000000              18
   639.000000              18
   640.000000              18
   641.000000              18
   642.000000              18
   643.000000              18
   644.000000              18
   645.000000              18
   646.000000              18
   647.000000              18
   648.000000              18
   649.000000              18
   650.000000              18
   651.000000              18
   652.000000              18
   653.000000              18
   654.000000              18
   655.000000              18
   656.000000              18
   657.000000              18
   658.000000              18
   659.000000              18
   660.000000              18
   661.000000              18
   662.000000              18
   663.000000              18
   664.000000              18
   665.000000              18
   666.000000              18
   667.000000              18
   668.000000              18
   669.000000              19
   670.000000              19
   671.000000              19
   672.000000              19
   673.000000              19
   674.000000              19
   675.000000              19
   676.000000              19
   677.000000              19
   678.000000              19
   679.000000              19
   680.000000              19
   681.000000              19
   682.000000              19
   683.000000              19
   684.000000              19
   685.000000              19
   686.000000              19
   687.000000              19
   688.000000              19
   689.000000              19
   690.000000              19
   691.000000              19
   692.000000              19
   693.000000              19
   694.000000              19
   695.000000              19
   696.000000              19
   697.000000              19
   698.000000              19
   699.000000              19
   700.000000              19
   701.000000              19
   702.000000              19
   703.000000              19
   704.000000              19
   705.000000              19
   706.000000              19
   707.000000              19
   708.000000              19
   709.000000              19
   710.000000              19
   711.000000              19
   712.000000              19
   713.000000              19
   714.000000              19
   715.000000              19
   716.000000              19
   717.000000              19
   718.000000              19
   719.000000              19
   720.000000              19
   721.000000              19
   722.000000              19
   723.000000              19
   724.000000              19
   725.000000              19
   726.000000              19
   727.000000              19
   728.000000              19
   729.000000              19
   730.000000              19
   731.000000              19
   732.000000              19
   733.000000              19
   734.000000              19
   735.000000              19
   736.000000              19
   737.000000              19
   738.000000              19
   739.000000              19
   740.000000              19
   741.000000              19
   742.000000              19
   743.000000              19
   744.000000              19
   745.000000              19
   746.000000              19
   747.000000              19
   748.000000              19
   749.000000              19
   750.000000              19
   751.000000              19
   752.000000              19
   753.000000              19
   754.000000              19
   755.000000              19
   756.000000              19
   757.000000              19
   758.000000              19
   759.000000              20
   760.000000              20
   761.000000              20
   762.000000              20
   763.000000              20
   764.000000              20
   765.000000              20
   766.000000              20
   767.000000              20
   768.000000              20
   769.000000              20
   770.000000              20
   771.000000              20
   772.000000              20
   773.000000              20
   774.000000              21
   775.000000              21
   776.000000              21
   777.000000              21
   778.000000              21
   779.000000              21
   780.000000              21
   781.000000              21
   782.000000              21
   783.000000              21
   784.000000              21
   785.000000              21
   786.000000              22
   787.000000              22
   788.000000              22
   789.000000              22
   790.000000              22
   791.000000              22
   792.000000              22
   793.000000              22
   794.000000              22
   795.000000              22
   796.000000              22
   797.000000              22
   798.000000              22
   799.000000              22
   800.000000              22
   801.000000              22
   802.000000              23
   803.000000              23
   804.000000              23
   805.000000              23
   806.000000              23
   807.000000              23
   808.000000              23
   809.000000              23
   810.000000              23
   811.000000              23
   812.000000              23
   813.000000              23
   814.000000              23
   815.000000              23
   816.000000              23
   817.000000              23
   818.000000              23
   819.000000              23
   820.000000              23
   821.000000              23
   822.000000              23
   823.000000              23
   824.000000              23
   825.000000              23
   826.000000              23
   827.000000              23
   828.000000              23
   829.000000              23
   830.000000              23
   831.000000              23
   832.000000              23
   833.000000              23
   834.000000              23
   835.000000              23
   836.000000              23
   837.000000              23
   838.000000              23
   839.000000              23
   840.000000              23
   841.000000              23
   842.000000              23
   843.000000              23
   844.000000              23
   845.000000              23
   846.000000              23
   847.000000              23
   848.000000              23
   849.000000              23
   850.000000              23
   851.000000              23
   852.000000              23
   853.000000              23
   854.000000              23
   855.000000              24
   856.000000              24
   857.000000              24
   858.000000              24
   859.000000              24
   860.000000              24
   861.000000              24
   862.000000              24
   863.000000              24
   864.000000              24
   865.000000              25
   866.000000              25
   867.000000              25
   868.000000              25
   869.000000              25
   870.000000              25
   871.000000              25
   872.000000              25
   873.000000              25
   874.000000              25
   875.000000              25
   876.000000              25
   877.000000              25
   878.000000              25
   879.000000              25
   880.000000              25
   881.000000              25
   882.000000              25
   883.000000              25
   884.000000              25
   885.000000              25
   886.000000              25
   887.000000              25
   888.000000              25
   889.000000              25
   890.000000              25
   891.000000              25
   892.000000              25
   893.000000              25
   894.000000              25
   895.000000              25
   896.000000              25
   897.000000              25
   898.000000              25
   899.000000              25
   900.000000              25
   901.000000              25
   902.000000              25
   903.000000              25
   904.000000              25
   905.000000              25
   906.000000              25
   907.000000              25
   908.000000              25
   909.000000              25
   910.000000              25
   911.000000              25
   912.000000              25
   913.000000              26
   914.000000              26
   915.000000              26
   916.000000              26
   917.000000              26
   918.000000              26
   919.000000              26
   920.000000              26
   921.000000              26
   922.000000              26
   923.000000              26
   924.000000              26
   925.000000              26
   926.000000              26
   927.000000              26
   928.000000              26
   929.000000              26
   930.000000              26
   931.000000              26
   932.000000              26
   933.000000              26
   934.000000              26
   935.000000              26
   936.000000              26
   937.000000              26
   938.000000              26
   939.000000              26
   940.000000              26
   941.000000              26
   942.000000              26
   943.000000              26
   944.000000              26
   945.000000              26
   946.000000              26
   947.000000              27
   948.000000              27
   949.000000              27
   950.000000              27
   951.000000              27
   952.000000              27
   953.000000              27
   954.000000              27
   955.000000              27
   956.000000              27
   957.000000              27
   958.000000              27
   959.000000              27
   960.000000              27
   961.000000              27
   962.000000              27
   963.000000              27
   964.000000              27
   965.000000              27
   966.000000              27
   967.000000              27
   968.000000              27
   969.000000              27
   970.000000              27
   971.000000              27
   972.000000              27
   973.000000              27
   974.000000              27
   975.000000              27
   976.000000              27
   977.000000              27
   978.000000              27
   979.000000              27
   980.000000              27
   981.000000              27
   982.000000              27
   983.000000              27
   984.000000              27
   985.000000              27
   986.000000              27
   987.000000              27
   988.000000              27
   989.000000              27
   990.000000              27
   991.000000              27
   992.000000              27
   993.000000              27
   994.000000              27
   995.000000              27
   996.000000              27
   997.000000              27
   998.000000              27
   999.000000              27
   1000.00000              27
