# time n - 500 (ps)    time n (ps)     molecule
2000.0 2500.0   CHOL 286 20 25
3000.0 3500.0   CHOL 286 30 35
5000.0 5500.0   CHOL 286 50 55
6500.0 7000.0   CHOL 286 65 70
9000.0 9500.0   CHOL 286 90 95
12500.0 13000.0   CHOL 286 125 130
13500.0 14000.0   CHOL 286 135 140
15000.0 15500.0   CHOL 286 150 155
16000.0 16500.0   CHOL 286 160 165
18500.0 19000.0   CHOL 286 185 190
19500.0 20000.0   CHOL 280 195 200
21000.0 21500.0   CHOL 280 210 215
24000.0 24500.0   CHOL 286 240 245
25500.0 26000.0   CHOL 286 255 260
27000.0 27500.0   CHOL 286 270 275
31000.0 31500.0   CHOL 286 310 315
32000.0 32500.0   CHOL 286 320 325
34000.0 34500.0   CHOL 286 340 345
35500.0 36000.0   CHOL 286 355 360
37500.0 38000.0   CHOL 286 375 380
39000.0 39500.0   CHOL 286 390 395
41500.0 42000.0   CHOL 286 415 420
44500.0 45000.0   CHOL 286 445 450
46000.0 46500.0   CHOL 286 460 465
48000.0 48500.0   CHOL 286 480 485
49500.0 50000.0   CHOL 262 495 500
49500.0 50000.0   CHOL 286 495 500
50500.0 51000.0   CHOL 286 505 510
51500.0 52000.0   CHOL 286 515 520
54000.0 54500.0   CHOL 286 540 545
55500.0 56000.0   CHOL 278 555 560
56000.0 56500.0   CHOL 286 560 565
57500.0 58000.0   CHOL 287 575 580
59000.0 59500.0   CHOL 287 590 595
61500.0 62000.0   CHOL 263 615 620
61500.0 62000.0   CHOL 286 615 620
63500.0 64000.0   CHOL 286 635 640
64500.0 65000.0   CHOL 286 645 650
66500.0 67000.0   CHOL 286 665 670
67000.0 67500.0   CHOL 282 670 675
69500.0 70000.0   CHOL 286 695 700
70500.0 71000.0   CHOL 286 705 710
72000.0 72500.0   CHOL 286 720 725
74500.0 75000.0   CHOL 286 745 750
76500.0 77000.0   CHOL 286 765 770
78000.0 78500.0   CHOL 286 780 785
79500.0 80000.0   CHOL 286 795 800
80500.0 81000.0   CHOL 286 805 810
82000.0 82500.0   CHOL 286 820 825
83000.0 83500.0   CHOL 286 830 835
84000.0 84500.0   CHOL 286 840 845
85000.0 85500.0   CHOL 266 850 855
85500.0 86000.0   CHOL 286 855 860
88000.0 88500.0   CHOL 286 880 885
92500.0 93000.0   CHOL 286 925 930
93500.0 94000.0   CHOL 286 935 940
96500.0 97000.0   CHOL 286 965 970
99500.0 100000.0   CHOL 286 995 1000
101500.0 102000.0   CHOL 286 1015 1020
102500.0 103000.0   CHOL 286 1025 1030
104000.0 104500.0   CHOL 286 1040 1045
106000.0 106500.0   CHOL 286 1060 1065
109000.0 109500.0   CHOL 286 1090 1095
110500.0 111000.0   CHOL 286 1105 1110
113000.0 113500.0   CHOL 286 1130 1135
114000.0 114500.0   CHOL 286 1140 1145
115500.0 116000.0   CHOL 286 1155 1160
118000.0 118500.0   CHOL 286 1180 1185
121000.0 121500.0   CHOL 283 1210 1215
121000.0 121500.0   CHOL 286 1210 1215
122000.0 122500.0   CHOL 283 1220 1225
122000.0 122500.0   CHOL 286 1220 1225
124000.0 124500.0   CHOL 286 1240 1245
126500.0 127000.0   CHOL 286 1265 1270
128000.0 128500.0   CHOL 286 1280 1285
133000.0 133500.0   CHOL 286 1330 1335
135500.0 136000.0   CHOL 286 1355 1360
137000.0 137500.0   CHOL 286 1370 1375
138000.0 138500.0   CHOL 286 1380 1385
140500.0 141000.0   CHOL 286 1405 1410
142500.0 143000.0   CHOL 286 1425 1430
143500.0 144000.0   CHOL 286 1435 1440
146500.0 147000.0   CHOL 286 1465 1470
148500.0 149000.0   CHOL 286 1485 1490
150500.0 151000.0   CHOL 268 1505 1510
154000.0 154500.0   CHOL 286 1540 1545
155500.0 156000.0   CHOL 286 1555 1560
159500.0 160000.0   CHOL 286 1595 1600
160500.0 161000.0   CHOL 286 1605 1610
162000.0 162500.0   CHOL 286 1620 1625
163000.0 163500.0   CHOL 286 1630 1635
165000.0 165500.0   CHOL 286 1650 1655
165500.0 166000.0   CHOL 276 1655 1660
167500.0 168000.0   CHOL 286 1675 1680
168000.0 168500.0   CHOL 283 1680 1685
170000.0 170500.0   CHOL 286 1700 1705
174000.0 174500.0   CHOL 286 1740 1745
175000.0 175500.0   CHOL 286 1750 1755
177000.0 177500.0   CHOL 286 1770 1775
179500.0 180000.0   CHOL 286 1795 1800
180500.0 181000.0   CHOL 286 1805 1810
181500.0 182000.0   CHOL 286 1815 1820
182500.0 183000.0   CHOL 286 1825 1830
185000.0 185500.0   CHOL 286 1850 1855
186500.0 187000.0   CHOL 286 1865 1870
188500.0 189000.0   CHOL 286 1885 1890
190000.0 190500.0   CHOL 286 1900 1905
191500.0 192000.0   CHOL 279 1915 1920
191500.0 192000.0   CHOL 286 1915 1920
195000.0 195500.0   CHOL 286 1950 1955
197000.0 197500.0   CHOL 286 1970 1975
198000.0 198500.0   CHOL 286 1980 1985
200500.0 201000.0   CHOL 286 2005 2010
201000.0 201500.0   CHOL 271 2010 2015
204000.0 204500.0   CHOL 286 2040 2045
205500.0 206000.0   CHOL 286 2055 2060
207500.0 208000.0   CHOL 286 2075 2080
208500.0 209000.0   CHOL 286 2085 2090
211500.0 212000.0   CHOL 286 2115 2120
212500.0 213000.0   CHOL 286 2125 2130
215000.0 215500.0   CHOL 286 2150 2155
217000.0 217500.0   CHOL 286 2170 2175
218500.0 219000.0   CHOL 286 2185 2190
219500.0 220000.0   CHOL 286 2195 2200
221500.0 222000.0   CHOL 286 2215 2220
222500.0 223000.0   CHOL 286 2225 2230
223500.0 224000.0   CHOL 267 2235 2240
224500.0 225000.0   CHOL 267 2245 2250
224500.0 225000.0   CHOL 286 2245 2250
226000.0 226500.0   CHOL 286 2260 2265
228500.0 229000.0   CHOL 286 2285 2290
232500.0 233000.0   CHOL 286 2325 2330
236500.0 237000.0   CHOL 286 2365 2370
238000.0 238500.0   CHOL 286 2380 2385
239000.0 239500.0   CHOL 286 2390 2395
239500.0 240000.0   CHOL 277 2395 2400
241500.0 242000.0   CHOL 286 2415 2420
244000.0 244500.0   CHOL 286 2440 2445
245000.0 245500.0   CHOL 286 2450 2455
250000.0 250500.0   CHOL 286 2500 2505
253000.0 253500.0   CHOL 286 2530 2535
257500.0 258000.0   CHOL 286 2575 2580
259500.0 260000.0   CHOL 286 2595 2600
260500.0 261000.0   CHOL 286 2605 2610
262500.0 263000.0   CHOL 286 2625 2630
266000.0 266500.0   CHOL 286 2660 2665
271000.0 271500.0   CHOL 286 2710 2715
272000.0 272500.0   CHOL 286 2720 2725
273500.0 274000.0   CHOL 286 2735 2740
276500.0 277000.0   CHOL 286 2765 2770
280000.0 280500.0   CHOL 286 2800 2805
281000.0 281500.0   CHOL 286 2810 2815
283000.0 283500.0   CHOL 286 2830 2835
284500.0 285000.0   CHOL 286 2845 2850
287500.0 288000.0   CHOL 286 2875 2880
288500.0 289000.0   CHOL 286 2885 2890
289500.0 290000.0   CHOL 261 2895 2900
290000.0 290500.0   CHOL 286 2900 2905
291500.0 292000.0   CHOL 286 2915 2920
292500.0 293000.0   CHOL 286 2925 2930
294500.0 295000.0   CHOL 286 2945 2950
295500.0 296000.0   CHOL 286 2955 2960
296500.0 297000.0   CHOL 286 2965 2970
298000.0 298500.0   CHOL 286 2980 2985
298500.0 299000.0   CHOL 273 2985 2990
299000.0 299500.0   CHOL 285 2990 2995
300000.0 300500.0   CHOL 286 3000 3005
301500.0 302000.0   CHOL 286 3015 3020
302000.0 302500.0   CHOL 269 3020 3025
302500.0 303000.0   CHOL 286 3025 3030
303500.0 304000.0   CHOL 269 3035 3040
303500.0 304000.0   CHOL 286 3035 3040
304500.0 305000.0   CHOL 286 3045 3050
305000.0 305500.0   CHOL 280 3050 3055
307000.0 307500.0   CHOL 280 3070 3075
307000.0 307500.0   CHOL 284 3070 3075
307000.0 307500.0   CHOL 286 3070 3075
308000.0 308500.0   CHOL 280 3080 3085
308000.0 308500.0   CHOL 286 3080 3085
309000.0 309500.0   CHOL 286 3090 3095
311000.0 311500.0   CHOL 286 3110 3115
312500.0 313000.0   CHOL 286 3125 3130
313500.0 314000.0   CHOL 286 3135 3140
315500.0 316000.0   CHOL 286 3155 3160
317500.0 318000.0   CHOL 266 3175 3180
317500.0 318000.0   CHOL 286 3175 3180
318500.0 319000.0   CHOL 266 3185 3190
320500.0 321000.0   CHOL 286 3205 3210
323000.0 323500.0   CHOL 286 3230 3235
325000.0 325500.0   CHOL 286 3250 3255
326500.0 327000.0   CHOL 286 3265 3270
327500.0 328000.0   CHOL 285 3275 3280
328500.0 329000.0   CHOL 286 3285 3290
331000.0 331500.0   CHOL 286 3310 3315
331500.0 332000.0   CHOL 263 3315 3320
333000.0 333500.0   CHOL 263 3330 3335
334000.0 334500.0   CHOL 286 3340 3345
335000.0 335500.0   CHOL 286 3350 3355
337000.0 337500.0   CHOL 286 3370 3375
338000.0 338500.0   CHOL 286 3380 3385
341500.0 342000.0   CHOL 286 3415 3420
342500.0 343000.0   CHOL 286 3425 3430
344000.0 344500.0   CHOL 286 3440 3445
346500.0 347000.0   CHOL 286 3465 3470
348500.0 349000.0   CHOL 286 3485 3490
350000.0 350500.0   CHOL 286 3500 3505
351500.0 352000.0   CHOL 286 3515 3520
354000.0 354500.0   CHOL 286 3540 3545
355500.0 356000.0   CHOL 286 3555 3560
358000.0 358500.0   CHOL 286 3580 3585
360000.0 360500.0   CHOL 286 3600 3605
362000.0 362500.0   CHOL 286 3620 3625
363000.0 363500.0   CHOL 272 3630 3635
364000.0 364500.0   CHOL 272 3640 3645
364000.0 364500.0   CHOL 286 3640 3645
367000.0 367500.0   CHOL 286 3670 3675
368500.0 369000.0   CHOL 286 3685 3690
371000.0 371500.0   CHOL 286 3710 3715
372500.0 373000.0   CHOL 286 3725 3730
377000.0 377500.0   CHOL 286 3770 3775
378000.0 378500.0   CHOL 286 3780 3785
381500.0 382000.0   CHOL 286 3815 3820
382500.0 383000.0   CHOL 286 3825 3830
385500.0 386000.0   CHOL 286 3855 3860
387000.0 387500.0   CHOL 286 3870 3875
388500.0 389000.0   CHOL 286 3885 3890
391000.0 391500.0   CHOL 286 3910 3915
393500.0 394000.0   CHOL 286 3935 3940
396500.0 397000.0   CHOL 286 3965 3970
398000.0 398500.0   CHOL 286 3980 3985
399000.0 399500.0   CHOL 286 3990 3995
404000.0 404500.0   CHOL 286 4040 4045
405000.0 405500.0   CHOL 286 4050 4055
407500.0 408000.0   CHOL 286 4075 4080
408500.0 409000.0   CHOL 286 4085 4090
409500.0 410000.0   CHOL 280 4095 4100
410500.0 411000.0   CHOL 286 4105 4110
411000.0 411500.0   CHOL 264 4110 4115
411000.0 411500.0   CHOL 275 4110 4115
414000.0 414500.0   CHOL 286 4140 4145
416000.0 416500.0   CHOL 277 4160 4165
416000.0 416500.0   CHOL 286 4160 4165
417000.0 417500.0   CHOL 286 4170 4175
418000.0 418500.0   CHOL 283 4180 4185
418000.0 418500.0   CHOL 286 4180 4185
419000.0 419500.0   CHOL 286 4190 4195
420000.0 420500.0   CHOL 286 4200 4205
421000.0 421500.0   CHOL 286 4210 4215
423500.0 424000.0   CHOL 286 4235 4240
427500.0 428000.0   CHOL 286 4275 4280
431000.0 431500.0   CHOL 286 4310 4315
432500.0 433000.0   CHOL 286 4325 4330
434000.0 434500.0   CHOL 286 4340 4345
435000.0 435500.0   CHOL 286 4350 4355
437000.0 437500.0   CHOL 286 4370 4375
438000.0 438500.0   CHOL 286 4380 4385
440000.0 440500.0   CHOL 286 4400 4405
441000.0 441500.0   CHOL 286 4410 4415
442500.0 443000.0   CHOL 286 4425 4430
443500.0 444000.0   CHOL 286 4435 4440
447500.0 448000.0   CHOL 286 4475 4480
449000.0 449500.0   CHOL 286 4490 4495
451500.0 452000.0   CHOL 286 4515 4520
453000.0 453500.0   CHOL 286 4530 4535
455000.0 455500.0   CHOL 286 4550 4555
455500.0 456000.0   CHOL 285 4555 4560
456500.0 457000.0   CHOL 286 4565 4570
458500.0 459000.0   CHOL 286 4585 4590
459500.0 460000.0   CHOL 286 4595 4600
462000.0 462500.0   CHOL 279 4620 4625
463000.0 463500.0   CHOL 286 4630 4635
464500.0 465000.0   CHOL 286 4645 4650
467000.0 467500.0   CHOL 286 4670 4675
468500.0 469000.0   CHOL 286 4685 4690
469500.0 470000.0   CHOL 277 4695 4700
472500.0 473000.0   CHOL 286 4725 4730
474000.0 474500.0   CHOL 286 4740 4745
479000.0 479500.0   CHOL 286 4790 4795
481000.0 481500.0   CHOL 286 4810 4815
483000.0 483500.0   CHOL 286 4830 4835
485500.0 486000.0   CHOL 286 4855 4860
487000.0 487500.0   CHOL 286 4870 4875
489000.0 489500.0   CHOL 286 4890 4895
490500.0 491000.0   CHOL 286 4905 4910
491500.0 492000.0   CHOL 286 4915 4920
494500.0 495000.0   CHOL 286 4945 4950
497500.0 498000.0   CHOL 272 4975 4980
498000.0 498500.0   CHOL 286 4980 4985
500000.0 500500.0   CHOL 286 5000 5005
502000.0 502500.0   CHOL 286 5020 5025
503000.0 503500.0   CHOL 286 5030 5035
504000.0 504500.0   CHOL 286 5040 5045
506000.0 506500.0   CHOL 286 5060 5065
507500.0 508000.0   CHOL 286 5075 5080
510500.0 511000.0   CHOL 286 5105 5110
512000.0 512500.0   CHOL 286 5120 5125
516500.0 517000.0   CHOL 286 5165 5170
517000.0 517500.0   CHOL 272 5170 5175
517500.0 518000.0   CHOL 286 5175 5180
518500.0 519000.0   CHOL 286 5185 5190
520000.0 520500.0   CHOL 281 5200 5205
521000.0 521500.0   CHOL 286 5210 5215
522000.0 522500.0   CHOL 281 5220 5225
523000.0 523500.0   CHOL 281 5230 5235
524000.0 524500.0   CHOL 281 5240 5245
524000.0 524500.0   CHOL 286 5240 5245
525500.0 526000.0   CHOL 281 5255 5260
526000.0 526500.0   CHOL 286 5260 5265
527000.0 527500.0   CHOL 281 5270 5275
527500.0 528000.0   CHOL 286 5275 5280
530500.0 531000.0   CHOL 286 5305 5310
532000.0 532500.0   CHOL 286 5320 5325
533000.0 533500.0   CHOL 286 5330 5335
536500.0 537000.0   CHOL 284 5365 5370
537000.0 537500.0   CHOL 286 5370 5375
538000.0 538500.0   CHOL 286 5380 5385
539000.0 539500.0   CHOL 286 5390 5395
540000.0 540500.0   CHOL 286 5400 5405
541500.0 542000.0   CHOL 286 5415 5420
543500.0 544000.0   CHOL 286 5435 5440
545500.0 546000.0   CHOL 286 5455 5460
546500.0 547000.0   CHOL 286 5465 5470
549500.0 550000.0   CHOL 286 5495 5500
551500.0 552000.0   CHOL 286 5515 5520
553000.0 553500.0   CHOL 286 5530 5535
554000.0 554500.0   CHOL 286 5540 5545
558000.0 558500.0   CHOL 286 5580 5585
559500.0 560000.0   CHOL 286 5595 5600
563500.0 564000.0   CHOL 286 5635 5640
565000.0 565500.0   CHOL 286 5650 5655
568000.0 568500.0   CHOL 286 5680 5685
569000.0 569500.0   CHOL 286 5690 5695
570500.0 571000.0   CHOL 286 5705 5710
574500.0 575000.0   CHOL 286 5745 5750
575500.0 576000.0   CHOL 283 5755 5760
576500.0 577000.0   CHOL 286 5765 5770
579000.0 579500.0   CHOL 286 5790 5795
580500.0 581000.0   CHOL 286 5805 5810
582000.0 582500.0   CHOL 286 5820 5825
583000.0 583500.0   CHOL 286 5830 5835
585000.0 585500.0   CHOL 286 5850 5855
587500.0 588000.0   CHOL 286 5875 5880
589500.0 590000.0   CHOL 286 5895 5900
593500.0 594000.0   CHOL 286 5935 5940
595500.0 596000.0   CHOL 286 5955 5960
597500.0 598000.0   CHOL 286 5975 5980
598500.0 599000.0   CHOL 280 5985 5990
599500.0 600000.0   CHOL 286 5995 6000
601000.0 601500.0   CHOL 280 6010 6015
602000.0 602500.0   CHOL 286 6020 6025
603500.0 604000.0   CHOL 286 6035 6040
605500.0 606000.0   CHOL 286 6055 6060
608500.0 609000.0   CHOL 286 6085 6090
610500.0 611000.0   CHOL 286 6105 6110
612500.0 613000.0   CHOL 286 6125 6130
614500.0 615000.0   CHOL 286 6145 6150
616000.0 616500.0   CHOL 286 6160 6165
617000.0 617500.0   CHOL 286 6170 6175
619500.0 620000.0   CHOL 286 6195 6200
622000.0 622500.0   CHOL 286 6220 6225
623500.0 624000.0   CHOL 286 6235 6240
624500.0 625000.0   CHOL 286 6245 6250
627000.0 627500.0   CHOL 286 6270 6275
628500.0 629000.0   CHOL 286 6285 6290
630500.0 631000.0   CHOL 286 6305 6310
632500.0 633000.0   CHOL 273 6325 6330
633000.0 633500.0   CHOL 286 6330 6335
634000.0 634500.0   CHOL 273 6340 6345
635500.0 636000.0   CHOL 286 6355 6360
636500.0 637000.0   CHOL 273 6365 6370
637500.0 638000.0   CHOL 286 6375 6380
639500.0 640000.0   CHOL 286 6395 6400
640500.0 641000.0   CHOL 286 6405 6410
642000.0 642500.0   CHOL 286 6420 6425
643500.0 644000.0   CHOL 286 6435 6440
644000.0 644500.0   CHOL 287 6440 6445
645500.0 646000.0   CHOL 286 6455 6460
646500.0 647000.0   CHOL 286 6465 6470
648000.0 648500.0   CHOL 286 6480 6485
649000.0 649500.0   CHOL 286 6490 6495
651000.0 651500.0   CHOL 286 6510 6515
653500.0 654000.0   CHOL 286 6535 6540
654500.0 655000.0   CHOL 285 6545 6550
655000.0 655500.0   CHOL 286 6550 6555
657000.0 657500.0   CHOL 286 6570 6575
659500.0 660000.0   CHOL 286 6595 6600
661000.0 661500.0   CHOL 286 6610 6615
663000.0 663500.0   CHOL 286 6630 6635
666500.0 667000.0   CHOL 286 6665 6670
668000.0 668500.0   CHOL 286 6680 6685
671000.0 671500.0   CHOL 286 6710 6715
672000.0 672500.0   CHOL 286 6720 6725
672500.0 673000.0   CHOL 271 6725 6730
674500.0 675000.0   CHOL 279 6745 6750
675500.0 676000.0   CHOL 286 6755 6760
677000.0 677500.0   CHOL 286 6770 6775
678500.0 679000.0   CHOL 286 6785 6790
681000.0 681500.0   CHOL 286 6810 6815
682500.0 683000.0   CHOL 286 6825 6830
685500.0 686000.0   CHOL 286 6855 6860
689500.0 690000.0   CHOL 286 6895 6900
690500.0 691000.0   CHOL 286 6905 6910
691500.0 692000.0   CHOL 286 6915 6920
695500.0 696000.0   CHOL 286 6955 6960
699000.0 699500.0   CHOL 286 6990 6995
701000.0 701500.0   CHOL 286 7010 7015
702500.0 703000.0   CHOL 286 7025 7030
704000.0 704500.0   CHOL 282 7040 7045
704000.0 704500.0   CHOL 286 7040 7045
706000.0 706500.0   CHOL 286 7060 7065
707000.0 707500.0   CHOL 286 7070 7075
708000.0 708500.0   CHOL 286 7080 7085
709500.0 710000.0   CHOL 286 7095 7100
711000.0 711500.0   CHOL 286 7110 7115
713500.0 714000.0   CHOL 286 7135 7140
715000.0 715500.0   CHOL 286 7150 7155
716000.0 716500.0   CHOL 285 7160 7165
718000.0 718500.0   CHOL 271 7180 7185
718500.0 719000.0   CHOL 286 7185 7190
721000.0 721500.0   CHOL 286 7210 7215
723500.0 724000.0   CHOL 286 7235 7240
729500.0 730000.0   CHOL 286 7295 7300
731000.0 731500.0   CHOL 286 7310 7315
733000.0 733500.0   CHOL 286 7330 7335
735000.0 735500.0   CHOL 286 7350 7355
737000.0 737500.0   CHOL 286 7370 7375
739000.0 739500.0   CHOL 286 7390 7395
741500.0 742000.0   CHOL 286 7415 7420
743500.0 744000.0   CHOL 267 7435 7440
745500.0 746000.0   CHOL 286 7455 7460
747000.0 747500.0   CHOL 286 7470 7475
748000.0 748500.0   CHOL 286 7480 7485
753000.0 753500.0   CHOL 286 7530 7535
755500.0 756000.0   CHOL 286 7555 7560
757500.0 758000.0   CHOL 286 7575 7580
759000.0 759500.0   CHOL 286 7590 7595
760000.0 760500.0   CHOL 286 7600 7605
761000.0 761500.0   CHOL 286 7610 7615
763500.0 764000.0   CHOL 286 7635 7640
765000.0 765500.0   CHOL 286 7650 7655
766500.0 767000.0   CHOL 286 7665 7670
768000.0 768500.0   CHOL 286 7680 7685
769500.0 770000.0   CHOL 263 7695 7700
770000.0 770500.0   CHOL 286 7700 7705
772000.0 772500.0   CHOL 286 7720 7725
773500.0 774000.0   CHOL 286 7735 7740
775000.0 775500.0   CHOL 286 7750 7755
776000.0 776500.0   CHOL 286 7760 7765
777000.0 777500.0   CHOL 286 7770 7775
779000.0 779500.0   CHOL 286 7790 7795
780500.0 781000.0   CHOL 286 7805 7810
784000.0 784500.0   CHOL 267 7840 7845
786000.0 786500.0   CHOL 286 7860 7865
788000.0 788500.0   CHOL 286 7880 7885
789000.0 789500.0   CHOL 286 7890 7895
790000.0 790500.0   CHOL 286 7900 7905
792000.0 792500.0   CHOL 286 7920 7925
796000.0 796500.0   CHOL 286 7960 7965
798000.0 798500.0   CHOL 286 7980 7985
800000.0 800500.0   CHOL 286 8000 8005
801500.0 802000.0   CHOL 286 8015 8020
803500.0 804000.0   CHOL 286 8035 8040
804500.0 805000.0   CHOL 286 8045 8050
808000.0 808500.0   CHOL 286 8080 8085
810000.0 810500.0   CHOL 286 8100 8105
813000.0 813500.0   CHOL 286 8130 8135
813500.0 814000.0   CHOL 280 8135 8140
814000.0 814500.0   CHOL 286 8140 8145
818500.0 819000.0   CHOL 286 8185 8190
822000.0 822500.0   CHOL 286 8220 8225
824500.0 825000.0   CHOL 286 8245 8250
825000.0 825500.0   CHOL 284 8250 8255
827000.0 827500.0   CHOL 286 8270 8275
829000.0 829500.0   CHOL 286 8290 8295
830000.0 830500.0   CHOL 286 8300 8305
832500.0 833000.0   CHOL 286 8325 8330
834500.0 835000.0   CHOL 286 8345 8350
835500.0 836000.0   CHOL 286 8355 8360
837000.0 837500.0   CHOL 286 8370 8375
838500.0 839000.0   CHOL 276 8385 8390
838500.0 839000.0   CHOL 286 8385 8390
840500.0 841000.0   CHOL 276 8405 8410
840500.0 841000.0   CHOL 286 8405 8410
842000.0 842500.0   CHOL 276 8420 8425
843000.0 843500.0   CHOL 286 8430 8435
844500.0 845000.0   CHOL 286 8445 8450
845500.0 846000.0   CHOL 286 8455 8460
847000.0 847500.0   CHOL 286 8470 8475
849000.0 849500.0   CHOL 286 8490 8495
851000.0 851500.0   CHOL 286 8510 8515
852500.0 853000.0   CHOL 286 8525 8530
853500.0 854000.0   CHOL 286 8535 8540
853500.0 854000.0   CHOL 287 8535 8540
854500.0 855000.0   CHOL 287 8545 8550
855000.0 855500.0   CHOL 286 8550 8555
857500.0 858000.0   CHOL 286 8575 8580
860500.0 861000.0   CHOL 286 8605 8610
862000.0 862500.0   CHOL 286 8620 8625
863000.0 863500.0   CHOL 286 8630 8635
864500.0 865000.0   CHOL 286 8645 8650
868000.0 868500.0   CHOL 286 8680 8685
869500.0 870000.0   CHOL 286 8695 8700
870500.0 871000.0   CHOL 286 8705 8710
873500.0 874000.0   CHOL 286 8735 8740
876000.0 876500.0   CHOL 282 8760 8765
877500.0 878000.0   CHOL 286 8775 8780
879000.0 879500.0   CHOL 286 8790 8795
883500.0 884000.0   CHOL 286 8835 8840
885000.0 885500.0   CHOL 286 8850 8855
886000.0 886500.0   CHOL 286 8860 8865
890500.0 891000.0   CHOL 286 8905 8910
892000.0 892500.0   CHOL 286 8920 8925
892500.0 893000.0   CHOL 266 8925 8930
893500.0 894000.0   CHOL 286 8935 8940
894500.0 895000.0   CHOL 286 8945 8950
895500.0 896000.0   CHOL 286 8955 8960
897000.0 897500.0   CHOL 286 8970 8975
900000.0 900500.0   CHOL 286 9000 9005
901000.0 901500.0   CHOL 286 9010 9015
902500.0 903000.0   CHOL 286 9025 9030
904000.0 904500.0   CHOL 266 9040 9045
904500.0 905000.0   CHOL 286 9045 9050
907500.0 908000.0   CHOL 286 9075 9080
909000.0 909500.0   CHOL 286 9090 9095
912500.0 913000.0   CHOL 279 9125 9130
914500.0 915000.0   CHOL 286 9145 9150
915500.0 916000.0   CHOL 286 9155 9160
918000.0 918500.0   CHOL 286 9180 9185
919000.0 919500.0   CHOL 268 9190 9195
920000.0 920500.0   CHOL 286 9200 9205
921000.0 921500.0   CHOL 286 9210 9215
922000.0 922500.0   CHOL 268 9220 9225
923500.0 924000.0   CHOL 286 9235 9240
925000.0 925500.0   CHOL 268 9250 9255
926000.0 926500.0   CHOL 286 9260 9265
927500.0 928000.0   CHOL 286 9275 9280
928500.0 929000.0   CHOL 286 9285 9290
929500.0 930000.0   CHOL 263 9295 9300
930000.0 930500.0   CHOL 286 9300 9305
931000.0 931500.0   CHOL 286 9310 9315
932000.0 932500.0   CHOL 286 9320 9325
933500.0 934000.0   CHOL 286 9335 9340
936000.0 936500.0   CHOL 286 9360 9365
937000.0 937500.0   CHOL 286 9370 9375
938500.0 939000.0   CHOL 286 9385 9390
939500.0 940000.0   CHOL 286 9395 9400
940500.0 941000.0   CHOL 282 9405 9410
940500.0 941000.0   CHOL 286 9405 9410
941500.0 942000.0   CHOL 286 9415 9420
945500.0 946000.0   CHOL 279 9455 9460
946500.0 947000.0   CHOL 286 9465 9470
949000.0 949500.0   CHOL 286 9490 9495
951000.0 951500.0   CHOL 286 9510 9515
954500.0 955000.0   CHOL 286 9545 9550
956000.0 956500.0   CHOL 286 9560 9565
957500.0 958000.0   CHOL 286 9575 9580
960000.0 960500.0   CHOL 286 9600 9605
961000.0 961500.0   CHOL 286 9610 9615
962000.0 962500.0   CHOL 286 9620 9625
964000.0 964500.0   CHOL 272 9640 9645
965000.0 965500.0   CHOL 286 9650 9655
965500.0 966000.0   CHOL 264 9655 9660
966500.0 967000.0   CHOL 286 9665 9670
967500.0 968000.0   CHOL 286 9675 9680
969500.0 970000.0   CHOL 286 9695 9700
973000.0 973500.0   CHOL 286 9730 9735
975500.0 976000.0   CHOL 286 9755 9760
976500.0 977000.0   CHOL 268 9765 9770
979000.0 979500.0   CHOL 286 9790 9795
979500.0 980000.0   CHOL 273 9795 9800
981500.0 982000.0   CHOL 286 9815 9820
983500.0 984000.0   CHOL 286 9835 9840
985500.0 986000.0   CHOL 286 9855 9860
986500.0 987000.0   CHOL 286 9865 9870
988500.0 989000.0   CHOL 286 9885 9890
992000.0 992500.0   CHOL 286 9920 9925
994500.0 995000.0   CHOL 286 9945 9950
997500.0 998000.0   CHOL 286 9975 9980
998500.0 999000.0   CHOL 286 9985 9990
999500.0 1000000.0   CHOL 286 9995 10000
1002000.0 1002500.0   CHOL 286 10020 10025
1003500.0 1004000.0   CHOL 275 10035 10040
1004000.0 1004500.0   CHOL 286 10040 10045
1005000.0 1005500.0   CHOL 270 10050 10055
1006000.0 1006500.0   CHOL 270 10060 10065
1006000.0 1006500.0   CHOL 286 10060 10065
1007500.0 1008000.0   CHOL 270 10075 10080
1007500.0 1008000.0   CHOL 286 10075 10080
1008500.0 1009000.0   CHOL 270 10085 10090
1009000.0 1009500.0   CHOL 286 10090 10095
1010000.0 1010500.0   CHOL 270 10100 10105
1011000.0 1011500.0   CHOL 284 10110 10115
1011500.0 1012000.0   CHOL 270 10115 10120
1012500.0 1013000.0   CHOL 270 10125 10130
1014000.0 1014500.0   CHOL 286 10140 10145
1015000.0 1015500.0   CHOL 286 10150 10155
1016000.0 1016500.0   CHOL 286 10160 10165
1018500.0 1019000.0   CHOL 286 10185 10190
1019000.0 1019500.0   CHOL 281 10190 10195
1020000.0 1020500.0   CHOL 281 10200 10205
1020000.0 1020500.0   CHOL 286 10200 10205
1021000.0 1021500.0   CHOL 286 10210 10215
1022500.0 1023000.0   CHOL 286 10225 10230
1024500.0 1025000.0   CHOL 286 10245 10250
1026000.0 1026500.0   CHOL 286 10260 10265
1028000.0 1028500.0   CHOL 286 10280 10285
1031000.0 1031500.0   CHOL 286 10310 10315
1032000.0 1032500.0   CHOL 286 10320 10325
1033000.0 1033500.0   CHOL 286 10330 10335
1035000.0 1035500.0   CHOL 286 10350 10355
1040000.0 1040500.0   CHOL 286 10400 10405
1042000.0 1042500.0   CHOL 286 10420 10425
1044500.0 1045000.0   CHOL 286 10445 10450
1045500.0 1046000.0   CHOL 286 10455 10460
1046500.0 1047000.0   CHOL 286 10465 10470
1049000.0 1049500.0   CHOL 286 10490 10495
1051000.0 1051500.0   CHOL 286 10510 10515
1052500.0 1053000.0   CHOL 286 10525 10530
1054500.0 1055000.0   CHOL 286 10545 10550
1056500.0 1057000.0   CHOL 286 10565 10570
1058500.0 1059000.0   CHOL 286 10585 10590
1061500.0 1062000.0   CHOL 286 10615 10620
1063000.0 1063500.0   CHOL 286 10630 10635
1065500.0 1066000.0   CHOL 286 10655 10660
1069500.0 1070000.0   CHOL 286 10695 10700
1070500.0 1071000.0   CHOL 286 10705 10710
1072500.0 1073000.0   CHOL 286 10725 10730
1074000.0 1074500.0   CHOL 286 10740 10745
1075500.0 1076000.0   CHOL 286 10755 10760
1077500.0 1078000.0   CHOL 286 10775 10780
1079500.0 1080000.0   CHOL 286 10795 10800
1080500.0 1081000.0   CHOL 275 10805 10810
1081500.0 1082000.0   CHOL 286 10815 10820
1083000.0 1083500.0   CHOL 286 10830 10835
1084500.0 1085000.0   CHOL 286 10845 10850
1085500.0 1086000.0   CHOL 286 10855 10860
1088000.0 1088500.0   CHOL 286 10880 10885
1089500.0 1090000.0   CHOL 286 10895 10900
1091500.0 1092000.0   CHOL 286 10915 10920
1094000.0 1094500.0   CHOL 286 10940 10945
1095000.0 1095500.0   CHOL 286 10950 10955
1099000.0 1099500.0   CHOL 286 10990 10995
1100500.0 1101000.0   CHOL 286 11005 11010
1101500.0 1102000.0   CHOL 286 11015 11020
1102500.0 1103000.0   CHOL 286 11025 11030
1103500.0 1104000.0   CHOL 286 11035 11040
1105000.0 1105500.0   CHOL 286 11050 11055
1107000.0 1107500.0   CHOL 286 11070 11075
1108500.0 1109000.0   CHOL 286 11085 11090
1111000.0 1111500.0   CHOL 274 11110 11115
1111000.0 1111500.0   CHOL 286 11110 11115
1114000.0 1114500.0   CHOL 286 11140 11145
1116500.0 1117000.0   CHOL 286 11165 11170
1117500.0 1118000.0   CHOL 286 11175 11180
1120000.0 1120500.0   CHOL 286 11200 11205
1121500.0 1122000.0   CHOL 286 11215 11220
1122500.0 1123000.0   CHOL 275 11225 11230
1124000.0 1124500.0   CHOL 286 11240 11245
1126500.0 1127000.0   CHOL 286 11265 11270
1128000.0 1128500.0   CHOL 286 11280 11285
1130000.0 1130500.0   CHOL 286 11300 11305
1131500.0 1132000.0   CHOL 286 11315 11320
1133000.0 1133500.0   CHOL 286 11330 11335
1135500.0 1136000.0   CHOL 286 11355 11360
1137000.0 1137500.0   CHOL 286 11370 11375
1139500.0 1140000.0   CHOL 286 11395 11400
1143000.0 1143500.0   CHOL 276 11430 11435
1143000.0 1143500.0   CHOL 286 11430 11435
1144500.0 1145000.0   CHOL 286 11445 11450
1147000.0 1147500.0   CHOL 286 11470 11475
1148000.0 1148500.0   CHOL 286 11480 11485
1148500.0 1149000.0   CHOL 276 11485 11490
1149500.0 1150000.0   CHOL 279 11495 11500
1150500.0 1151000.0   CHOL 286 11505 11510
1152000.0 1152500.0   CHOL 286 11520 11525
1153000.0 1153500.0   CHOL 279 11530 11535
1155000.0 1155500.0   CHOL 286 11550 11555
1157500.0 1158000.0   CHOL 286 11575 11580
1159000.0 1159500.0   CHOL 286 11590 11595
1160500.0 1161000.0   CHOL 286 11605 11610
1162000.0 1162500.0   CHOL 267 11620 11625
1162000.0 1162500.0   CHOL 286 11620 11625
1162500.0 1163000.0   CHOL 280 11625 11630
1163500.0 1164000.0   CHOL 267 11635 11640
1163500.0 1164000.0   CHOL 286 11635 11640
1165000.0 1165500.0   CHOL 267 11650 11655
1165500.0 1166000.0   CHOL 286 11655 11660
1168000.0 1168500.0   CHOL 286 11680 11685
1169500.0 1170000.0   CHOL 286 11695 11700
1171000.0 1171500.0   CHOL 278 11710 11715
1171000.0 1171500.0   CHOL 286 11710 11715
1172500.0 1173000.0   CHOL 286 11725 11730
1174000.0 1174500.0   CHOL 286 11740 11745
1175000.0 1175500.0   CHOL 286 11750 11755
1177500.0 1178000.0   CHOL 286 11775 11780
1179000.0 1179500.0   CHOL 286 11790 11795
1181500.0 1182000.0   CHOL 286 11815 11820
1182500.0 1183000.0   CHOL 270 11825 11830
1183500.0 1184000.0   CHOL 286 11835 11840
1184500.0 1185000.0   CHOL 286 11845 11850
1187000.0 1187500.0   CHOL 286 11870 11875
1188500.0 1189000.0   CHOL 286 11885 11890
1190000.0 1190500.0   CHOL 286 11900 11905
1194000.0 1194500.0   CHOL 286 11940 11945
1196000.0 1196500.0   CHOL 286 11960 11965
1198000.0 1198500.0   CHOL 286 11980 11985
1200000.0 1200500.0   CHOL 286 12000 12005
1202000.0 1202500.0   CHOL 286 12020 12025
1203000.0 1203500.0   CHOL 286 12030 12035
1204000.0 1204500.0   CHOL 286 12040 12045
1206000.0 1206500.0   CHOL 286 12060 12065
1208000.0 1208500.0   CHOL 286 12080 12085
1209000.0 1209500.0   CHOL 284 12090 12095
1209000.0 1209500.0   CHOL 286 12090 12095
1211500.0 1212000.0   CHOL 286 12115 12120
1213000.0 1213500.0   CHOL 271 12130 12135
1213000.0 1213500.0   CHOL 286 12130 12135
1215500.0 1216000.0   CHOL 286 12155 12160
1217000.0 1217500.0   CHOL 284 12170 12175
1217000.0 1217500.0   CHOL 286 12170 12175
1219000.0 1219500.0   CHOL 286 12190 12195
1220500.0 1221000.0   CHOL 286 12205 12210
1222000.0 1222500.0   CHOL 286 12220 12225
1223500.0 1224000.0   CHOL 286 12235 12240
1225000.0 1225500.0   CHOL 286 12250 12255
1226000.0 1226500.0   CHOL 286 12260 12265
1227500.0 1228000.0   CHOL 286 12275 12280
1230000.0 1230500.0   CHOL 286 12300 12305
1231000.0 1231500.0   CHOL 286 12310 12315
1233000.0 1233500.0   CHOL 286 12330 12335
1234500.0 1235000.0   CHOL 268 12345 12350
1235000.0 1235500.0   CHOL 286 12350 12355
1237500.0 1238000.0   CHOL 286 12375 12380
1239000.0 1239500.0   CHOL 286 12390 12395
1240500.0 1241000.0   CHOL 286 12405 12410
1242500.0 1243000.0   CHOL 286 12425 12430
1244500.0 1245000.0   CHOL 286 12445 12450
1246000.0 1246500.0   CHOL 286 12460 12465
1247500.0 1248000.0   CHOL 286 12475 12480
1248500.0 1249000.0   CHOL 287 12485 12490
1250000.0 1250500.0   CHOL 286 12500 12505
1251500.0 1252000.0   CHOL 286 12515 12520
1252500.0 1253000.0   CHOL 286 12525 12530
1254000.0 1254500.0   CHOL 269 12540 12545
1255000.0 1255500.0   CHOL 286 12550 12555
1256000.0 1256500.0   CHOL 286 12560 12565
1260000.0 1260500.0   CHOL 286 12600 12605
1262000.0 1262500.0   CHOL 286 12620 12625
1264000.0 1264500.0   CHOL 286 12640 12645
1265000.0 1265500.0   CHOL 286 12650 12655
1265500.0 1266000.0   CHOL 285 12655 12660
1266500.0 1267000.0   CHOL 265 12665 12670
1268000.0 1268500.0   CHOL 286 12680 12685
1272000.0 1272500.0   CHOL 286 12720 12725
1274000.0 1274500.0   CHOL 286 12740 12745
1276500.0 1277000.0   CHOL 286 12765 12770
1279500.0 1280000.0   CHOL 286 12795 12800
1281000.0 1281500.0   CHOL 286 12810 12815
1283000.0 1283500.0   CHOL 286 12830 12835
1287000.0 1287500.0   CHOL 286 12870 12875
1290000.0 1290500.0   CHOL 263 12900 12905
1290500.0 1291000.0   CHOL 286 12905 12910
1292000.0 1292500.0   CHOL 263 12920 12925
1292000.0 1292500.0   CHOL 286 12920 12925
1293000.0 1293500.0   CHOL 263 12930 12935
1293000.0 1293500.0   CHOL 286 12930 12935
1294000.0 1294500.0   CHOL 263 12940 12945
1295000.0 1295500.0   CHOL 286 12950 12955
1296000.0 1296500.0   CHOL 263 12960 12965
1296000.0 1296500.0   CHOL 286 12960 12965
1297500.0 1298000.0   CHOL 286 12975 12980
1299000.0 1299500.0   CHOL 286 12990 12995
1302000.0 1302500.0   CHOL 286 13020 13025
1303500.0 1304000.0   CHOL 286 13035 13040
1306000.0 1306500.0   CHOL 286 13060 13065
1310500.0 1311000.0   CHOL 286 13105 13110
1313500.0 1314000.0   CHOL 286 13135 13140
1316000.0 1316500.0   CHOL 286 13160 13165
1318000.0 1318500.0   CHOL 286 13180 13185
1320000.0 1320500.0   CHOL 286 13200 13205
1321500.0 1322000.0   CHOL 286 13215 13220
1324500.0 1325000.0   CHOL 286 13245 13250
1327000.0 1327500.0   CHOL 286 13270 13275
1328500.0 1329000.0   CHOL 286 13285 13290
1330000.0 1330500.0   CHOL 286 13300 13305
1331000.0 1331500.0   CHOL 286 13310 13315
1332000.0 1332500.0   CHOL 286 13320 13325
1333000.0 1333500.0   CHOL 263 13330 13335
1333500.0 1334000.0   CHOL 286 13335 13340
1336500.0 1337000.0   CHOL 286 13365 13370
1337500.0 1338000.0   CHOL 286 13375 13380
1339000.0 1339500.0   CHOL 286 13390 13395
1340000.0 1340500.0   CHOL 286 13400 13405
1344000.0 1344500.0   CHOL 286 13440 13445
1345000.0 1345500.0   CHOL 286 13450 13455
1346500.0 1347000.0   CHOL 286 13465 13470
1347500.0 1348000.0   CHOL 286 13475 13480
1348500.0 1349000.0   CHOL 286 13485 13490
1351500.0 1352000.0   CHOL 286 13515 13520
1352500.0 1353000.0   CHOL 265 13525 13530
1352500.0 1353000.0   CHOL 286 13525 13530
1353500.0 1354000.0   CHOL 265 13535 13540
1353500.0 1354000.0   CHOL 269 13535 13540
1354000.0 1354500.0   CHOL 286 13540 13545
1354500.0 1355000.0   CHOL 265 13545 13550
1355500.0 1356000.0   CHOL 265 13555 13560
1355500.0 1356000.0   CHOL 269 13555 13560
1356000.0 1356500.0   CHOL 286 13560 13565
1358000.0 1358500.0   CHOL 286 13580 13585
1358500.0 1359000.0   CHOL 269 13585 13590
1359500.0 1360000.0   CHOL 286 13595 13600
1360500.0 1361000.0   CHOL 286 13605 13610
1362000.0 1362500.0   CHOL 286 13620 13625
1364000.0 1364500.0   CHOL 286 13640 13645
1367000.0 1367500.0   CHOL 286 13670 13675
1368500.0 1369000.0   CHOL 286 13685 13690
1372000.0 1372500.0   CHOL 286 13720 13725
1373000.0 1373500.0   CHOL 286 13730 13735
1375000.0 1375500.0   CHOL 286 13750 13755
1378000.0 1378500.0   CHOL 286 13780 13785
1378500.0 1379000.0   CHOL 269 13785 13790
1379500.0 1380000.0   CHOL 269 13795 13800
1379500.0 1380000.0   CHOL 286 13795 13800
1380500.0 1381000.0   CHOL 269 13805 13810
1381000.0 1381500.0   CHOL 286 13810 13815
1382000.0 1382500.0   CHOL 286 13820 13825
1384500.0 1385000.0   CHOL 286 13845 13850
1388500.0 1389000.0   CHOL 286 13885 13890
1389500.0 1390000.0   CHOL 286 13895 13900
1391000.0 1391500.0   CHOL 286 13910 13915
1393000.0 1393500.0   CHOL 286 13930 13935
1395000.0 1395500.0   CHOL 286 13950 13955
1400500.0 1401000.0   CHOL 286 14005 14010
1402500.0 1403000.0   CHOL 286 14025 14030
1403500.0 1404000.0   CHOL 286 14035 14040
1404500.0 1405000.0   CHOL 286 14045 14050
1405500.0 1406000.0   CHOL 286 14055 14060
1408500.0 1409000.0   CHOL 286 14085 14090
1410500.0 1411000.0   CHOL 286 14105 14110
1413000.0 1413500.0   CHOL 286 14130 14135
1414500.0 1415000.0   CHOL 286 14145 14150
1419500.0 1420000.0   CHOL 286 14195 14200
1421000.0 1421500.0   CHOL 286 14210 14215
1423500.0 1424000.0   CHOL 286 14235 14240
1425000.0 1425500.0   CHOL 286 14250 14255
1427500.0 1428000.0   CHOL 286 14275 14280
1429500.0 1430000.0   CHOL 286 14295 14300
1432500.0 1433000.0   CHOL 286 14325 14330
1434500.0 1435000.0   CHOL 286 14345 14350
1436500.0 1437000.0   CHOL 286 14365 14370
1439500.0 1440000.0   CHOL 286 14395 14400
1441500.0 1442000.0   CHOL 286 14415 14420
1443500.0 1444000.0   CHOL 286 14435 14440
1445000.0 1445500.0   CHOL 286 14450 14455
1448500.0 1449000.0   CHOL 286 14485 14490
1449500.0 1450000.0   CHOL 264 14495 14500
1450500.0 1451000.0   CHOL 264 14505 14510
1450500.0 1451000.0   CHOL 286 14505 14510
1454000.0 1454500.0   CHOL 286 14540 14545
1455500.0 1456000.0   CHOL 286 14555 14560
1458000.0 1458500.0   CHOL 286 14580 14585
1460500.0 1461000.0   CHOL 286 14605 14610
1461500.0 1462000.0   CHOL 261 14615 14620
1462500.0 1463000.0   CHOL 261 14625 14630
1463500.0 1464000.0   CHOL 286 14635 14640
1464500.0 1465000.0   CHOL 286 14645 14650
1466500.0 1467000.0   CHOL 276 14665 14670
1468000.0 1468500.0   CHOL 286 14680 14685
1472500.0 1473000.0   CHOL 286 14725 14730
1473500.0 1474000.0   CHOL 286 14735 14740
1476000.0 1476500.0   CHOL 286 14760 14765
1477000.0 1477500.0   CHOL 286 14770 14775
1479500.0 1480000.0   CHOL 275 14795 14800
1479500.0 1480000.0   CHOL 286 14795 14800
1480500.0 1481000.0   CHOL 275 14805 14810
1480500.0 1481000.0   CHOL 286 14805 14810
1485500.0 1486000.0   CHOL 286 14855 14860
1487500.0 1488000.0   CHOL 271 14875 14880
1488000.0 1488500.0   CHOL 286 14880 14885
1489500.0 1490000.0   CHOL 286 14895 14900
1490500.0 1491000.0   CHOL 286 14905 14910
1491000.0 1491500.0   CHOL 271 14910 14915
1492000.0 1492500.0   CHOL 286 14920 14925
1492500.0 1493000.0   CHOL 271 14925 14930
1493000.0 1493500.0   CHOL 286 14930 14935
1494000.0 1494500.0   CHOL 286 14940 14945
1496000.0 1496500.0   CHOL 286 14960 14965
1496500.0 1497000.0   CHOL 265 14965 14970
1497000.0 1497500.0   CHOL 286 14970 14975
1498000.0 1498500.0   CHOL 286 14980 14985
1499000.0 1499500.0   CHOL 286 14990 14995
1500000.0 1500500.0   CHOL 286 15000 15005
1500500.0 1501000.0   CHOL 278 15005 15010
1502000.0 1502500.0   CHOL 278 15020 15025
1503500.0 1504000.0   CHOL 286 15035 15040
1504000.0 1504500.0   CHOL 278 15040 15045
1505000.0 1505500.0   CHOL 278 15050 15055
1505500.0 1506000.0   CHOL 286 15055 15060
1507000.0 1507500.0   CHOL 278 15070 15075
1507500.0 1508000.0   CHOL 286 15075 15080
1508500.0 1509000.0   CHOL 286 15085 15090
1509500.0 1510000.0   CHOL 286 15095 15100
1511000.0 1511500.0   CHOL 272 15110 15115
1511000.0 1511500.0   CHOL 286 15110 15115
1511500.0 1512000.0   CHOL 265 15115 15120
1513000.0 1513500.0   CHOL 265 15130 15135
1514000.0 1514500.0   CHOL 286 15140 15145
1517000.0 1517500.0   CHOL 286 15170 15175
1520000.0 1520500.0   CHOL 286 15200 15205
1521000.0 1521500.0   CHOL 286 15210 15215
1522500.0 1523000.0   CHOL 286 15225 15230
1524500.0 1525000.0   CHOL 286 15245 15250
1527000.0 1527500.0   CHOL 286 15270 15275
1528500.0 1529000.0   CHOL 270 15285 15290
1529000.0 1529500.0   CHOL 286 15290 15295
1535500.0 1536000.0   CHOL 286 15355 15360
1536500.0 1537000.0   CHOL 286 15365 15370
1537500.0 1538000.0   CHOL 286 15375 15380
1538500.0 1539000.0   CHOL 286 15385 15390
1541000.0 1541500.0   CHOL 286 15410 15415
1542500.0 1543000.0   CHOL 286 15425 15430
1545000.0 1545500.0   CHOL 286 15450 15455
1546500.0 1547000.0   CHOL 286 15465 15470
1547500.0 1548000.0   CHOL 286 15475 15480
1548500.0 1549000.0   CHOL 273 15485 15490
1549000.0 1549500.0   CHOL 286 15490 15495
1552000.0 1552500.0   CHOL 286 15520 15525
1554500.0 1555000.0   CHOL 286 15545 15550
1555500.0 1556000.0   CHOL 286 15555 15560
1558000.0 1558500.0   CHOL 274 15580 15585
1560500.0 1561000.0   CHOL 286 15605 15610
1563500.0 1564000.0   CHOL 286 15635 15640
1565000.0 1565500.0   CHOL 280 15650 15655
1565000.0 1565500.0   CHOL 286 15650 15655
1566000.0 1566500.0   CHOL 280 15660 15665
1567000.0 1567500.0   CHOL 286 15670 15675
1569000.0 1569500.0   CHOL 286 15690 15695
1570000.0 1570500.0   CHOL 272 15700 15705
1570500.0 1571000.0   CHOL 286 15705 15710
1571500.0 1572000.0   CHOL 272 15715 15720
1571500.0 1572000.0   CHOL 286 15715 15720
1572500.0 1573000.0   CHOL 278 15725 15730
1573500.0 1574000.0   CHOL 286 15735 15740
1574000.0 1574500.0   CHOL 278 15740 15745
1575500.0 1576000.0   CHOL 286 15755 15760
1576500.0 1577000.0   CHOL 286 15765 15770
1580000.0 1580500.0   CHOL 286 15800 15805
1581500.0 1582000.0   CHOL 286 15815 15820
1583000.0 1583500.0   CHOL 286 15830 15835
1584500.0 1585000.0   CHOL 281 15845 15850
1586000.0 1586500.0   CHOL 286 15860 15865
1588000.0 1588500.0   CHOL 286 15880 15885
1589000.0 1589500.0   CHOL 286 15890 15895
1591000.0 1591500.0   CHOL 286 15910 15915
1592500.0 1593000.0   CHOL 286 15925 15930
1594000.0 1594500.0   CHOL 286 15940 15945
1595500.0 1596000.0   CHOL 286 15955 15960
1597000.0 1597500.0   CHOL 286 15970 15975
1599000.0 1599500.0   CHOL 274 15990 15995
1600000.0 1600500.0   CHOL 286 16000 16005
1602000.0 1602500.0   CHOL 286 16020 16025
1603000.0 1603500.0   CHOL 266 16030 16035
1603000.0 1603500.0   CHOL 286 16030 16035
1604000.0 1604500.0   CHOL 286 16040 16045
1607000.0 1607500.0   CHOL 286 16070 16075
1607500.0 1608000.0   CHOL 261 16075 16080
1609500.0 1610000.0   CHOL 286 16095 16100
1610500.0 1611000.0   CHOL 286 16105 16110
1612000.0 1612500.0   CHOL 286 16120 16125
1612500.0 1613000.0   CHOL 265 16125 16130
1613000.0 1613500.0   CHOL 286 16130 16135
1614000.0 1614500.0   CHOL 286 16140 16145
1615500.0 1616000.0   CHOL 286 16155 16160
1619000.0 1619500.0   CHOL 286 16190 16195
1620500.0 1621000.0   CHOL 286 16205 16210
1622500.0 1623000.0   CHOL 286 16225 16230
1623500.0 1624000.0   CHOL 267 16235 16240
1624000.0 1624500.0   CHOL 286 16240 16245
1625500.0 1626000.0   CHOL 282 16255 16260
1626000.0 1626500.0   CHOL 286 16260 16265
1629000.0 1629500.0   CHOL 286 16290 16295
1630000.0 1630500.0   CHOL 286 16300 16305
1631500.0 1632000.0   CHOL 286 16315 16320
1634500.0 1635000.0   CHOL 286 16345 16350
1636500.0 1637000.0   CHOL 286 16365 16370
1640500.0 1641000.0   CHOL 286 16405 16410
1642500.0 1643000.0   CHOL 286 16425 16430
1645000.0 1645500.0   CHOL 270 16450 16455
1645500.0 1646000.0   CHOL 286 16455 16460
1646000.0 1646500.0   CHOL 270 16460 16465
1647500.0 1648000.0   CHOL 286 16475 16480
1648500.0 1649000.0   CHOL 270 16485 16490
1649500.0 1650000.0   CHOL 270 16495 16500
1649500.0 1650000.0   CHOL 286 16495 16500
1653000.0 1653500.0   CHOL 286 16530 16535
1654000.0 1654500.0   CHOL 286 16540 16545
1655000.0 1655500.0   CHOL 286 16550 16555
1656500.0 1657000.0   CHOL 286 16565 16570
1658000.0 1658500.0   CHOL 286 16580 16585
1659000.0 1659500.0   CHOL 286 16590 16595
1659500.0 1660000.0   CHOL 285 16595 16600
1660500.0 1661000.0   CHOL 286 16605 16610
1662000.0 1662500.0   CHOL 286 16620 16625
1664500.0 1665000.0   CHOL 286 16645 16650
1666500.0 1667000.0   CHOL 286 16665 16670
1670000.0 1670500.0   CHOL 286 16700 16705
1671500.0 1672000.0   CHOL 286 16715 16720
1672500.0 1673000.0   CHOL 286 16725 16730
1674500.0 1675000.0   CHOL 286 16745 16750
1677000.0 1677500.0   CHOL 286 16770 16775
1678000.0 1678500.0   CHOL 286 16780 16785
1681000.0 1681500.0   CHOL 286 16810 16815
1681500.0 1682000.0   CHOL 279 16815 16820
1682500.0 1683000.0   CHOL 279 16825 16830
1683000.0 1683500.0   CHOL 286 16830 16835
1684500.0 1685000.0   CHOL 286 16845 16850
1690000.0 1690500.0   CHOL 286 16900 16905
1693000.0 1693500.0   CHOL 286 16930 16935
1695000.0 1695500.0   CHOL 286 16950 16955
1696500.0 1697000.0   CHOL 286 16965 16970
1697500.0 1698000.0   CHOL 286 16975 16980
1699000.0 1699500.0   CHOL 262 16990 16995
1699500.0 1700000.0   CHOL 286 16995 17000
1700000.0 1700500.0   CHOL 262 17000 17005
1701500.0 1702000.0   CHOL 262 17015 17020
1702000.0 1702500.0   CHOL 286 17020 17025
1703000.0 1703500.0   CHOL 262 17030 17035
1704000.0 1704500.0   CHOL 286 17040 17045
1704500.0 1705000.0   CHOL 272 17045 17050
1706000.0 1706500.0   CHOL 272 17060 17065
1707000.0 1707500.0   CHOL 286 17070 17075
1708000.0 1708500.0   CHOL 272 17080 17085
1709000.0 1709500.0   CHOL 286 17090 17095
1709500.0 1710000.0   CHOL 272 17095 17100
1711000.0 1711500.0   CHOL 286 17110 17115
1712000.0 1712500.0   CHOL 286 17120 17125
1712500.0 1713000.0   CHOL 272 17125 17130
1714000.0 1714500.0   CHOL 286 17140 17145
1717500.0 1718000.0   CHOL 286 17175 17180
1718500.0 1719000.0   CHOL 286 17185 17190
1719500.0 1720000.0   CHOL 286 17195 17200
1721000.0 1721500.0   CHOL 286 17210 17215
1723000.0 1723500.0   CHOL 286 17230 17235
1724000.0 1724500.0   CHOL 286 17240 17245
1726000.0 1726500.0   CHOL 286 17260 17265
1729000.0 1729500.0   CHOL 286 17290 17295
1730500.0 1731000.0   CHOL 286 17305 17310
1732000.0 1732500.0   CHOL 286 17320 17325
1733000.0 1733500.0   CHOL 286 17330 17335
1735500.0 1736000.0   CHOL 286 17355 17360
1737000.0 1737500.0   CHOL 286 17370 17375
1739000.0 1739500.0   CHOL 286 17390 17395
1742000.0 1742500.0   CHOL 285 17420 17425
1743000.0 1743500.0   CHOL 286 17430 17435
1745500.0 1746000.0   CHOL 286 17455 17460
1746500.0 1747000.0   CHOL 286 17465 17470
1751000.0 1751500.0   CHOL 286 17510 17515
1753000.0 1753500.0   CHOL 279 17530 17535
1753000.0 1753500.0   CHOL 286 17530 17535
1754500.0 1755000.0   CHOL 279 17545 17550
1754500.0 1755000.0   CHOL 286 17545 17550
1755500.0 1756000.0   CHOL 286 17555 17560
1761500.0 1762000.0   CHOL 286 17615 17620
1762000.0 1762500.0   CHOL 276 17620 17625
1763000.0 1763500.0   CHOL 286 17630 17635
1764500.0 1765000.0   CHOL 265 17645 17650
1764500.0 1765000.0   CHOL 286 17645 17650
1766000.0 1766500.0   CHOL 265 17660 17665
1767000.0 1767500.0   CHOL 286 17670 17675
1768500.0 1769000.0   CHOL 286 17685 17690
1771000.0 1771500.0   CHOL 286 17710 17715
1773000.0 1773500.0   CHOL 286 17730 17735
1774500.0 1775000.0   CHOL 286 17745 17750
1776000.0 1776500.0   CHOL 286 17760 17765
1777500.0 1778000.0   CHOL 286 17775 17780
1778500.0 1779000.0   CHOL 286 17785 17790
1781500.0 1782000.0   CHOL 286 17815 17820
1783500.0 1784000.0   CHOL 286 17835 17840
1784500.0 1785000.0   CHOL 286 17845 17850
1786500.0 1787000.0   CHOL 275 17865 17870
1786500.0 1787000.0   CHOL 286 17865 17870
1790500.0 1791000.0   CHOL 262 17905 17910
1791500.0 1792000.0   CHOL 286 17915 17920
1792500.0 1793000.0   CHOL 286 17925 17930
1794000.0 1794500.0   CHOL 276 17940 17945
1795000.0 1795500.0   CHOL 281 17950 17955
1796000.0 1796500.0   CHOL 286 17960 17965
1796500.0 1797000.0   CHOL 281 17965 17970
1799000.0 1799500.0   CHOL 281 17990 17995
1800000.0 1800500.0   CHOL 281 18000 18005
1805000.0 1805500.0   CHOL 286 18050 18055
1807500.0 1808000.0   CHOL 286 18075 18080
1810000.0 1810500.0   CHOL 286 18100 18105
1812000.0 1812500.0   CHOL 286 18120 18125
1814000.0 1814500.0   CHOL 263 18140 18145
1814000.0 1814500.0   CHOL 286 18140 18145
1816500.0 1817000.0   CHOL 286 18165 18170
1818500.0 1819000.0   CHOL 286 18185 18190
1820000.0 1820500.0   CHOL 286 18200 18205
1822000.0 1822500.0   CHOL 286 18220 18225
1823500.0 1824000.0   CHOL 286 18235 18240
1826000.0 1826500.0   CHOL 286 18260 18265
1827500.0 1828000.0   CHOL 286 18275 18280
1830500.0 1831000.0   CHOL 286 18305 18310
1833000.0 1833500.0   CHOL 286 18330 18335
1834500.0 1835000.0   CHOL 286 18345 18350
1836000.0 1836500.0   CHOL 286 18360 18365
1837500.0 1838000.0   CHOL 264 18375 18380
1838500.0 1839000.0   CHOL 286 18385 18390
1841500.0 1842000.0   CHOL 286 18415 18420
1843000.0 1843500.0   CHOL 286 18430 18435
1844000.0 1844500.0   CHOL 286 18440 18445
1844500.0 1845000.0   CHOL 285 18445 18450
1845500.0 1846000.0   CHOL 285 18455 18460
1846000.0 1846500.0   CHOL 283 18460 18465
1846000.0 1846500.0   CHOL 286 18460 18465
1846500.0 1847000.0   CHOL 261 18465 18470
1847500.0 1848000.0   CHOL 286 18475 18480
1849500.0 1850000.0   CHOL 286 18495 18500
1851000.0 1851500.0   CHOL 286 18510 18515
1853000.0 1853500.0   CHOL 286 18530 18535
1855000.0 1855500.0   CHOL 286 18550 18555
1856000.0 1856500.0   CHOL 286 18560 18565
1857500.0 1858000.0   CHOL 286 18575 18580
1859500.0 1860000.0   CHOL 286 18595 18600
1861500.0 1862000.0   CHOL 286 18615 18620
1864000.0 1864500.0   CHOL 286 18640 18645
1866500.0 1867000.0   CHOL 286 18665 18670
1867000.0 1867500.0   CHOL 274 18670 18675
1869000.0 1869500.0   CHOL 286 18690 18695
1871500.0 1872000.0   CHOL 286 18715 18720
1873000.0 1873500.0   CHOL 286 18730 18735
1874500.0 1875000.0   CHOL 286 18745 18750
1875500.0 1876000.0   CHOL 286 18755 18760
1877000.0 1877500.0   CHOL 286 18770 18775
1879500.0 1880000.0   CHOL 286 18795 18800
1881000.0 1881500.0   CHOL 286 18810 18815
1885000.0 1885500.0   CHOL 286 18850 18855
1886500.0 1887000.0   CHOL 286 18865 18870
1889500.0 1890000.0   CHOL 286 18895 18900
1892000.0 1892500.0   CHOL 286 18920 18925
1892500.0 1893000.0   CHOL 262 18925 18930
1893500.0 1894000.0   CHOL 286 18935 18940
1895000.0 1895500.0   CHOL 286 18950 18955
1897500.0 1898000.0   CHOL 286 18975 18980
1900000.0 1900500.0   CHOL 278 19000 19005
1900000.0 1900500.0   CHOL 286 19000 19005
1901000.0 1901500.0   CHOL 278 19010 19015
1901500.0 1902000.0   CHOL 286 19015 19020
1902500.0 1903000.0   CHOL 272 19025 19030
1902500.0 1903000.0   CHOL 286 19025 19030
1904500.0 1905000.0   CHOL 286 19045 19050
1905000.0 1905500.0   CHOL 285 19050 19055
1907000.0 1907500.0   CHOL 286 19070 19075
1909000.0 1909500.0   CHOL 286 19090 19095
1910000.0 1910500.0   CHOL 286 19100 19105
1911500.0 1912000.0   CHOL 286 19115 19120
1913500.0 1914000.0   CHOL 286 19135 19140
1917000.0 1917500.0   CHOL 286 19170 19175
1920000.0 1920500.0   CHOL 286 19200 19205
1923000.0 1923500.0   CHOL 286 19230 19235
1925000.0 1925500.0   CHOL 261 19250 19255
1925000.0 1925500.0   CHOL 286 19250 19255
1926000.0 1926500.0   CHOL 261 19260 19265
1926000.0 1926500.0   CHOL 286 19260 19265
1927500.0 1928000.0   CHOL 286 19275 19280
1929500.0 1930000.0   CHOL 286 19295 19300
1931000.0 1931500.0   CHOL 286 19310 19315
1932000.0 1932500.0   CHOL 265 19320 19325
1933000.0 1933500.0   CHOL 286 19330 19335
1935500.0 1936000.0   CHOL 286 19355 19360
1937000.0 1937500.0   CHOL 286 19370 19375
1939000.0 1939500.0   CHOL 286 19390 19395
1940500.0 1941000.0   CHOL 286 19405 19410
1941500.0 1942000.0   CHOL 286 19415 19420
1943000.0 1943500.0   CHOL 286 19430 19435
1947000.0 1947500.0   CHOL 286 19470 19475
1949000.0 1949500.0   CHOL 286 19490 19495
1951000.0 1951500.0   CHOL 286 19510 19515
1953500.0 1954000.0   CHOL 286 19535 19540
1954000.0 1954500.0   CHOL 272 19540 19545
1955500.0 1956000.0   CHOL 272 19555 19560
1956500.0 1957000.0   CHOL 272 19565 19570
1957000.0 1957500.0   CHOL 279 19570 19575
1957500.0 1958000.0   CHOL 286 19575 19580
1958500.0 1959000.0   CHOL 286 19585 19590
1962000.0 1962500.0   CHOL 286 19620 19625
1963000.0 1963500.0   CHOL 286 19630 19635
1963500.0 1964000.0   CHOL 275 19635 19640
1964500.0 1965000.0   CHOL 287 19645 19650
1966000.0 1966500.0   CHOL 286 19660 19665
1967000.0 1967500.0   CHOL 286 19670 19675
1968500.0 1969000.0   CHOL 286 19685 19690
1968500.0 1969000.0   CHOL 287 19685 19690
1970000.0 1970500.0   CHOL 286 19700 19705
1974500.0 1975000.0   CHOL 286 19745 19750
1975500.0 1976000.0   CHOL 287 19755 19760
1976500.0 1977000.0   CHOL 287 19765 19770
1977000.0 1977500.0   CHOL 286 19770 19775
1981000.0 1981500.0   CHOL 286 19810 19815
1983000.0 1983500.0   CHOL 286 19830 19835
1984000.0 1984500.0   CHOL 283 19840 19845
1985500.0 1986000.0   CHOL 286 19855 19860
1987000.0 1987500.0   CHOL 286 19870 19875
1990000.0 1990500.0   CHOL 286 19900 19905
1991000.0 1991500.0   CHOL 286 19910 19915
1995500.0 1996000.0   CHOL 286 19955 19960
1997500.0 1998000.0   CHOL 286 19975 19980
1999000.0 1999500.0   CHOL 286 19990 19995
