 Permeation events over simulation time.
 t(ns) Number of events
   0.00000000               0
   1.00000000               0
   2.00000000               0
   3.00000000               0
   4.00000000               0
   5.00000000               0
   6.00000000               0
   7.00000000               0
   8.00000000               0
   9.00000000               0
   10.0000000               0
   11.0000000               0
   12.0000000               0
   13.0000000               0
   14.0000000               0
   15.0000000               0
   16.0000000               0
   17.0000000               0
   18.0000000               0
   19.0000000               0
   20.0000000               0
   21.0000000               0
   22.0000000               1
   23.0000000               1
   24.0000000               1
   25.0000000               1
   26.0000000               1
   27.0000000               1
   28.0000000               1
   29.0000000               1
   30.0000000               1
   31.0000000               1
   32.0000000               1
   33.0000000               1
   34.0000000               1
   35.0000000               1
   36.0000000               1
   37.0000000               1
   38.0000000               1
   39.0000000               1
   40.0000000               1
   41.0000000               1
   42.0000000               1
   43.0000000               1
   44.0000000               1
   45.0000000               1
   46.0000000               1
   47.0000000               1
   48.0000000               1
   49.0000000               1
   50.0000000               1
   51.0000000               1
   52.0000000               1
   53.0000000               1
   54.0000000               1
   55.0000000               1
   56.0000000               1
   57.0000000               1
   58.0000000               1
   59.0000000               1
   60.0000000               1
   61.0000000               1
   62.0000000               1
   63.0000000               1
   64.0000000               1
   65.0000000               1
   66.0000000               1
   67.0000000               1
   68.0000000               1
   69.0000000               1
   70.0000000               1
   71.0000000               1
   72.0000000               1
   73.0000000               1
   74.0000000               1
   75.0000000               1
   76.0000000               1
   77.0000000               1
   78.0000000               1
   79.0000000               1
   80.0000000               1
   81.0000000               1
   82.0000000               1
   83.0000000               1
   84.0000000               1
   85.0000000               1
   86.0000000               1
   87.0000000               1
   88.0000000               1
   89.0000000               1
   90.0000000               1
   91.0000000               1
   92.0000000               1
   93.0000000               1
   94.0000000               1
   95.0000000               1
   96.0000000               1
   97.0000000               1
   98.0000000               1
   99.0000000               1
   100.000000               1
   101.000000               1
   102.000000               1
   103.000000               1
   104.000000               1
   105.000000               1
   106.000000               1
   107.000000               1
   108.000000               1
   109.000000               1
   110.000000               1
   111.000000               1
   112.000000               1
   113.000000               1
   114.000000               1
   115.000000               1
   116.000000               1
   117.000000               1
   118.000000               1
   119.000000               1
   120.000000               1
   121.000000               1
   122.000000               1
   123.000000               1
   124.000000               1
   125.000000               1
   126.000000               1
   127.000000               1
   128.000000               1
   129.000000               1
   130.000000               1
   131.000000               1
   132.000000               1
   133.000000               1
   134.000000               1
   135.000000               1
   136.000000               1
   137.000000               1
   138.000000               1
   139.000000               1
   140.000000               1
   141.000000               1
   142.000000               1
   143.000000               1
   144.000000               1
   145.000000               1
   146.000000               1
   147.000000               1
   148.000000               2
   149.000000               2
   150.000000               2
   151.000000               2
   152.000000               2
   153.000000               2
   154.000000               2
   155.000000               2
   156.000000               2
   157.000000               2
   158.000000               2
   159.000000               2
   160.000000               2
   161.000000               2
   162.000000               2
   163.000000               2
   164.000000               2
   165.000000               2
   166.000000               2
   167.000000               2
   168.000000               2
   169.000000               2
   170.000000               2
   171.000000               2
   172.000000               2
   173.000000               2
   174.000000               2
   175.000000               2
   176.000000               2
   177.000000               2
   178.000000               2
   179.000000               2
   180.000000               2
   181.000000               2
   182.000000               2
   183.000000               2
   184.000000               2
   185.000000               2
   186.000000               2
   187.000000               2
   188.000000               2
   189.000000               2
   190.000000               2
   191.000000               2
   192.000000               2
   193.000000               2
   194.000000               2
   195.000000               2
   196.000000               2
   197.000000               2
   198.000000               2
   199.000000               2
   200.000000               2
   201.000000               2
   202.000000               2
   203.000000               2
   204.000000               2
   205.000000               2
   206.000000               2
   207.000000               2
   208.000000               2
   209.000000               2
   210.000000               2
   211.000000               2
   212.000000               2
   213.000000               2
   214.000000               2
   215.000000               3
   216.000000               3
   217.000000               3
   218.000000               3
   219.000000               3
   220.000000               3
   221.000000               3
   222.000000               3
   223.000000               3
   224.000000               3
   225.000000               3
   226.000000               3
   227.000000               3
   228.000000               3
   229.000000               3
   230.000000               3
   231.000000               3
   232.000000               3
   233.000000               3
   234.000000               3
   235.000000               3
   236.000000               3
   237.000000               3
   238.000000               3
   239.000000               3
   240.000000               3
   241.000000               3
   242.000000               3
   243.000000               3
   244.000000               3
   245.000000               3
   246.000000               3
   247.000000               3
   248.000000               3
   249.000000               3
   250.000000               3
   251.000000               4
   252.000000               4
   253.000000               4
   254.000000               4
   255.000000               4
   256.000000               4
   257.000000               4
   258.000000               4
   259.000000               4
   260.000000               4
   261.000000               4
   262.000000               4
   263.000000               4
   264.000000               4
   265.000000               4
   266.000000               4
   267.000000               4
   268.000000               4
   269.000000               4
   270.000000               4
   271.000000               4
   272.000000               4
   273.000000               4
   274.000000               4
   275.000000               4
   276.000000               4
   277.000000               4
   278.000000               4
   279.000000               4
   280.000000               4
   281.000000               4
   282.000000               4
   283.000000               4
   284.000000               4
   285.000000               4
   286.000000               4
   287.000000               4
   288.000000               4
   289.000000               4
   290.000000               4
   291.000000               4
   292.000000               4
   293.000000               4
   294.000000               5
   295.000000               5
   296.000000               5
   297.000000               5
   298.000000               5
   299.000000               5
   300.000000               5
   301.000000               5
   302.000000               5
   303.000000               5
   304.000000               5
   305.000000               5
   306.000000               5
   307.000000               5
   308.000000               6
   309.000000               6
   310.000000               6
   311.000000               6
   312.000000               6
   313.000000               6
   314.000000               6
   315.000000               6
   316.000000               6
   317.000000               6
   318.000000               6
   319.000000               6
   320.000000               6
   321.000000               6
   322.000000               6
   323.000000               6
   324.000000               6
   325.000000               6
   326.000000               6
   327.000000               6
   328.000000               6
   329.000000               6
   330.000000               6
   331.000000               6
   332.000000               6
   333.000000               6
   334.000000               6
   335.000000               6
   336.000000               6
   337.000000               6
   338.000000               6
   339.000000               6
   340.000000               6
   341.000000               6
   342.000000               6
   343.000000               6
   344.000000               6
   345.000000               6
   346.000000               6
   347.000000               6
   348.000000               6
   349.000000               6
   350.000000               6
   351.000000               6
   352.000000               6
   353.000000               6
   354.000000               6
   355.000000               6
   356.000000               6
   357.000000               6
   358.000000               6
   359.000000               6
   360.000000               6
   361.000000               6
   362.000000               6
   363.000000               6
   364.000000               6
   365.000000               6
   366.000000               6
   367.000000               6
   368.000000               6
   369.000000               6
   370.000000               6
   371.000000               6
   372.000000               6
   373.000000               6
   374.000000               6
   375.000000               6
   376.000000               6
   377.000000               6
   378.000000               6
   379.000000               6
   380.000000               6
   381.000000               6
   382.000000               6
   383.000000               6
   384.000000               6
   385.000000               6
   386.000000               6
   387.000000               6
   388.000000               7
   389.000000               7
   390.000000               7
   391.000000               7
   392.000000               7
   393.000000               7
   394.000000               7
   395.000000               7
   396.000000               7
   397.000000               7
   398.000000               7
   399.000000               7
   400.000000               7
   401.000000               7
   402.000000               7
   403.000000               7
   404.000000               7
   405.000000               7
   406.000000               7
   407.000000               7
   408.000000               7
   409.000000               7
   410.000000               7
   411.000000               7
   412.000000               7
   413.000000               7
   414.000000               7
   415.000000               7
   416.000000               7
   417.000000               7
   418.000000               7
   419.000000               7
   420.000000               7
   421.000000               7
   422.000000               7
   423.000000               7
   424.000000               7
   425.000000               7
   426.000000               7
   427.000000               7
   428.000000               7
   429.000000               7
   430.000000               7
   431.000000               7
   432.000000               7
   433.000000               7
   434.000000               7
   435.000000               7
   436.000000               7
   437.000000               7
   438.000000               7
   439.000000               7
   440.000000               7
   441.000000               7
   442.000000               7
   443.000000               7
   444.000000               7
   445.000000               7
   446.000000               7
   447.000000               7
   448.000000               7
   449.000000               7
   450.000000               7
   451.000000               7
   452.000000               7
   453.000000               7
   454.000000               7
   455.000000               7
   456.000000               7
   457.000000               7
   458.000000               7
   459.000000               7
   460.000000               7
   461.000000               7
   462.000000               7
   463.000000               7
   464.000000               7
   465.000000               7
   466.000000               7
   467.000000               7
   468.000000               7
   469.000000               8
   470.000000               8
   471.000000               8
   472.000000               8
   473.000000               8
   474.000000               8
   475.000000               8
   476.000000               8
   477.000000               8
   478.000000               8
   479.000000               8
   480.000000               8
   481.000000               8
   482.000000               8
   483.000000               8
   484.000000               8
   485.000000               8
   486.000000               8
   487.000000               8
   488.000000               8
   489.000000               8
   490.000000               8
   491.000000               8
   492.000000               8
   493.000000               8
   494.000000               8
   495.000000               8
   496.000000               8
   497.000000               8
   498.000000               8
   499.000000               8
   500.000000               8
   501.000000               8
   502.000000               8
   503.000000               8
   504.000000               8
   505.000000               8
   506.000000               8
   507.000000               8
   508.000000               8
   509.000000               8
   510.000000               8
   511.000000               8
   512.000000               8
   513.000000               8
   514.000000               8
   515.000000               8
   516.000000               8
   517.000000               8
   518.000000               8
   519.000000               8
   520.000000               8
   521.000000               9
   522.000000               9
   523.000000               9
   524.000000               9
   525.000000               9
   526.000000               9
   527.000000               9
   528.000000               9
   529.000000               9
   530.000000               9
   531.000000               9
   532.000000               9
   533.000000              10
   534.000000              10
   535.000000              10
   536.000000              10
   537.000000              10
   538.000000              10
   539.000000              10
   540.000000              10
   541.000000              10
   542.000000              10
   543.000000              10
   544.000000              10
   545.000000              10
   546.000000              10
   547.000000              10
   548.000000              10
   549.000000              10
   550.000000              10
   551.000000              10
   552.000000              10
   553.000000              10
   554.000000              10
   555.000000              10
   556.000000              10
   557.000000              10
   558.000000              10
   559.000000              10
   560.000000              10
   561.000000              10
   562.000000              10
   563.000000              10
   564.000000              10
   565.000000              10
   566.000000              10
   567.000000              10
   568.000000              10
   569.000000              10
   570.000000              10
   571.000000              10
   572.000000              10
   573.000000              10
   574.000000              10
   575.000000              10
   576.000000              10
   577.000000              10
   578.000000              10
   579.000000              10
   580.000000              10
   581.000000              10
   582.000000              10
   583.000000              10
   584.000000              10
   585.000000              10
   586.000000              10
   587.000000              10
   588.000000              10
   589.000000              10
   590.000000              10
   591.000000              10
   592.000000              10
   593.000000              10
   594.000000              10
   595.000000              10
   596.000000              10
   597.000000              10
   598.000000              10
   599.000000              10
   600.000000              10
   601.000000              10
   602.000000              10
   603.000000              10
   604.000000              10
   605.000000              10
   606.000000              10
   607.000000              10
   608.000000              10
   609.000000              10
   610.000000              10
   611.000000              10
   612.000000              10
   613.000000              10
   614.000000              10
   615.000000              10
   616.000000              10
   617.000000              10
   618.000000              10
   619.000000              10
   620.000000              10
   621.000000              10
   622.000000              10
   623.000000              10
   624.000000              10
   625.000000              10
   626.000000              10
   627.000000              10
   628.000000              10
   629.000000              10
   630.000000              10
   631.000000              10
   632.000000              10
   633.000000              10
   634.000000              10
   635.000000              10
   636.000000              10
   637.000000              10
   638.000000              10
   639.000000              10
   640.000000              10
   641.000000              10
   642.000000              10
   643.000000              10
   644.000000              10
   645.000000              10
   646.000000              10
   647.000000              10
   648.000000              10
   649.000000              10
   650.000000              10
   651.000000              10
   652.000000              10
   653.000000              10
   654.000000              10
   655.000000              10
   656.000000              10
   657.000000              10
   658.000000              10
   659.000000              10
   660.000000              10
   661.000000              10
   662.000000              10
   663.000000              10
   664.000000              10
   665.000000              10
   666.000000              10
   667.000000              10
   668.000000              10
   669.000000              10
   670.000000              10
   671.000000              10
   672.000000              10
   673.000000              10
   674.000000              10
   675.000000              10
   676.000000              10
   677.000000              10
   678.000000              10
   679.000000              10
   680.000000              10
   681.000000              10
   682.000000              10
   683.000000              10
   684.000000              10
   685.000000              10
   686.000000              10
   687.000000              10
   688.000000              10
   689.000000              10
   690.000000              10
   691.000000              10
   692.000000              11
   693.000000              11
   694.000000              11
   695.000000              11
   696.000000              11
   697.000000              11
   698.000000              11
   699.000000              11
   700.000000              11
   701.000000              11
   702.000000              11
   703.000000              11
   704.000000              11
   705.000000              11
   706.000000              11
   707.000000              11
   708.000000              11
   709.000000              11
   710.000000              11
   711.000000              11
   712.000000              11
   713.000000              11
   714.000000              11
   715.000000              11
   716.000000              11
   717.000000              11
   718.000000              11
   719.000000              11
   720.000000              11
   721.000000              11
   722.000000              11
   723.000000              11
   724.000000              11
   725.000000              11
   726.000000              11
   727.000000              11
   728.000000              11
   729.000000              11
   730.000000              11
   731.000000              11
   732.000000              11
   733.000000              11
   734.000000              11
   735.000000              11
   736.000000              11
   737.000000              11
   738.000000              11
   739.000000              11
   740.000000              11
   741.000000              11
   742.000000              11
   743.000000              11
   744.000000              11
   745.000000              11
   746.000000              11
   747.000000              11
   748.000000              11
   749.000000              11
   750.000000              11
   751.000000              11
   752.000000              11
   753.000000              11
   754.000000              11
   755.000000              11
   756.000000              11
   757.000000              11
   758.000000              12
   759.000000              12
   760.000000              12
   761.000000              12
   762.000000              12
   763.000000              12
   764.000000              12
   765.000000              12
   766.000000              12
   767.000000              12
   768.000000              12
   769.000000              12
   770.000000              12
   771.000000              12
   772.000000              12
   773.000000              12
   774.000000              12
   775.000000              12
   776.000000              12
   777.000000              13
   778.000000              13
   779.000000              13
   780.000000              13
   781.000000              13
   782.000000              13
   783.000000              13
   784.000000              13
   785.000000              13
   786.000000              13
   787.000000              13
   788.000000              13
   789.000000              13
   790.000000              13
   791.000000              13
   792.000000              13
   793.000000              13
   794.000000              13
   795.000000              13
   796.000000              13
   797.000000              13
   798.000000              13
   799.000000              13
   800.000000              13
   801.000000              13
   802.000000              13
   803.000000              13
   804.000000              13
   805.000000              13
   806.000000              13
   807.000000              13
   808.000000              13
   809.000000              13
   810.000000              13
   811.000000              13
   812.000000              13
   813.000000              13
   814.000000              14
   815.000000              14
   816.000000              14
   817.000000              14
   818.000000              14
   819.000000              14
   820.000000              14
   821.000000              14
   822.000000              14
   823.000000              14
   824.000000              14
   825.000000              14
   826.000000              14
   827.000000              14
   828.000000              14
   829.000000              14
   830.000000              14
   831.000000              14
   832.000000              14
   833.000000              15
   834.000000              15
   835.000000              15
   836.000000              15
   837.000000              15
   838.000000              15
   839.000000              15
   840.000000              15
   841.000000              15
   842.000000              15
   843.000000              15
   844.000000              15
   845.000000              16
   846.000000              16
   847.000000              16
   848.000000              16
   849.000000              16
   850.000000              17
   851.000000              18
   852.000000              18
   853.000000              18
   854.000000              18
   855.000000              18
   856.000000              18
   857.000000              18
   858.000000              18
   859.000000              18
   860.000000              18
   861.000000              18
   862.000000              18
   863.000000              18
   864.000000              18
   865.000000              18
   866.000000              18
   867.000000              18
   868.000000              18
   869.000000              18
   870.000000              18
   871.000000              18
   872.000000              18
   873.000000              18
   874.000000              18
   875.000000              18
   876.000000              18
   877.000000              18
   878.000000              18
   879.000000              18
   880.000000              18
   881.000000              18
   882.000000              18
   883.000000              18
   884.000000              18
   885.000000              18
   886.000000              18
   887.000000              18
   888.000000              18
   889.000000              18
   890.000000              18
   891.000000              18
   892.000000              18
   893.000000              18
   894.000000              18
   895.000000              18
   896.000000              18
   897.000000              18
   898.000000              18
   899.000000              18
   900.000000              18
