 Permeation events over simulation time.
 t(ns) Number of events
   0.00000000               0
   1.00000000               0
   2.00000000               0
   3.00000000               0
   4.00000000               0
   5.00000000               0
   6.00000000               0
   7.00000000               0
   8.00000000               0
   9.00000000               0
   10.0000000               0
   11.0000000               0
   12.0000000               0
   13.0000000               0
   14.0000000               0
   15.0000000               0
   16.0000000               0
   17.0000000               0
   18.0000000               0
   19.0000000               0
   20.0000000               0
   21.0000000               0
   22.0000000               0
   23.0000000               0
   24.0000000               0
   25.0000000               0
   26.0000000               0
   27.0000000               0
   28.0000000               0
   29.0000000               0
   30.0000000               0
   31.0000000               0
   32.0000000               0
   33.0000000               0
   34.0000000               0
   35.0000000               0
   36.0000000               0
   37.0000000               0
   38.0000000               0
   39.0000000               0
   40.0000000               0
   41.0000000               0
   42.0000000               0
   43.0000000               0
   44.0000000               0
   45.0000000               0
   46.0000000               0
   47.0000000               0
   48.0000000               0
   49.0000000               0
   50.0000000               0
   51.0000000               0
   52.0000000               0
   53.0000000               0
   54.0000000               0
   55.0000000               0
   56.0000000               0
   57.0000000               0
   58.0000000               0
   59.0000000               0
   60.0000000               0
   61.0000000               0
   62.0000000               0
   63.0000000               0
   64.0000000               0
   65.0000000               0
   66.0000000               0
   67.0000000               0
   68.0000000               0
   69.0000000               0
   70.0000000               0
   71.0000000               0
   72.0000000               0
   73.0000000               0
   74.0000000               0
   75.0000000               0
   76.0000000               0
   77.0000000               0
   78.0000000               0
   79.0000000               0
   80.0000000               0
   81.0000000               0
   82.0000000               0
   83.0000000               0
   84.0000000               0
   85.0000000               0
   86.0000000               0
   87.0000000               0
   88.0000000               0
   89.0000000               0
   90.0000000               0
   91.0000000               0
   92.0000000               0
   93.0000000               0
   94.0000000               0
   95.0000000               0
   96.0000000               0
   97.0000000               0
   98.0000000               0
   99.0000000               0
   100.000000               0
   101.000000               0
   102.000000               0
   103.000000               0
   104.000000               0
   105.000000               0
   106.000000               0
   107.000000               1
   108.000000               2
   109.000000               2
   110.000000               2
   111.000000               2
   112.000000               2
   113.000000               2
   114.000000               2
   115.000000               2
   116.000000               2
   117.000000               2
   118.000000               2
   119.000000               2
   120.000000               2
   121.000000               2
   122.000000               2
   123.000000               2
   124.000000               2
   125.000000               2
   126.000000               2
   127.000000               2
   128.000000               2
   129.000000               2
   130.000000               2
   131.000000               2
   132.000000               2
   133.000000               2
   134.000000               2
   135.000000               2
   136.000000               2
   137.000000               2
   138.000000               2
   139.000000               2
   140.000000               2
   141.000000               2
   142.000000               2
   143.000000               2
   144.000000               2
   145.000000               2
   146.000000               2
   147.000000               2
   148.000000               2
   149.000000               2
   150.000000               2
   151.000000               2
   152.000000               2
   153.000000               2
   154.000000               2
   155.000000               2
   156.000000               2
   157.000000               2
   158.000000               2
   159.000000               2
   160.000000               2
   161.000000               2
   162.000000               2
   163.000000               2
   164.000000               2
   165.000000               2
   166.000000               2
   167.000000               2
   168.000000               2
   169.000000               2
   170.000000               2
   171.000000               2
   172.000000               2
   173.000000               2
   174.000000               2
   175.000000               2
   176.000000               2
   177.000000               2
   178.000000               2
   179.000000               2
   180.000000               2
   181.000000               2
   182.000000               2
   183.000000               2
   184.000000               2
   185.000000               2
   186.000000               2
   187.000000               2
   188.000000               2
   189.000000               2
   190.000000               2
   191.000000               2
   192.000000               2
   193.000000               2
   194.000000               2
   195.000000               2
   196.000000               2
   197.000000               2
   198.000000               2
   199.000000               2
   200.000000               2
   201.000000               2
   202.000000               2
   203.000000               2
   204.000000               2
   205.000000               2
   206.000000               2
   207.000000               2
   208.000000               2
   209.000000               2
   210.000000               2
   211.000000               2
   212.000000               2
   213.000000               2
   214.000000               2
   215.000000               2
   216.000000               2
   217.000000               2
   218.000000               2
   219.000000               2
   220.000000               2
   221.000000               2
   222.000000               2
   223.000000               2
   224.000000               2
   225.000000               2
   226.000000               2
   227.000000               2
   228.000000               2
   229.000000               2
   230.000000               2
   231.000000               2
   232.000000               2
   233.000000               2
   234.000000               2
   235.000000               2
   236.000000               2
   237.000000               2
   238.000000               2
   239.000000               2
   240.000000               2
   241.000000               2
   242.000000               2
   243.000000               2
   244.000000               2
   245.000000               2
   246.000000               2
   247.000000               2
   248.000000               2
   249.000000               2
   250.000000               2
   251.000000               2
   252.000000               2
   253.000000               2
   254.000000               2
   255.000000               2
   256.000000               2
   257.000000               2
   258.000000               2
   259.000000               2
   260.000000               2
   261.000000               2
   262.000000               2
   263.000000               2
   264.000000               2
   265.000000               2
   266.000000               2
   267.000000               2
   268.000000               2
   269.000000               2
   270.000000               2
   271.000000               2
   272.000000               2
   273.000000               2
   274.000000               2
   275.000000               2
   276.000000               2
   277.000000               2
   278.000000               2
   279.000000               2
   280.000000               2
   281.000000               2
   282.000000               2
   283.000000               2
   284.000000               2
   285.000000               2
   286.000000               2
   287.000000               2
   288.000000               2
   289.000000               2
   290.000000               2
   291.000000               2
   292.000000               2
   293.000000               2
   294.000000               2
   295.000000               2
   296.000000               2
   297.000000               2
   298.000000               2
   299.000000               2
   300.000000               2
   301.000000               2
   302.000000               2
   303.000000               2
   304.000000               2
   305.000000               2
   306.000000               2
   307.000000               2
   308.000000               2
   309.000000               2
   310.000000               2
   311.000000               2
   312.000000               2
   313.000000               2
   314.000000               2
   315.000000               2
   316.000000               2
   317.000000               2
   318.000000               2
   319.000000               2
   320.000000               2
   321.000000               2
   322.000000               2
   323.000000               2
   324.000000               2
   325.000000               2
   326.000000               2
   327.000000               2
   328.000000               2
   329.000000               2
   330.000000               2
   331.000000               2
   332.000000               2
   333.000000               2
   334.000000               2
   335.000000               2
   336.000000               2
   337.000000               2
   338.000000               2
   339.000000               2
   340.000000               2
   341.000000               2
   342.000000               2
   343.000000               2
   344.000000               2
   345.000000               2
   346.000000               2
   347.000000               2
   348.000000               2
   349.000000               2
   350.000000               2
   351.000000               2
   352.000000               2
   353.000000               2
   354.000000               2
   355.000000               2
   356.000000               2
   357.000000               2
   358.000000               2
   359.000000               2
   360.000000               2
   361.000000               2
   362.000000               2
   363.000000               2
   364.000000               2
   365.000000               2
   366.000000               2
   367.000000               2
   368.000000               2
   369.000000               2
   370.000000               2
   371.000000               2
   372.000000               2
   373.000000               2
   374.000000               2
   375.000000               2
   376.000000               2
   377.000000               2
   378.000000               2
   379.000000               2
   380.000000               2
   381.000000               2
   382.000000               2
   383.000000               2
   384.000000               2
   385.000000               2
   386.000000               2
   387.000000               2
   388.000000               2
   389.000000               2
   390.000000               2
   391.000000               2
   392.000000               2
   393.000000               2
   394.000000               2
   395.000000               2
   396.000000               2
   397.000000               2
   398.000000               2
   399.000000               2
   400.000000               2
   401.000000               2
   402.000000               2
   403.000000               2
   404.000000               2
   405.000000               2
   406.000000               2
   407.000000               2
   408.000000               2
   409.000000               2
   410.000000               2
   411.000000               3
   412.000000               4
   413.000000               4
   414.000000               4
   415.000000               4
   416.000000               4
   417.000000               4
   418.000000               4
   419.000000               4
   420.000000               4
   421.000000               4
   422.000000               4
   423.000000               4
   424.000000               4
   425.000000               4
   426.000000               4
   427.000000               4
   428.000000               4
   429.000000               4
   430.000000               4
   431.000000               4
   432.000000               4
   433.000000               4
   434.000000               4
   435.000000               4
   436.000000               4
   437.000000               4
   438.000000               4
   439.000000               4
   440.000000               4
   441.000000               4
   442.000000               4
   443.000000               4
   444.000000               4
   445.000000               4
   446.000000               4
   447.000000               4
   448.000000               4
   449.000000               4
   450.000000               4
   451.000000               4
   452.000000               4
   453.000000               4
   454.000000               4
   455.000000               4
   456.000000               4
   457.000000               4
   458.000000               4
   459.000000               4
   460.000000               4
   461.000000               4
   462.000000               4
   463.000000               4
   464.000000               4
   465.000000               4
   466.000000               4
   467.000000               4
   468.000000               4
   469.000000               4
   470.000000               4
   471.000000               4
   472.000000               4
   473.000000               4
   474.000000               4
   475.000000               4
   476.000000               4
   477.000000               4
   478.000000               4
   479.000000               4
   480.000000               4
   481.000000               4
   482.000000               4
   483.000000               4
   484.000000               4
   485.000000               4
   486.000000               4
   487.000000               4
   488.000000               4
   489.000000               4
   490.000000               4
   491.000000               4
   492.000000               4
   493.000000               4
   494.000000               4
   495.000000               4
   496.000000               4
   497.000000               4
   498.000000               4
   499.000000               4
   500.000000               4
   501.000000               4
   502.000000               4
   503.000000               4
   504.000000               4
   505.000000               4
   506.000000               4
   507.000000               4
   508.000000               4
   509.000000               4
   510.000000               4
   511.000000               4
   512.000000               4
   513.000000               4
   514.000000               4
   515.000000               4
   516.000000               4
   517.000000               4
   518.000000               4
   519.000000               4
   520.000000               4
   521.000000               4
   522.000000               4
   523.000000               4
   524.000000               4
   525.000000               4
   526.000000               4
   527.000000               4
   528.000000               4
   529.000000               4
   530.000000               4
   531.000000               4
   532.000000               5
   533.000000               6
   534.000000               6
   535.000000               6
   536.000000               6
   537.000000               6
   538.000000               6
   539.000000               6
   540.000000               6
   541.000000               6
   542.000000               6
   543.000000               6
   544.000000               6
   545.000000               6
   546.000000               6
   547.000000               6
   548.000000               6
   549.000000               6
   550.000000               6
   551.000000               6
   552.000000               6
   553.000000               6
   554.000000               6
   555.000000               6
   556.000000               6
   557.000000               6
   558.000000               6
   559.000000               6
   560.000000               6
   561.000000               6
   562.000000               6
   563.000000               6
   564.000000               6
   565.000000               6
   566.000000               6
   567.000000               6
   568.000000               6
   569.000000               6
   570.000000               6
   571.000000               6
   572.000000               6
   573.000000               6
   574.000000               6
   575.000000               6
   576.000000               6
   577.000000               6
   578.000000               6
   579.000000               6
   580.000000               6
   581.000000               6
   582.000000               6
   583.000000               6
   584.000000               6
   585.000000               6
   586.000000               6
   587.000000               6
   588.000000               6
   589.000000               6
   590.000000               6
   591.000000               6
   592.000000               6
   593.000000               6
   594.000000               6
   595.000000               6
   596.000000               6
   597.000000               7
   598.000000               8
   599.000000               8
   600.000000               8
   601.000000               8
   602.000000               8
   603.000000               8
   604.000000               8
   605.000000               8
   606.000000               8
   607.000000               8
   608.000000               8
   609.000000               8
   610.000000               8
   611.000000               8
   612.000000               8
   613.000000               8
   614.000000               8
   615.000000               8
   616.000000               8
   617.000000               8
   618.000000               8
   619.000000               8
   620.000000               8
   621.000000               8
   622.000000               8
   623.000000               8
   624.000000               8
   625.000000               8
   626.000000               8
   627.000000               8
   628.000000               8
   629.000000               8
   630.000000               8
   631.000000               8
   632.000000               8
   633.000000               8
   634.000000               8
   635.000000               8
   636.000000               8
   637.000000               8
   638.000000               8
   639.000000               8
   640.000000               8
   641.000000               8
   642.000000               8
   643.000000               8
   644.000000               8
   645.000000               8
   646.000000               8
   647.000000               8
   648.000000               8
   649.000000               8
   650.000000               8
   651.000000               8
   652.000000               8
   653.000000               8
   654.000000               8
   655.000000               8
   656.000000               8
   657.000000               8
   658.000000               8
   659.000000               8
   660.000000               8
   661.000000               8
   662.000000               8
   663.000000               8
   664.000000               8
   665.000000               8
   666.000000               8
   667.000000               8
   668.000000               8
   669.000000               8
   670.000000               8
   671.000000               8
   672.000000               8
   673.000000               8
   674.000000               8
   675.000000               8
   676.000000               8
   677.000000               8
   678.000000               8
   679.000000               8
   680.000000               8
   681.000000               8
   682.000000               8
   683.000000               8
   684.000000               8
   685.000000               8
   686.000000               8
   687.000000               8
   688.000000               8
   689.000000               8
   690.000000               8
   691.000000               8
   692.000000               8
   693.000000               8
   694.000000               8
   695.000000               8
   696.000000               8
   697.000000               8
   698.000000               8
   699.000000               8
   700.000000               8
   701.000000               8
   702.000000               8
   703.000000               8
   704.000000               8
   705.000000               8
   706.000000               8
   707.000000               8
   708.000000               8
   709.000000               8
   710.000000               8
   711.000000               8
   712.000000               8
   713.000000               8
   714.000000               8
   715.000000               8
   716.000000               8
   717.000000               8
   718.000000               8
   719.000000               8
   720.000000               8
   721.000000               8
   722.000000               8
   723.000000               8
   724.000000               8
   725.000000               8
   726.000000               8
   727.000000               8
   728.000000               8
   729.000000               8
   730.000000               8
   731.000000               8
   732.000000               8
   733.000000               8
   734.000000               8
   735.000000               8
   736.000000               8
   737.000000               8
   738.000000               8
   739.000000               8
   740.000000               8
   741.000000               8
   742.000000               8
   743.000000               8
   744.000000               8
   745.000000               8
   746.000000               8
   747.000000               8
   748.000000               8
   749.000000               8
   750.000000               8
   751.000000               8
   752.000000               8
   753.000000               8
   754.000000               8
   755.000000               8
   756.000000               8
   757.000000               8
   758.000000               8
   759.000000               8
   760.000000               8
   761.000000               8
   762.000000               8
   763.000000               8
   764.000000               8
   765.000000               8
   766.000000               8
   767.000000               8
   768.000000               8
   769.000000               8
   770.000000               8
   771.000000               8
   772.000000               8
   773.000000               8
   774.000000               8
   775.000000               8
   776.000000               8
   777.000000               8
   778.000000               8
   779.000000               8
   780.000000               8
   781.000000               9
   782.000000              10
   783.000000              10
   784.000000              10
   785.000000              10
   786.000000              10
   787.000000              10
   788.000000              10
   789.000000              10
   790.000000              10
   791.000000              10
   792.000000              10
   793.000000              10
   794.000000              10
   795.000000              10
   796.000000              10
   797.000000              10
   798.000000              10
   799.000000              10
   800.000000              10
   801.000000              10
   802.000000              10
   803.000000              10
   804.000000              10
   805.000000              10
   806.000000              10
   807.000000              10
   808.000000              10
   809.000000              10
   810.000000              10
   811.000000              10
   812.000000              10
   813.000000              10
   814.000000              10
   815.000000              10
   816.000000              10
   817.000000              10
   818.000000              10
   819.000000              10
   820.000000              10
   821.000000              10
   822.000000              10
   823.000000              10
   824.000000              10
   825.000000              10
   826.000000              10
   827.000000              10
   828.000000              10
   829.000000              10
   830.000000              10
   831.000000              10
   832.000000              10
   833.000000              10
   834.000000              10
   835.000000              10
   836.000000              10
   837.000000              10
   838.000000              10
   839.000000              10
   840.000000              10
   841.000000              10
   842.000000              10
   843.000000              10
   844.000000              10
   845.000000              10
   846.000000              10
   847.000000              10
   848.000000              10
   849.000000              10
   850.000000              10
   851.000000              10
   852.000000              10
   853.000000              10
   854.000000              10
   855.000000              10
   856.000000              10
   857.000000              10
   858.000000              10
   859.000000              10
   860.000000              10
   861.000000              10
   862.000000              10
   863.000000              10
   864.000000              10
   865.000000              10
   866.000000              10
   867.000000              10
   868.000000              10
   869.000000              10
   870.000000              10
   871.000000              10
   872.000000              10
   873.000000              10
   874.000000              10
   875.000000              10
   876.000000              10
   877.000000              10
   878.000000              10
   879.000000              10
   880.000000              10
   881.000000              10
   882.000000              10
   883.000000              10
   884.000000              10
   885.000000              10
   886.000000              10
   887.000000              10
   888.000000              10
   889.000000              10
   890.000000              10
   891.000000              10
   892.000000              10
   893.000000              10
   894.000000              10
   895.000000              10
   896.000000              10
   897.000000              10
   898.000000              10
   899.000000              10
   900.000000              10
