 Permeation events over simulation time.
 t(ns) Number of events
   0.00000000               0
   1.00000000               0
   2.00000000               0
   3.00000000               0
   4.00000000               0
   5.00000000               0
   6.00000000               0
   7.00000000               0
   8.00000000               0
   9.00000000               0
   10.0000000               0
   11.0000000               0
   12.0000000               0
   13.0000000               0
   14.0000000               0
   15.0000000               0
   16.0000000               0
   17.0000000               0
   18.0000000               0
   19.0000000               0
   20.0000000               0
   21.0000000               0
   22.0000000               0
   23.0000000               0
   24.0000000               0
   25.0000000               0
   26.0000000               0
   27.0000000               0
   28.0000000               0
   29.0000000               0
   30.0000000               0
   31.0000000               1
   32.0000000               1
   33.0000000               1
   34.0000000               1
   35.0000000               1
   36.0000000               1
   37.0000000               1
   38.0000000               1
   39.0000000               1
   40.0000000               1
   41.0000000               1
   42.0000000               1
   43.0000000               1
   44.0000000               1
   45.0000000               1
   46.0000000               1
   47.0000000               1
   48.0000000               1
   49.0000000               1
   50.0000000               1
   51.0000000               1
   52.0000000               1
   53.0000000               1
   54.0000000               1
   55.0000000               1
   56.0000000               1
   57.0000000               1
   58.0000000               1
   59.0000000               1
   60.0000000               1
   61.0000000               1
   62.0000000               1
   63.0000000               2
   64.0000000               2
   65.0000000               2
   66.0000000               2
   67.0000000               2
   68.0000000               2
   69.0000000               2
   70.0000000               2
   71.0000000               2
   72.0000000               2
   73.0000000               2
   74.0000000               2
   75.0000000               2
   76.0000000               2
   77.0000000               2
   78.0000000               2
   79.0000000               2
   80.0000000               2
   81.0000000               2
   82.0000000               2
   83.0000000               3
   84.0000000               3
   85.0000000               3
   86.0000000               3
   87.0000000               3
   88.0000000               3
   89.0000000               3
   90.0000000               3
   91.0000000               3
   92.0000000               3
   93.0000000               3
   94.0000000               3
   95.0000000               3
   96.0000000               3
   97.0000000               3
   98.0000000               3
   99.0000000               3
   100.000000               3
   101.000000               3
   102.000000               3
   103.000000               3
   104.000000               3
   105.000000               3
   106.000000               3
   107.000000               3
   108.000000               3
   109.000000               3
   110.000000               3
   111.000000               3
   112.000000               3
   113.000000               3
   114.000000               3
   115.000000               3
   116.000000               3
   117.000000               3
   118.000000               3
   119.000000               3
   120.000000               3
   121.000000               3
   122.000000               3
   123.000000               3
   124.000000               3
   125.000000               3
   126.000000               3
   127.000000               3
   128.000000               3
   129.000000               3
   130.000000               3
   131.000000               3
   132.000000               3
   133.000000               3
   134.000000               3
   135.000000               3
   136.000000               3
   137.000000               3
   138.000000               3
   139.000000               3
   140.000000               3
   141.000000               3
   142.000000               3
   143.000000               3
   144.000000               3
   145.000000               3
   146.000000               3
   147.000000               3
   148.000000               3
   149.000000               3
   150.000000               3
   151.000000               3
   152.000000               3
   153.000000               3
   154.000000               3
   155.000000               3
   156.000000               3
   157.000000               3
   158.000000               3
   159.000000               3
   160.000000               3
   161.000000               3
   162.000000               3
   163.000000               3
   164.000000               3
   165.000000               3
   166.000000               3
   167.000000               3
   168.000000               3
   169.000000               3
   170.000000               3
   171.000000               3
   172.000000               3
   173.000000               3
   174.000000               3
   175.000000               3
   176.000000               3
   177.000000               3
   178.000000               3
   179.000000               3
   180.000000               3
   181.000000               3
   182.000000               3
   183.000000               3
   184.000000               3
   185.000000               3
   186.000000               3
   187.000000               3
   188.000000               3
   189.000000               3
   190.000000               3
   191.000000               3
   192.000000               3
   193.000000               3
   194.000000               3
   195.000000               3
   196.000000               3
   197.000000               3
   198.000000               3
   199.000000               3
   200.000000               3
   201.000000               3
   202.000000               3
   203.000000               3
   204.000000               3
   205.000000               3
   206.000000               3
   207.000000               3
   208.000000               3
   209.000000               3
   210.000000               3
   211.000000               3
   212.000000               3
   213.000000               3
   214.000000               3
   215.000000               3
   216.000000               3
   217.000000               3
   218.000000               3
   219.000000               3
   220.000000               3
   221.000000               3
   222.000000               3
   223.000000               3
   224.000000               3
   225.000000               3
   226.000000               3
   227.000000               3
   228.000000               3
   229.000000               3
   230.000000               3
   231.000000               3
   232.000000               3
   233.000000               3
   234.000000               3
   235.000000               3
   236.000000               3
   237.000000               3
   238.000000               3
   239.000000               3
   240.000000               3
   241.000000               3
   242.000000               3
   243.000000               3
   244.000000               3
   245.000000               3
   246.000000               3
   247.000000               3
   248.000000               3
   249.000000               3
   250.000000               3
   251.000000               3
   252.000000               3
   253.000000               3
   254.000000               3
   255.000000               3
   256.000000               3
   257.000000               3
   258.000000               3
   259.000000               3
   260.000000               3
   261.000000               3
   262.000000               3
   263.000000               3
   264.000000               3
   265.000000               3
   266.000000               3
   267.000000               3
   268.000000               3
   269.000000               3
   270.000000               3
   271.000000               3
   272.000000               3
   273.000000               3
   274.000000               3
   275.000000               3
   276.000000               3
   277.000000               3
   278.000000               3
   279.000000               3
   280.000000               3
   281.000000               3
   282.000000               3
   283.000000               3
   284.000000               3
   285.000000               3
   286.000000               3
   287.000000               3
   288.000000               3
   289.000000               3
   290.000000               3
   291.000000               3
   292.000000               3
   293.000000               3
   294.000000               3
   295.000000               3
   296.000000               3
   297.000000               3
   298.000000               3
   299.000000               3
   300.000000               3
   301.000000               3
   302.000000               3
   303.000000               3
   304.000000               3
   305.000000               3
   306.000000               3
   307.000000               3
   308.000000               3
   309.000000               3
   310.000000               3
   311.000000               3
   312.000000               3
   313.000000               3
   314.000000               3
   315.000000               3
   316.000000               3
   317.000000               3
   318.000000               3
   319.000000               3
   320.000000               3
   321.000000               3
   322.000000               3
   323.000000               3
   324.000000               3
   325.000000               3
   326.000000               3
   327.000000               3
   328.000000               3
   329.000000               3
   330.000000               3
   331.000000               3
   332.000000               3
   333.000000               3
   334.000000               3
   335.000000               3
   336.000000               3
   337.000000               5
   338.000000               5
   339.000000               5
   340.000000               5
   341.000000               5
   342.000000               5
   343.000000               5
   344.000000               5
   345.000000               5
   346.000000               5
   347.000000               5
   348.000000               5
   349.000000               5
   350.000000               5
   351.000000               5
   352.000000               5
   353.000000               5
   354.000000               5
   355.000000               5
   356.000000               5
   357.000000               5
   358.000000               5
   359.000000               5
   360.000000               5
   361.000000               5
   362.000000               5
   363.000000               5
   364.000000               5
   365.000000               5
   366.000000               5
   367.000000               5
   368.000000               5
   369.000000               5
   370.000000               5
   371.000000               5
   372.000000               5
   373.000000               5
   374.000000               5
   375.000000               5
   376.000000               5
   377.000000               5
   378.000000               5
   379.000000               5
   380.000000               5
   381.000000               5
   382.000000               5
   383.000000               5
   384.000000               5
   385.000000               5
   386.000000               5
   387.000000               5
   388.000000               5
   389.000000               5
   390.000000               5
   391.000000               5
   392.000000               5
   393.000000               5
   394.000000               5
   395.000000               5
   396.000000               5
   397.000000               5
   398.000000               5
   399.000000               5
   400.000000               5
   401.000000               5
   402.000000               5
   403.000000               5
   404.000000               5
   405.000000               5
   406.000000               5
   407.000000               5
   408.000000               5
   409.000000               5
   410.000000               5
   411.000000               5
   412.000000               5
   413.000000               5
   414.000000               5
   415.000000               5
   416.000000               5
   417.000000               5
   418.000000               5
   419.000000               5
   420.000000               5
   421.000000               5
   422.000000               5
   423.000000               5
   424.000000               5
   425.000000               5
   426.000000               5
   427.000000               5
   428.000000               5
   429.000000               5
   430.000000               5
   431.000000               5
   432.000000               5
   433.000000               5
   434.000000               5
   435.000000               5
   436.000000               5
   437.000000               5
   438.000000               5
   439.000000               5
   440.000000               5
   441.000000               5
   442.000000               5
   443.000000               5
   444.000000               5
   445.000000               5
   446.000000               5
   447.000000               5
   448.000000               5
   449.000000               5
   450.000000               5
   451.000000               5
   452.000000               5
   453.000000               5
   454.000000               5
   455.000000               5
   456.000000               5
   457.000000               5
   458.000000               5
   459.000000               5
   460.000000               5
   461.000000               5
   462.000000               5
   463.000000               5
   464.000000               5
   465.000000               5
   466.000000               5
   467.000000               5
   468.000000               5
   469.000000               5
   470.000000               5
   471.000000               5
   472.000000               5
   473.000000               5
   474.000000               5
   475.000000               5
   476.000000               5
   477.000000               5
   478.000000               5
   479.000000               5
   480.000000               5
   481.000000               5
   482.000000               5
   483.000000               5
   484.000000               5
   485.000000               5
   486.000000               5
   487.000000               5
   488.000000               5
   489.000000               5
   490.000000               5
   491.000000               5
   492.000000               5
   493.000000               5
   494.000000               5
   495.000000               5
   496.000000               5
   497.000000               5
   498.000000               5
   499.000000               5
   500.000000               5
   501.000000               5
   502.000000               5
   503.000000               5
   504.000000               5
   505.000000               5
   506.000000               5
   507.000000               5
   508.000000               5
   509.000000               5
   510.000000               5
   511.000000               5
   512.000000               5
   513.000000               5
   514.000000               5
   515.000000               5
   516.000000               5
   517.000000               5
   518.000000               5
   519.000000               5
   520.000000               5
   521.000000               5
   522.000000               5
   523.000000               5
   524.000000               5
   525.000000               5
   526.000000               5
   527.000000               5
   528.000000               5
   529.000000               5
   530.000000               5
   531.000000               5
   532.000000               5
   533.000000               5
   534.000000               5
   535.000000               5
   536.000000               5
   537.000000               5
   538.000000               5
   539.000000               5
   540.000000               5
   541.000000               5
   542.000000               5
   543.000000               5
   544.000000               5
   545.000000               5
   546.000000               5
   547.000000               5
   548.000000               6
   549.000000               7
   550.000000               7
   551.000000               7
   552.000000               7
   553.000000               7
   554.000000               7
   555.000000               7
   556.000000               7
   557.000000               7
   558.000000               7
   559.000000               7
   560.000000               7
   561.000000               7
   562.000000               7
   563.000000               7
   564.000000               7
   565.000000               7
   566.000000               7
   567.000000               7
   568.000000               7
   569.000000               7
   570.000000               7
   571.000000               7
   572.000000               7
   573.000000               7
   574.000000               7
   575.000000               7
   576.000000               7
   577.000000               7
   578.000000               7
   579.000000               7
   580.000000               7
   581.000000               7
   582.000000               7
   583.000000               7
   584.000000               7
   585.000000               7
   586.000000               7
   587.000000               7
   588.000000               7
   589.000000               7
   590.000000               8
   591.000000               8
   592.000000               8
   593.000000               8
   594.000000               8
   595.000000               8
   596.000000               8
   597.000000               8
   598.000000               8
   599.000000               8
   600.000000               8
   601.000000               8
   602.000000               8
   603.000000               8
   604.000000               8
   605.000000               8
   606.000000               8
   607.000000               8
   608.000000               8
   609.000000               8
   610.000000               8
   611.000000               8
   612.000000               8
   613.000000               8
   614.000000               8
   615.000000               8
   616.000000               8
   617.000000               8
   618.000000               8
   619.000000               8
   620.000000               8
   621.000000               8
   622.000000               8
   623.000000               8
   624.000000               8
   625.000000               8
   626.000000               8
   627.000000               8
   628.000000               8
   629.000000               8
   630.000000               8
   631.000000               8
   632.000000               8
   633.000000               8
   634.000000               8
   635.000000               8
   636.000000               8
   637.000000               8
   638.000000               8
   639.000000               8
   640.000000               8
   641.000000               8
   642.000000               8
   643.000000               8
   644.000000               8
   645.000000               8
   646.000000               8
   647.000000               8
   648.000000               8
   649.000000               8
   650.000000               8
   651.000000               8
   652.000000               8
   653.000000               8
   654.000000               8
   655.000000               8
   656.000000               8
   657.000000               8
   658.000000               8
   659.000000               8
   660.000000               8
   661.000000               8
   662.000000               8
   663.000000               8
   664.000000               8
   665.000000               8
   666.000000               8
   667.000000               8
   668.000000               8
   669.000000               8
   670.000000               8
   671.000000               8
   672.000000               8
   673.000000               8
   674.000000               8
   675.000000               8
   676.000000               8
   677.000000               8
   678.000000               8
   679.000000               8
   680.000000               8
   681.000000               8
   682.000000               8
   683.000000               8
   684.000000               8
   685.000000               8
   686.000000               8
   687.000000               8
   688.000000               8
   689.000000               8
   690.000000               8
   691.000000               8
   692.000000               8
   693.000000               8
   694.000000               8
   695.000000               8
   696.000000               8
   697.000000               8
   698.000000               8
   699.000000               8
   700.000000               8
   701.000000               8
   702.000000               8
   703.000000               8
   704.000000               8
   705.000000               8
   706.000000               8
   707.000000               8
   708.000000               8
   709.000000               8
   710.000000               8
   711.000000               8
   712.000000               8
   713.000000               8
   714.000000               8
   715.000000               8
   716.000000               8
   717.000000               8
   718.000000               8
   719.000000               8
   720.000000               8
   721.000000               8
   722.000000               8
   723.000000               8
   724.000000               8
   725.000000               8
   726.000000               8
   727.000000               8
   728.000000               8
   729.000000               8
   730.000000               8
   731.000000               8
   732.000000               8
   733.000000               8
   734.000000               8
   735.000000               8
   736.000000               8
   737.000000               8
   738.000000               8
   739.000000               8
   740.000000               8
   741.000000               8
   742.000000               8
   743.000000               8
   744.000000               8
   745.000000               8
   746.000000               8
   747.000000               8
   748.000000               8
   749.000000               8
   750.000000               8
   751.000000               8
   752.000000               8
   753.000000               8
   754.000000               8
   755.000000               8
   756.000000               8
   757.000000               8
   758.000000               8
   759.000000               8
   760.000000               8
   761.000000               8
   762.000000               8
   763.000000               8
   764.000000               8
   765.000000               8
   766.000000               8
   767.000000               8
   768.000000               8
   769.000000               8
   770.000000               8
   771.000000               8
   772.000000               8
   773.000000               8
   774.000000               8
   775.000000               8
   776.000000               8
   777.000000               8
   778.000000               8
   779.000000               8
   780.000000               8
   781.000000               8
   782.000000               8
   783.000000               8
   784.000000               8
   785.000000               8
   786.000000               8
   787.000000               8
   788.000000               8
   789.000000               8
   790.000000               8
   791.000000               8
   792.000000               8
   793.000000               8
   794.000000               8
   795.000000               8
   796.000000               8
   797.000000               8
   798.000000               8
   799.000000               8
   800.000000               8
   801.000000               8
   802.000000               8
   803.000000               8
   804.000000               8
   805.000000               8
   806.000000               8
   807.000000               8
   808.000000               8
   809.000000               8
   810.000000               8
   811.000000               8
   812.000000               8
   813.000000               8
   814.000000               8
   815.000000               8
   816.000000               8
   817.000000               8
   818.000000               8
   819.000000               8
   820.000000               8
   821.000000               8
   822.000000               8
   823.000000               8
   824.000000               8
   825.000000               8
   826.000000               8
   827.000000               8
   828.000000               8
   829.000000               8
   830.000000               8
   831.000000               8
   832.000000               8
   833.000000               8
   834.000000               8
   835.000000               8
   836.000000               8
   837.000000               8
   838.000000               8
   839.000000               8
   840.000000               8
   841.000000               8
   842.000000               8
   843.000000               8
   844.000000               8
   845.000000               8
   846.000000               8
   847.000000               8
   848.000000               8
   849.000000               8
   850.000000               8
   851.000000               8
   852.000000               8
   853.000000               8
   854.000000               8
   855.000000               8
   856.000000               8
   857.000000               8
   858.000000               8
   859.000000               8
   860.000000               8
   861.000000               8
   862.000000               8
   863.000000               8
   864.000000               8
   865.000000               8
   866.000000               8
   867.000000               8
   868.000000               8
   869.000000               8
   870.000000               8
   871.000000               8
   872.000000               8
   873.000000               8
   874.000000               8
   875.000000               8
   876.000000               8
   877.000000               8
   878.000000               8
   879.000000               8
   880.000000               8
   881.000000               8
   882.000000               8
   883.000000               8
   884.000000               8
   885.000000               8
   886.000000               8
   887.000000               8
   888.000000               8
   889.000000               8
   890.000000               8
   891.000000               8
   892.000000               8
   893.000000               8
   894.000000               8
   895.000000               8
   896.000000               8
   897.000000               8
   898.000000               8
   899.000000               8
   900.000000               8
   901.000000               8
   902.000000               8
   903.000000               8
   904.000000               8
   905.000000               8
   906.000000               8
   907.000000               8
   908.000000               8
   909.000000               8
   910.000000               8
   911.000000               8
   912.000000               8
   913.000000               8
   914.000000               8
   915.000000               8
   916.000000               8
   917.000000               8
   918.000000               8
   919.000000               8
   920.000000               8
   921.000000               8
   922.000000               8
   923.000000               8
   924.000000               8
   925.000000               8
   926.000000               8
   927.000000               8
   928.000000               8
   929.000000               8
   930.000000               8
   931.000000               8
   932.000000               8
   933.000000               8
   934.000000               8
   935.000000               8
   936.000000               8
   937.000000               8
   938.000000               8
   939.000000               8
   940.000000               8
   941.000000               8
   942.000000               8
   943.000000               8
   944.000000               8
   945.000000               8
   946.000000               8
   947.000000               8
   948.000000               8
   949.000000               8
   950.000000               8
   951.000000               8
   952.000000               8
   953.000000               8
   954.000000               8
   955.000000               8
   956.000000               8
   957.000000               8
   958.000000               8
   959.000000               8
   960.000000               8
   961.000000               8
   962.000000               8
   963.000000               8
   964.000000               8
   965.000000               8
   966.000000               8
   967.000000               8
   968.000000               8
   969.000000               8
   970.000000               8
   971.000000               8
   972.000000               8
   973.000000               8
   974.000000               8
   975.000000               8
   976.000000               8
   977.000000               8
   978.000000               8
   979.000000               8
   980.000000               8
   981.000000               8
   982.000000               8
   983.000000               8
   984.000000               8
   985.000000               8
   986.000000               8
   987.000000               8
   988.000000               8
   989.000000               8
   990.000000               8
   991.000000               8
   992.000000               8
   993.000000               8
   994.000000               8
   995.000000               8
   996.000000               8
   997.000000               8
   998.000000               8
   999.000000               8
   1000.00000               8
