# time n - 500 (ps)    time n (ps)     molecule
500.0 1000.0   CHOL 286 5 10
3000.0 3500.0   CHOL 286 30 35
4500.0 5000.0   CHOL 283 45 50
5000.0 5500.0   CHOL 286 50 55
5500.0 6000.0   CHOL 268 55 60
8000.0 8500.0   CHOL 286 80 85
9500.0 10000.0   CHOL 286 95 100
11000.0 11500.0   CHOL 286 110 115
12000.0 12500.0   CHOL 286 120 125
13000.0 13500.0   CHOL 286 130 135
15000.0 15500.0   CHOL 286 150 155
16000.0 16500.0   CHOL 286 160 165
18000.0 18500.0   CHOL 286 180 185
19500.0 20000.0   CHOL 286 195 200
23500.0 24000.0   CHOL 286 235 240
24500.0 25000.0   CHOL 286 245 250
26000.0 26500.0   CHOL 286 260 265
27500.0 28000.0   CHOL 286 275 280
28500.0 29000.0   CHOL 286 285 290
30000.0 30500.0   CHOL 286 300 305
36000.0 36500.0   CHOL 286 360 365
37500.0 38000.0   CHOL 286 375 380
39000.0 39500.0   CHOL 286 390 395
40500.0 41000.0   CHOL 286 405 410
41500.0 42000.0   CHOL 286 415 420
43500.0 44000.0   CHOL 282 435 440
46500.0 47000.0   CHOL 282 465 470
47500.0 48000.0   CHOL 286 475 480
49000.0 49500.0   CHOL 286 490 495
52000.0 52500.0   CHOL 286 520 525
53500.0 54000.0   CHOL 286 535 540
54500.0 55000.0   CHOL 286 545 550
55500.0 56000.0   CHOL 286 555 560
57000.0 57500.0   CHOL 286 570 575
59500.0 60000.0   CHOL 286 595 600
60500.0 61000.0   CHOL 286 605 610
63000.0 63500.0   CHOL 286 630 635
64500.0 65000.0   CHOL 286 645 650
66000.0 66500.0   CHOL 286 660 665
69000.0 69500.0   CHOL 286 690 695
72000.0 72500.0   CHOL 266 720 725
73000.0 73500.0   CHOL 286 730 735
74000.0 74500.0   CHOL 266 740 745
75000.0 75500.0   CHOL 266 750 755
76500.0 77000.0   CHOL 286 765 770
77500.0 78000.0   CHOL 266 775 780
77500.0 78000.0   CHOL 286 775 780
78500.0 79000.0   CHOL 266 785 790
79000.0 79500.0   CHOL 286 790 795
80000.0 80500.0   CHOL 266 800 805
80500.0 81000.0   CHOL 286 805 810
81500.0 82000.0   CHOL 266 815 820
82500.0 83000.0   CHOL 280 825 830
83500.0 84000.0   CHOL 280 835 840
84000.0 84500.0   CHOL 286 840 845
85000.0 85500.0   CHOL 280 850 855
86000.0 86500.0   CHOL 280 860 865
86500.0 87000.0   CHOL 286 865 870
87500.0 88000.0   CHOL 286 875 880
88500.0 89000.0   CHOL 286 885 890
90000.0 90500.0   CHOL 286 900 905
92000.0 92500.0   CHOL 286 920 925
94500.0 95000.0   CHOL 286 945 950
96000.0 96500.0   CHOL 286 960 965
99500.0 100000.0   CHOL 286 995 1000
101000.0 101500.0   CHOL 286 1010 1015
101500.0 102000.0   CHOL 266 1015 1020
102500.0 103000.0   CHOL 286 1025 1030
104000.0 104500.0   CHOL 286 1040 1045
108500.0 109000.0   CHOL 286 1085 1090
112000.0 112500.0   CHOL 286 1120 1125
113000.0 113500.0   CHOL 286 1130 1135
115500.0 116000.0   CHOL 286 1155 1160
119000.0 119500.0   CHOL 286 1190 1195
120000.0 120500.0   CHOL 286 1200 1205
123500.0 124000.0   CHOL 286 1235 1240
124500.0 125000.0   CHOL 286 1245 1250
125500.0 126000.0   CHOL 286 1255 1260
128000.0 128500.0   CHOL 284 1280 1285
129000.0 129500.0   CHOL 286 1290 1295
129500.0 130000.0   CHOL 284 1295 1300
130500.0 131000.0   CHOL 286 1305 1310
133500.0 134000.0   CHOL 286 1335 1340
134500.0 135000.0   CHOL 286 1345 1350
135500.0 136000.0   CHOL 286 1355 1360
136500.0 137000.0   CHOL 286 1365 1370
139500.0 140000.0   CHOL 286 1395 1400
145000.0 145500.0   CHOL 286 1450 1455
145500.0 146000.0   CHOL 284 1455 1460
146500.0 147000.0   CHOL 286 1465 1470
147000.0 147500.0   CHOL 284 1470 1475
148000.0 148500.0   CHOL 286 1480 1485
148500.0 149000.0   CHOL 284 1485 1490
149500.0 150000.0   CHOL 286 1495 1500
151000.0 151500.0   CHOL 286 1510 1515
152500.0 153000.0   CHOL 286 1525 1530
153500.0 154000.0   CHOL 286 1535 1540
155000.0 155500.0   CHOL 278 1550 1555
155500.0 156000.0   CHOL 286 1555 1560
156000.0 156500.0   CHOL 278 1560 1565
157000.0 157500.0   CHOL 286 1570 1575
159000.0 159500.0   CHOL 286 1590 1595
160000.0 160500.0   CHOL 286 1600 1605
163500.0 164000.0   CHOL 286 1635 1640
165000.0 165500.0   CHOL 286 1650 1655
168000.0 168500.0   CHOL 286 1680 1685
171000.0 171500.0   CHOL 286 1710 1715
172500.0 173000.0   CHOL 286 1725 1730
174500.0 175000.0   CHOL 286 1745 1750
175500.0 176000.0   CHOL 286 1755 1760
176500.0 177000.0   CHOL 286 1765 1770
177500.0 178000.0   CHOL 286 1775 1780
179000.0 179500.0   CHOL 286 1790 1795
182500.0 183000.0   CHOL 286 1825 1830
183500.0 184000.0   CHOL 286 1835 1840
186000.0 186500.0   CHOL 286 1860 1865
187000.0 187500.0   CHOL 286 1870 1875
190000.0 190500.0   CHOL 286 1900 1905
191000.0 191500.0   CHOL 286 1910 1915
193500.0 194000.0   CHOL 286 1935 1940
196000.0 196500.0   CHOL 286 1960 1965
197000.0 197500.0   CHOL 286 1970 1975
201000.0 201500.0   CHOL 286 2010 2015
202500.0 203000.0   CHOL 286 2025 2030
203500.0 204000.0   CHOL 286 2035 2040
205500.0 206000.0   CHOL 286 2055 2060
208500.0 209000.0   CHOL 286 2085 2090
209500.0 210000.0   CHOL 286 2095 2100
210500.0 211000.0   CHOL 286 2105 2110
213000.0 213500.0   CHOL 286 2130 2135
217500.0 218000.0   CHOL 286 2175 2180
222000.0 222500.0   CHOL 286 2220 2225
223500.0 224000.0   CHOL 286 2235 2240
226000.0 226500.0   CHOL 286 2260 2265
227500.0 228000.0   CHOL 286 2275 2280
230000.0 230500.0   CHOL 286 2300 2305
231000.0 231500.0   CHOL 286 2310 2315
232500.0 233000.0   CHOL 286 2325 2330
233500.0 234000.0   CHOL 286 2335 2340
234500.0 235000.0   CHOL 267 2345 2350
235000.0 235500.0   CHOL 286 2350 2355
237000.0 237500.0   CHOL 286 2370 2375
239500.0 240000.0   CHOL 286 2395 2400
242000.0 242500.0   CHOL 286 2420 2425
243500.0 244000.0   CHOL 286 2435 2440
245500.0 246000.0   CHOL 286 2455 2460
247000.0 247500.0   CHOL 286 2470 2475
249000.0 249500.0   CHOL 286 2490 2495
250500.0 251000.0   CHOL 286 2505 2510
252000.0 252500.0   CHOL 286 2520 2525
254000.0 254500.0   CHOL 286 2540 2545
255500.0 256000.0   CHOL 286 2555 2560
256000.0 256500.0   CHOL 274 2560 2565
257500.0 258000.0   CHOL 286 2575 2580
258500.0 259000.0   CHOL 286 2585 2590
260000.0 260500.0   CHOL 286 2600 2605
264500.0 265000.0   CHOL 286 2645 2650
266500.0 267000.0   CHOL 286 2665 2670
268500.0 269000.0   CHOL 287 2685 2690
269500.0 270000.0   CHOL 286 2695 2700
271000.0 271500.0   CHOL 286 2710 2715
272000.0 272500.0   CHOL 286 2720 2725
274000.0 274500.0   CHOL 286 2740 2745
275000.0 275500.0   CHOL 286 2750 2755
278500.0 279000.0   CHOL 286 2785 2790
281500.0 282000.0   CHOL 286 2815 2820
284500.0 285000.0   CHOL 286 2845 2850
285500.0 286000.0   CHOL 286 2855 2860
287000.0 287500.0   CHOL 286 2870 2875
290000.0 290500.0   CHOL 286 2900 2905
293000.0 293500.0   CHOL 274 2930 2935
294500.0 295000.0   CHOL 286 2945 2950
295500.0 296000.0   CHOL 274 2955 2960
296000.0 296500.0   CHOL 286 2960 2965
296500.0 297000.0   CHOL 274 2965 2970
298000.0 298500.0   CHOL 286 2980 2985
300000.0 300500.0   CHOL 286 3000 3005
301500.0 302000.0   CHOL 286 3015 3020
302500.0 303000.0   CHOL 286 3025 3030
303500.0 304000.0   CHOL 286 3035 3040
305000.0 305500.0   CHOL 286 3050 3055
306000.0 306500.0   CHOL 286 3060 3065
307000.0 307500.0   CHOL 286 3070 3075
307500.0 308000.0   CHOL 261 3075 3080
309000.0 309500.0   CHOL 261 3090 3095
309500.0 310000.0   CHOL 286 3095 3100
310500.0 311000.0   CHOL 261 3105 3110
311000.0 311500.0   CHOL 286 3110 3115
311500.0 312000.0   CHOL 261 3115 3120
312000.0 312500.0   CHOL 286 3120 3125
312500.0 313000.0   CHOL 261 3125 3130
313500.0 314000.0   CHOL 261 3135 3140
313500.0 314000.0   CHOL 286 3135 3140
314500.0 315000.0   CHOL 261 3145 3150
316000.0 316500.0   CHOL 286 3160 3165
318500.0 319000.0   CHOL 286 3185 3190
321500.0 322000.0   CHOL 286 3215 3220
322500.0 323000.0   CHOL 286 3225 3230
325000.0 325500.0   CHOL 286 3250 3255
326500.0 327000.0   CHOL 286 3265 3270
327000.0 327500.0   CHOL 283 3270 3275
328500.0 329000.0   CHOL 286 3285 3290
330000.0 330500.0   CHOL 286 3300 3305
331000.0 331500.0   CHOL 286 3310 3315
333000.0 333500.0   CHOL 286 3330 3335
336500.0 337000.0   CHOL 286 3365 3370
338500.0 339000.0   CHOL 286 3385 3390
340000.0 340500.0   CHOL 286 3400 3405
342500.0 343000.0   CHOL 286 3425 3430
344000.0 344500.0   CHOL 286 3440 3445
345500.0 346000.0   CHOL 286 3455 3460
347500.0 348000.0   CHOL 286 3475 3480
350000.0 350500.0   CHOL 286 3500 3505
352500.0 353000.0   CHOL 286 3525 3530
353500.0 354000.0   CHOL 286 3535 3540
357500.0 358000.0   CHOL 286 3575 3580
359000.0 359500.0   CHOL 286 3590 3595
360000.0 360500.0   CHOL 286 3600 3605
361000.0 361500.0   CHOL 286 3610 3615
362500.0 363000.0   CHOL 286 3625 3630
366000.0 366500.0   CHOL 286 3660 3665
367500.0 368000.0   CHOL 286 3675 3680
369000.0 369500.0   CHOL 286 3690 3695
371000.0 371500.0   CHOL 286 3710 3715
372000.0 372500.0   CHOL 286 3720 3725
373000.0 373500.0   CHOL 286 3730 3735
374000.0 374500.0   CHOL 286 3740 3745
375000.0 375500.0   CHOL 286 3750 3755
376500.0 377000.0   CHOL 286 3765 3770
380500.0 381000.0   CHOL 286 3805 3810
381500.0 382000.0   CHOL 286 3815 3820
384500.0 385000.0   CHOL 286 3845 3850
385500.0 386000.0   CHOL 286 3855 3860
386500.0 387000.0   CHOL 286 3865 3870
388000.0 388500.0   CHOL 281 3880 3885
388500.0 389000.0   CHOL 286 3885 3890
389500.0 390000.0   CHOL 286 3895 3900
390500.0 391000.0   CHOL 286 3905 3910
391500.0 392000.0   CHOL 286 3915 3920
394000.0 394500.0   CHOL 286 3940 3945
396500.0 397000.0   CHOL 281 3965 3970
396500.0 397000.0   CHOL 286 3965 3970
398000.0 398500.0   CHOL 286 3980 3985
399500.0 400000.0   CHOL 281 3995 4000
400500.0 401000.0   CHOL 281 4005 4010
401000.0 401500.0   CHOL 286 4010 4015
402000.0 402500.0   CHOL 286 4020 4025
404000.0 404500.0   CHOL 286 4040 4045
405000.0 405500.0   CHOL 286 4050 4055
406000.0 406500.0   CHOL 284 4060 4065
407000.0 407500.0   CHOL 286 4070 4075
410500.0 411000.0   CHOL 286 4105 4110
412000.0 412500.0   CHOL 286 4120 4125
413500.0 414000.0   CHOL 266 4135 4140
413500.0 414000.0   CHOL 286 4135 4140
414000.0 414500.0   CHOL 261 4140 4145
414500.0 415000.0   CHOL 286 4145 4150
416500.0 417000.0   CHOL 286 4165 4170
418000.0 418500.0   CHOL 275 4180 4185
418500.0 419000.0   CHOL 286 4185 4190
419500.0 420000.0   CHOL 286 4195 4200
422500.0 423000.0   CHOL 286 4225 4230
424500.0 425000.0   CHOL 286 4245 4250
429500.0 430000.0   CHOL 286 4295 4300
434000.0 434500.0   CHOL 286 4340 4345
436500.0 437000.0   CHOL 286 4365 4370
437500.0 438000.0   CHOL 286 4375 4380
438500.0 439000.0   CHOL 286 4385 4390
441000.0 441500.0   CHOL 286 4410 4415
443500.0 444000.0   CHOL 268 4435 4440
444500.0 445000.0   CHOL 268 4445 4450
445000.0 445500.0   CHOL 286 4450 4455
446500.0 447000.0   CHOL 286 4465 4470
448500.0 449000.0   CHOL 286 4485 4490
451000.0 451500.0   CHOL 286 4510 4515
452000.0 452500.0   CHOL 286 4520 4525
455500.0 456000.0   CHOL 286 4555 4560
457000.0 457500.0   CHOL 286 4570 4575
458000.0 458500.0   CHOL 286 4580 4585
462500.0 463000.0   CHOL 286 4625 4630
464000.0 464500.0   CHOL 286 4640 4645
467000.0 467500.0   CHOL 286 4670 4675
468000.0 468500.0   CHOL 286 4680 4685
469000.0 469500.0   CHOL 286 4690 4695
470500.0 471000.0   CHOL 286 4705 4710
473000.0 473500.0   CHOL 286 4730 4735
473500.0 474000.0   CHOL 284 4735 4740
475000.0 475500.0   CHOL 284 4750 4755
475000.0 475500.0   CHOL 286 4750 4755
477000.0 477500.0   CHOL 284 4770 4775
477000.0 477500.0   CHOL 286 4770 4775
478000.0 478500.0   CHOL 286 4780 4785
482500.0 483000.0   CHOL 286 4825 4830
484500.0 485000.0   CHOL 286 4845 4850
485500.0 486000.0   CHOL 286 4855 4860
489000.0 489500.0   CHOL 286 4890 4895
490500.0 491000.0   CHOL 286 4905 4910
492000.0 492500.0   CHOL 286 4920 4925
493000.0 493500.0   CHOL 285 4930 4935
494000.0 494500.0   CHOL 286 4940 4945
496000.0 496500.0   CHOL 286 4960 4965
497000.0 497500.0   CHOL 286 4970 4975
498500.0 499000.0   CHOL 286 4985 4990
499500.0 500000.0   CHOL 286 4995 5000
501000.0 501500.0   CHOL 268 5010 5015
501000.0 501500.0   CHOL 286 5010 5015
502000.0 502500.0   CHOL 286 5020 5025
503000.0 503500.0   CHOL 286 5030 5035
507500.0 508000.0   CHOL 286 5075 5080
509000.0 509500.0   CHOL 286 5090 5095
512000.0 512500.0   CHOL 286 5120 5125
515000.0 515500.0   CHOL 286 5150 5155
516000.0 516500.0   CHOL 286 5160 5165
517500.0 518000.0   CHOL 286 5175 5180
518500.0 519000.0   CHOL 286 5185 5190
520500.0 521000.0   CHOL 286 5205 5210
522000.0 522500.0   CHOL 286 5220 5225
524000.0 524500.0   CHOL 286 5240 5245
526500.0 527000.0   CHOL 286 5265 5270
528000.0 528500.0   CHOL 286 5280 5285
529000.0 529500.0   CHOL 286 5290 5295
530500.0 531000.0   CHOL 286 5305 5310
532500.0 533000.0   CHOL 286 5325 5330
534000.0 534500.0   CHOL 286 5340 5345
536000.0 536500.0   CHOL 286 5360 5365
539500.0 540000.0   CHOL 286 5395 5400
540500.0 541000.0   CHOL 286 5405 5410
541500.0 542000.0   CHOL 286 5415 5420
542500.0 543000.0   CHOL 286 5425 5430
543500.0 544000.0   CHOL 286 5435 5440
546500.0 547000.0   CHOL 286 5465 5470
548000.0 548500.0   CHOL 286 5480 5485
550000.0 550500.0   CHOL 286 5500 5505
551500.0 552000.0   CHOL 286 5515 5520
555500.0 556000.0   CHOL 286 5555 5560
557000.0 557500.0   CHOL 286 5570 5575
558000.0 558500.0   CHOL 279 5580 5585
558000.0 558500.0   CHOL 286 5580 5585
559500.0 560000.0   CHOL 286 5595 5600
561000.0 561500.0   CHOL 286 5610 5615
562000.0 562500.0   CHOL 286 5620 5625
563500.0 564000.0   CHOL 286 5635 5640
567500.0 568000.0   CHOL 286 5675 5680
570000.0 570500.0   CHOL 286 5700 5705
571500.0 572000.0   CHOL 286 5715 5720
573000.0 573500.0   CHOL 272 5730 5735
574000.0 574500.0   CHOL 286 5740 5745
575500.0 576000.0   CHOL 286 5755 5760
577500.0 578000.0   CHOL 286 5775 5780
579000.0 579500.0   CHOL 286 5790 5795
580500.0 581000.0   CHOL 286 5805 5810
582000.0 582500.0   CHOL 286 5820 5825
586000.0 586500.0   CHOL 286 5860 5865
588000.0 588500.0   CHOL 286 5880 5885
589500.0 590000.0   CHOL 286 5895 5900
591500.0 592000.0   CHOL 286 5915 5920
593500.0 594000.0   CHOL 286 5935 5940
595000.0 595500.0   CHOL 286 5950 5955
596500.0 597000.0   CHOL 286 5965 5970
598500.0 599000.0   CHOL 281 5985 5990
601500.0 602000.0   CHOL 262 6015 6020
601500.0 602000.0   CHOL 286 6015 6020
602500.0 603000.0   CHOL 286 6025 6030
605000.0 605500.0   CHOL 286 6050 6055
607000.0 607500.0   CHOL 286 6070 6075
609000.0 609500.0   CHOL 286 6090 6095
612000.0 612500.0   CHOL 286 6120 6125
614500.0 615000.0   CHOL 286 6145 6150
617000.0 617500.0   CHOL 286 6170 6175
618500.0 619000.0   CHOL 286 6185 6190
621000.0 621500.0   CHOL 286 6210 6215
623000.0 623500.0   CHOL 286 6230 6235
624000.0 624500.0   CHOL 286 6240 6245
625500.0 626000.0   CHOL 286 6255 6260
627000.0 627500.0   CHOL 286 6270 6275
628000.0 628500.0   CHOL 286 6280 6285
630000.0 630500.0   CHOL 279 6300 6305
631000.0 631500.0   CHOL 286 6310 6315
632500.0 633000.0   CHOL 286 6325 6330
635000.0 635500.0   CHOL 286 6350 6355
636000.0 636500.0   CHOL 286 6360 6365
638500.0 639000.0   CHOL 286 6385 6390
641500.0 642000.0   CHOL 286 6415 6420
643000.0 643500.0   CHOL 286 6430 6435
644500.0 645000.0   CHOL 286 6445 6450
649000.0 649500.0   CHOL 286 6490 6495
650000.0 650500.0   CHOL 286 6500 6505
652000.0 652500.0   CHOL 286 6520 6525
653000.0 653500.0   CHOL 286 6530 6535
654500.0 655000.0   CHOL 286 6545 6550
655500.0 656000.0   CHOL 286 6555 6560
657500.0 658000.0   CHOL 286 6575 6580
660000.0 660500.0   CHOL 286 6600 6605
662500.0 663000.0   CHOL 286 6625 6630
664000.0 664500.0   CHOL 286 6640 6645
665500.0 666000.0   CHOL 286 6655 6660
667000.0 667500.0   CHOL 286 6670 6675
673000.0 673500.0   CHOL 269 6730 6735
674000.0 674500.0   CHOL 286 6740 6745
675500.0 676000.0   CHOL 286 6755 6760
677500.0 678000.0   CHOL 286 6775 6780
680000.0 680500.0   CHOL 286 6800 6805
682000.0 682500.0   CHOL 280 6820 6825
682500.0 683000.0   CHOL 286 6825 6830
683000.0 683500.0   CHOL 280 6830 6835
684000.0 684500.0   CHOL 286 6840 6845
685500.0 686000.0   CHOL 286 6855 6860
691000.0 691500.0   CHOL 286 6910 6915
692000.0 692500.0   CHOL 286 6920 6925
697500.0 698000.0   CHOL 286 6975 6980
699000.0 699500.0   CHOL 286 6990 6995
700500.0 701000.0   CHOL 286 7005 7010
702500.0 703000.0   CHOL 286 7025 7030
704500.0 705000.0   CHOL 286 7045 7050
707000.0 707500.0   CHOL 286 7070 7075
710500.0 711000.0   CHOL 286 7105 7110
712000.0 712500.0   CHOL 279 7120 7125
713000.0 713500.0   CHOL 286 7130 7135
714500.0 715000.0   CHOL 286 7145 7150
719000.0 719500.0   CHOL 286 7190 7195
721000.0 721500.0   CHOL 286 7210 7215
722500.0 723000.0   CHOL 286 7225 7230
725500.0 726000.0   CHOL 286 7255 7260
726500.0 727000.0   CHOL 286 7265 7270
728000.0 728500.0   CHOL 286 7280 7285
732000.0 732500.0   CHOL 286 7320 7325
734500.0 735000.0   CHOL 286 7345 7350
736000.0 736500.0   CHOL 279 7360 7365
737000.0 737500.0   CHOL 279 7370 7375
737000.0 737500.0   CHOL 286 7370 7375
738500.0 739000.0   CHOL 286 7385 7390
739500.0 740000.0   CHOL 286 7395 7400
742000.0 742500.0   CHOL 286 7420 7425
742500.0 743000.0   CHOL 265 7425 7430
744000.0 744500.0   CHOL 286 7440 7445
745000.0 745500.0   CHOL 286 7450 7455
746500.0 747000.0   CHOL 286 7465 7470
748500.0 749000.0   CHOL 286 7485 7490
750000.0 750500.0   CHOL 286 7500 7505
753500.0 754000.0   CHOL 286 7535 7540
756000.0 756500.0   CHOL 272 7560 7565
757500.0 758000.0   CHOL 286 7575 7580
759000.0 759500.0   CHOL 286 7590 7595
760500.0 761000.0   CHOL 286 7605 7610
762000.0 762500.0   CHOL 286 7620 7625
763500.0 764000.0   CHOL 286 7635 7640
765000.0 765500.0   CHOL 286 7650 7655
767500.0 768000.0   CHOL 286 7675 7680
768500.0 769000.0   CHOL 286 7685 7690
769500.0 770000.0   CHOL 286 7695 7700
771500.0 772000.0   CHOL 286 7715 7720
773000.0 773500.0   CHOL 286 7730 7735
775500.0 776000.0   CHOL 286 7755 7760
777000.0 777500.0   CHOL 286 7770 7775
778500.0 779000.0   CHOL 286 7785 7790
782000.0 782500.0   CHOL 286 7820 7825
783000.0 783500.0   CHOL 286 7830 7835
786500.0 787000.0   CHOL 286 7865 7870
788000.0 788500.0   CHOL 286 7880 7885
789500.0 790000.0   CHOL 286 7895 7900
792000.0 792500.0   CHOL 286 7920 7925
793500.0 794000.0   CHOL 286 7935 7940
796000.0 796500.0   CHOL 286 7960 7965
798000.0 798500.0   CHOL 286 7980 7985
799000.0 799500.0   CHOL 286 7990 7995
800000.0 800500.0   CHOL 286 8000 8005
802000.0 802500.0   CHOL 286 8020 8025
805500.0 806000.0   CHOL 286 8055 8060
808000.0 808500.0   CHOL 286 8080 8085
809000.0 809500.0   CHOL 286 8090 8095
810500.0 811000.0   CHOL 283 8105 8110
810500.0 811000.0   CHOL 286 8105 8110
811500.0 812000.0   CHOL 283 8115 8120
811500.0 812000.0   CHOL 286 8115 8120
812500.0 813000.0   CHOL 286 8125 8130
816500.0 817000.0   CHOL 286 8165 8170
818500.0 819000.0   CHOL 286 8185 8190
820500.0 821000.0   CHOL 286 8205 8210
821500.0 822000.0   CHOL 286 8215 8220
825000.0 825500.0   CHOL 286 8250 8255
827000.0 827500.0   CHOL 286 8270 8275
828500.0 829000.0   CHOL 286 8285 8290
832500.0 833000.0   CHOL 286 8325 8330
834500.0 835000.0   CHOL 286 8345 8350
837500.0 838000.0   CHOL 286 8375 8380
838500.0 839000.0   CHOL 286 8385 8390
840000.0 840500.0   CHOL 286 8400 8405
841500.0 842000.0   CHOL 286 8415 8420
843500.0 844000.0   CHOL 286 8435 8440
846000.0 846500.0   CHOL 286 8460 8465
847000.0 847500.0   CHOL 286 8470 8475
849500.0 850000.0   CHOL 286 8495 8500
851000.0 851500.0   CHOL 286 8510 8515
852500.0 853000.0   CHOL 286 8525 8530
854000.0 854500.0   CHOL 286 8540 8545
857000.0 857500.0   CHOL 286 8570 8575
859000.0 859500.0   CHOL 286 8590 8595
861000.0 861500.0   CHOL 286 8610 8615
863000.0 863500.0   CHOL 286 8630 8635
865000.0 865500.0   CHOL 286 8650 8655
869000.0 869500.0   CHOL 286 8690 8695
871000.0 871500.0   CHOL 286 8710 8715
872000.0 872500.0   CHOL 286 8720 8725
874000.0 874500.0   CHOL 286 8740 8745
875500.0 876000.0   CHOL 286 8755 8760
877000.0 877500.0   CHOL 286 8770 8775
881000.0 881500.0   CHOL 286 8810 8815
883000.0 883500.0   CHOL 286 8830 8835
886500.0 887000.0   CHOL 286 8865 8870
889000.0 889500.0   CHOL 286 8890 8895
890000.0 890500.0   CHOL 286 8900 8905
892500.0 893000.0   CHOL 286 8925 8930
893500.0 894000.0   CHOL 286 8935 8940
895000.0 895500.0   CHOL 286 8950 8955
897000.0 897500.0   CHOL 286 8970 8975
898500.0 899000.0   CHOL 286 8985 8990
900000.0 900500.0   CHOL 286 9000 9005
906500.0 907000.0   CHOL 286 9065 9070
907500.0 908000.0   CHOL 286 9075 9080
908500.0 909000.0   CHOL 286 9085 9090
910000.0 910500.0   CHOL 286 9100 9105
911500.0 912000.0   CHOL 286 9115 9120
913500.0 914000.0   CHOL 269 9135 9140
914500.0 915000.0   CHOL 269 9145 9150
915500.0 916000.0   CHOL 286 9155 9160
916500.0 917000.0   CHOL 286 9165 9170
917500.0 918000.0   CHOL 286 9175 9180
919000.0 919500.0   CHOL 286 9190 9195
920500.0 921000.0   CHOL 286 9205 9210
923000.0 923500.0   CHOL 286 9230 9235
924000.0 924500.0   CHOL 286 9240 9245
925000.0 925500.0   CHOL 286 9250 9255
927500.0 928000.0   CHOL 286 9275 9280
931500.0 932000.0   CHOL 286 9315 9320
933500.0 934000.0   CHOL 286 9335 9340
937000.0 937500.0   CHOL 286 9370 9375
939500.0 940000.0   CHOL 286 9395 9400
941500.0 942000.0   CHOL 286 9415 9420
943500.0 944000.0   CHOL 286 9435 9440
945500.0 946000.0   CHOL 286 9455 9460
946500.0 947000.0   CHOL 286 9465 9470
950000.0 950500.0   CHOL 286 9500 9505
951500.0 952000.0   CHOL 286 9515 9520
952500.0 953000.0   CHOL 286 9525 9530
954500.0 955000.0   CHOL 286 9545 9550
955500.0 956000.0   CHOL 286 9555 9560
956500.0 957000.0   CHOL 286 9565 9570
957500.0 958000.0   CHOL 286 9575 9580
959500.0 960000.0   CHOL 286 9595 9600
961500.0 962000.0   CHOL 286 9615 9620
966000.0 966500.0   CHOL 286 9660 9665
967500.0 968000.0   CHOL 286 9675 9680
968500.0 969000.0   CHOL 286 9685 9690
970500.0 971000.0   CHOL 286 9705 9710
972000.0 972500.0   CHOL 286 9720 9725
973500.0 974000.0   CHOL 286 9735 9740
974500.0 975000.0   CHOL 286 9745 9750
976000.0 976500.0   CHOL 286 9760 9765
978500.0 979000.0   CHOL 286 9785 9790
979500.0 980000.0   CHOL 286 9795 9800
980500.0 981000.0   CHOL 286 9805 9810
981500.0 982000.0   CHOL 286 9815 9820
983000.0 983500.0   CHOL 286 9830 9835
984500.0 985000.0   CHOL 286 9845 9850
986500.0 987000.0   CHOL 286 9865 9870
987500.0 988000.0   CHOL 286 9875 9880
989000.0 989500.0   CHOL 286 9890 9895
990000.0 990500.0   CHOL 286 9900 9905
991000.0 991500.0   CHOL 286 9910 9915
993500.0 994000.0   CHOL 286 9935 9940
995500.0 996000.0   CHOL 286 9955 9960
997500.0 998000.0   CHOL 286 9975 9980
998500.0 999000.0   CHOL 286 9985 9990
999500.0 1000000.0   CHOL 286 9995 10000
1001500.0 1002000.0   CHOL 286 10015 10020
1003000.0 1003500.0   CHOL 286 10030 10035
1005500.0 1006000.0   CHOL 286 10055 10060
1007500.0 1008000.0   CHOL 286 10075 10080
1009500.0 1010000.0   CHOL 286 10095 10100
1010000.0 1010500.0   CHOL 266 10100 10105
1010500.0 1011000.0   CHOL 286 10105 10110
1012000.0 1012500.0   CHOL 286 10120 10125
1013000.0 1013500.0   CHOL 286 10130 10135
1013500.0 1014000.0   CHOL 281 10135 10140
1014000.0 1014500.0   CHOL 286 10140 10145
1016000.0 1016500.0   CHOL 286 10160 10165
1018000.0 1018500.0   CHOL 286 10180 10185
1019500.0 1020000.0   CHOL 286 10195 10200
1021000.0 1021500.0   CHOL 286 10210 10215
1022500.0 1023000.0   CHOL 286 10225 10230
1024000.0 1024500.0   CHOL 286 10240 10245
1027000.0 1027500.0   CHOL 286 10270 10275
1029000.0 1029500.0   CHOL 286 10290 10295
1034000.0 1034500.0   CHOL 286 10340 10345
1037000.0 1037500.0   CHOL 286 10370 10375
1038000.0 1038500.0   CHOL 286 10380 10385
1040000.0 1040500.0   CHOL 286 10400 10405
1044000.0 1044500.0   CHOL 286 10440 10445
1045000.0 1045500.0   CHOL 286 10450 10455
1046500.0 1047000.0   CHOL 286 10465 10470
1049500.0 1050000.0   CHOL 286 10495 10500
1052000.0 1052500.0   CHOL 286 10520 10525
1053000.0 1053500.0   CHOL 286 10530 10535
1055000.0 1055500.0   CHOL 286 10550 10555
1057000.0 1057500.0   CHOL 286 10570 10575
1058000.0 1058500.0   CHOL 286 10580 10585
1060000.0 1060500.0   CHOL 286 10600 10605
1061000.0 1061500.0   CHOL 286 10610 10615
1062500.0 1063000.0   CHOL 286 10625 10630
1063500.0 1064000.0   CHOL 286 10635 10640
1065500.0 1066000.0   CHOL 286 10655 10660
1069000.0 1069500.0   CHOL 286 10690 10695
1072000.0 1072500.0   CHOL 286 10720 10725
1073500.0 1074000.0   CHOL 286 10735 10740
1075500.0 1076000.0   CHOL 286 10755 10760
1079500.0 1080000.0   CHOL 286 10795 10800
1082000.0 1082500.0   CHOL 286 10820 10825
1083000.0 1083500.0   CHOL 286 10830 10835
1085000.0 1085500.0   CHOL 286 10850 10855
1088000.0 1088500.0   CHOL 286 10880 10885
1089000.0 1089500.0   CHOL 286 10890 10895
1091000.0 1091500.0   CHOL 286 10910 10915
1092000.0 1092500.0   CHOL 286 10920 10925
1093500.0 1094000.0   CHOL 286 10935 10940
1095000.0 1095500.0   CHOL 286 10950 10955
1097000.0 1097500.0   CHOL 286 10970 10975
1100500.0 1101000.0   CHOL 286 11005 11010
1104500.0 1105000.0   CHOL 286 11045 11050
1109000.0 1109500.0   CHOL 286 11090 11095
1111500.0 1112000.0   CHOL 286 11115 11120
1113000.0 1113500.0   CHOL 286 11130 11135
1115000.0 1115500.0   CHOL 286 11150 11155
1115500.0 1116000.0   CHOL 261 11155 11160
1115500.0 1116000.0   CHOL 262 11155 11160
1117500.0 1118000.0   CHOL 262 11175 11180
1117500.0 1118000.0   CHOL 286 11175 11180
1119000.0 1119500.0   CHOL 286 11190 11195
1120000.0 1120500.0   CHOL 286 11200 11205
1121500.0 1122000.0   CHOL 286 11215 11220
1123500.0 1124000.0   CHOL 286 11235 11240
1125000.0 1125500.0   CHOL 273 11250 11255
1127000.0 1127500.0   CHOL 273 11270 11275
1128000.0 1128500.0   CHOL 286 11280 11285
1129000.0 1129500.0   CHOL 286 11290 11295
1130500.0 1131000.0   CHOL 286 11305 11310
1131500.0 1132000.0   CHOL 286 11315 11320
1133000.0 1133500.0   CHOL 286 11330 11335
1134000.0 1134500.0   CHOL 286 11340 11345
1136000.0 1136500.0   CHOL 286 11360 11365
1137000.0 1137500.0   CHOL 286 11370 11375
1139500.0 1140000.0   CHOL 286 11395 11400
1141000.0 1141500.0   CHOL 286 11410 11415
1144000.0 1144500.0   CHOL 286 11440 11445
1146500.0 1147000.0   CHOL 261 11465 11470
1147000.0 1147500.0   CHOL 286 11470 11475
1149500.0 1150000.0   CHOL 286 11495 11500
1151000.0 1151500.0   CHOL 286 11510 11515
1151500.0 1152000.0   CHOL 261 11515 11520
1153000.0 1153500.0   CHOL 261 11530 11535
1153000.0 1153500.0   CHOL 286 11530 11535
1155000.0 1155500.0   CHOL 261 11550 11555
1155000.0 1155500.0   CHOL 286 11550 11555
1156500.0 1157000.0   CHOL 286 11565 11570
1158000.0 1158500.0   CHOL 286 11580 11585
1160500.0 1161000.0   CHOL 286 11605 11610
1161500.0 1162000.0   CHOL 286 11615 11620
1163000.0 1163500.0   CHOL 286 11630 11635
1164000.0 1164500.0   CHOL 286 11640 11645
1166000.0 1166500.0   CHOL 286 11660 11665
1168500.0 1169000.0   CHOL 286 11685 11690
1171500.0 1172000.0   CHOL 286 11715 11720
1173000.0 1173500.0   CHOL 286 11730 11735
1175000.0 1175500.0   CHOL 286 11750 11755
1177000.0 1177500.0   CHOL 286 11770 11775
1179000.0 1179500.0   CHOL 284 11790 11795
1179500.0 1180000.0   CHOL 286 11795 11800
1181500.0 1182000.0   CHOL 284 11815 11820
1183000.0 1183500.0   CHOL 286 11830 11835
1184500.0 1185000.0   CHOL 286 11845 11850
1185500.0 1186000.0   CHOL 286 11855 11860
1186000.0 1186500.0   CHOL 277 11860 11865
1187000.0 1187500.0   CHOL 286 11870 11875
1188000.0 1188500.0   CHOL 284 11880 11885
1188000.0 1188500.0   CHOL 286 11880 11885
1189000.0 1189500.0   CHOL 286 11890 11895
1190000.0 1190500.0   CHOL 265 11900 11905
1190000.0 1190500.0   CHOL 286 11900 11905
1191500.0 1192000.0   CHOL 286 11915 11920
1192000.0 1192500.0   CHOL 265 11920 11925
1193500.0 1194000.0   CHOL 265 11935 11940
1196500.0 1197000.0   CHOL 286 11965 11970
1198000.0 1198500.0   CHOL 286 11980 11985
1200500.0 1201000.0   CHOL 286 12005 12010
1202000.0 1202500.0   CHOL 286 12020 12025
1203500.0 1204000.0   CHOL 286 12035 12040
1208000.0 1208500.0   CHOL 286 12080 12085
1209000.0 1209500.0   CHOL 286 12090 12095
1211500.0 1212000.0   CHOL 286 12115 12120
1213000.0 1213500.0   CHOL 286 12130 12135
1214500.0 1215000.0   CHOL 286 12145 12150
1218000.0 1218500.0   CHOL 286 12180 12185
1219000.0 1219500.0   CHOL 286 12190 12195
1220500.0 1221000.0   CHOL 286 12205 12210
1221500.0 1222000.0   CHOL 286 12215 12220
1223500.0 1224000.0   CHOL 286 12235 12240
1225000.0 1225500.0   CHOL 286 12250 12255
1226500.0 1227000.0   CHOL 286 12265 12270
1228500.0 1229000.0   CHOL 286 12285 12290
1230000.0 1230500.0   CHOL 286 12300 12305
1232000.0 1232500.0   CHOL 286 12320 12325
1233000.0 1233500.0   CHOL 286 12330 12335
1234500.0 1235000.0   CHOL 286 12345 12350
1238500.0 1239000.0   CHOL 286 12385 12390
1240000.0 1240500.0   CHOL 286 12400 12405
1242000.0 1242500.0   CHOL 286 12420 12425
1244500.0 1245000.0   CHOL 286 12445 12450
1246500.0 1247000.0   CHOL 286 12465 12470
1247500.0 1248000.0   CHOL 286 12475 12480
1249500.0 1250000.0   CHOL 286 12495 12500
1251500.0 1252000.0   CHOL 286 12515 12520
1254000.0 1254500.0   CHOL 286 12540 12545
1255000.0 1255500.0   CHOL 286 12550 12555
1257000.0 1257500.0   CHOL 286 12570 12575
1260000.0 1260500.0   CHOL 286 12600 12605
1262000.0 1262500.0   CHOL 286 12620 12625
1265000.0 1265500.0   CHOL 286 12650 12655
1267000.0 1267500.0   CHOL 286 12670 12675
1269500.0 1270000.0   CHOL 286 12695 12700
1271000.0 1271500.0   CHOL 286 12710 12715
1273000.0 1273500.0   CHOL 286 12730 12735
1275500.0 1276000.0   CHOL 286 12755 12760
1277000.0 1277500.0   CHOL 286 12770 12775
1280500.0 1281000.0   CHOL 286 12805 12810
1283000.0 1283500.0   CHOL 286 12830 12835
1283500.0 1284000.0   CHOL 268 12835 12840
1284500.0 1285000.0   CHOL 286 12845 12850
1285500.0 1286000.0   CHOL 268 12855 12860
1285500.0 1286000.0   CHOL 286 12855 12860
1286500.0 1287000.0   CHOL 286 12865 12870
1287500.0 1288000.0   CHOL 286 12875 12880
1288500.0 1289000.0   CHOL 286 12885 12890
1290000.0 1290500.0   CHOL 286 12900 12905
1292500.0 1293000.0   CHOL 286 12925 12930
1293500.0 1294000.0   CHOL 286 12935 12940
1296500.0 1297000.0   CHOL 286 12965 12970
1298000.0 1298500.0   CHOL 286 12980 12985
1300500.0 1301000.0   CHOL 286 13005 13010
1301500.0 1302000.0   CHOL 286 13015 13020
1303000.0 1303500.0   CHOL 286 13030 13035
1305000.0 1305500.0   CHOL 286 13050 13055
1307500.0 1308000.0   CHOL 286 13075 13080
1308500.0 1309000.0   CHOL 286 13085 13090
1310000.0 1310500.0   CHOL 286 13100 13105
1311500.0 1312000.0   CHOL 286 13115 13120
1313000.0 1313500.0   CHOL 286 13130 13135
1314500.0 1315000.0   CHOL 286 13145 13150
1318000.0 1318500.0   CHOL 286 13180 13185
1320500.0 1321000.0   CHOL 286 13205 13210
1321000.0 1321500.0   CHOL 275 13210 13215
1322000.0 1322500.0   CHOL 286 13220 13225
1323500.0 1324000.0   CHOL 286 13235 13240
1325000.0 1325500.0   CHOL 286 13250 13255
1328000.0 1328500.0   CHOL 286 13280 13285
1331500.0 1332000.0   CHOL 286 13315 13320
1335000.0 1335500.0   CHOL 286 13350 13355
1337500.0 1338000.0   CHOL 286 13375 13380
1340500.0 1341000.0   CHOL 286 13405 13410
1343500.0 1344000.0   CHOL 286 13435 13440
1346000.0 1346500.0   CHOL 286 13460 13465
1347500.0 1348000.0   CHOL 286 13475 13480
1349500.0 1350000.0   CHOL 286 13495 13500
1351000.0 1351500.0   CHOL 286 13510 13515
1353500.0 1354000.0   CHOL 286 13535 13540
1355000.0 1355500.0   CHOL 286 13550 13555
1356000.0 1356500.0   CHOL 286 13560 13565
1358000.0 1358500.0   CHOL 286 13580 13585
1359500.0 1360000.0   CHOL 286 13595 13600
1364000.0 1364500.0   CHOL 286 13640 13645
1367000.0 1367500.0   CHOL 286 13670 13675
1368000.0 1368500.0   CHOL 286 13680 13685
1370500.0 1371000.0   CHOL 286 13705 13710
1372500.0 1373000.0   CHOL 265 13725 13730
1372500.0 1373000.0   CHOL 270 13725 13730
1373500.0 1374000.0   CHOL 286 13735 13740
1375000.0 1375500.0   CHOL 265 13750 13755
1375500.0 1376000.0   CHOL 286 13755 13760
1376000.0 1376500.0   CHOL 270 13760 13765
1377500.0 1378000.0   CHOL 286 13775 13780
1378500.0 1379000.0   CHOL 270 13785 13790
1379500.0 1380000.0   CHOL 286 13795 13800
1383500.0 1384000.0   CHOL 286 13835 13840
1384500.0 1385000.0   CHOL 286 13845 13850
1386000.0 1386500.0   CHOL 286 13860 13865
1388000.0 1388500.0   CHOL 286 13880 13885
1390000.0 1390500.0   CHOL 286 13900 13905
1391000.0 1391500.0   CHOL 286 13910 13915
1393000.0 1393500.0   CHOL 286 13930 13935
1395500.0 1396000.0   CHOL 286 13955 13960
1399500.0 1400000.0   CHOL 286 13995 14000
1401500.0 1402000.0   CHOL 286 14015 14020
1406500.0 1407000.0   CHOL 286 14065 14070
1409500.0 1410000.0   CHOL 282 14095 14100
1410500.0 1411000.0   CHOL 286 14105 14110
1412000.0 1412500.0   CHOL 286 14120 14125
1414500.0 1415000.0   CHOL 286 14145 14150
1416000.0 1416500.0   CHOL 286 14160 14165
1418500.0 1419000.0   CHOL 286 14185 14190
1423000.0 1423500.0   CHOL 286 14230 14235
1424500.0 1425000.0   CHOL 286 14245 14250
1428000.0 1428500.0   CHOL 286 14280 14285
1429500.0 1430000.0   CHOL 286 14295 14300
1432000.0 1432500.0   CHOL 286 14320 14325
1433500.0 1434000.0   CHOL 286 14335 14340
1434500.0 1435000.0   CHOL 286 14345 14350
1436000.0 1436500.0   CHOL 286 14360 14365
1438000.0 1438500.0   CHOL 286 14380 14385
1441500.0 1442000.0   CHOL 286 14415 14420
1443000.0 1443500.0   CHOL 286 14430 14435
1446500.0 1447000.0   CHOL 286 14465 14470
1449000.0 1449500.0   CHOL 286 14490 14495
1451500.0 1452000.0   CHOL 286 14515 14520
1453500.0 1454000.0   CHOL 286 14535 14540
1455500.0 1456000.0   CHOL 286 14555 14560
1456500.0 1457000.0   CHOL 286 14565 14570
1458000.0 1458500.0   CHOL 286 14580 14585
1459000.0 1459500.0   CHOL 286 14590 14595
1461500.0 1462000.0   CHOL 286 14615 14620
1463000.0 1463500.0   CHOL 286 14630 14635
1466000.0 1466500.0   CHOL 286 14660 14665
1467000.0 1467500.0   CHOL 286 14670 14675
1468000.0 1468500.0   CHOL 286 14680 14685
1469000.0 1469500.0   CHOL 286 14690 14695
1471500.0 1472000.0   CHOL 286 14715 14720
1476500.0 1477000.0   CHOL 286 14765 14770
1477500.0 1478000.0   CHOL 286 14775 14780
1479500.0 1480000.0   CHOL 286 14795 14800
1482000.0 1482500.0   CHOL 286 14820 14825
1484000.0 1484500.0   CHOL 286 14840 14845
1485000.0 1485500.0   CHOL 286 14850 14855
1486500.0 1487000.0   CHOL 286 14865 14870
1487500.0 1488000.0   CHOL 286 14875 14880
1489500.0 1490000.0   CHOL 286 14895 14900
1493500.0 1494000.0   CHOL 286 14935 14940
1495500.0 1496000.0   CHOL 286 14955 14960
1498000.0 1498500.0   CHOL 286 14980 14985
1499000.0 1499500.0   CHOL 286 14990 14995
1501000.0 1501500.0   CHOL 286 15010 15015
1504500.0 1505000.0   CHOL 286 15045 15050
1508000.0 1508500.0   CHOL 286 15080 15085
1509000.0 1509500.0   CHOL 286 15090 15095
1511500.0 1512000.0   CHOL 286 15115 15120
1515000.0 1515500.0   CHOL 286 15150 15155
1519000.0 1519500.0   CHOL 286 15190 15195
1520500.0 1521000.0   CHOL 272 15205 15210
1521500.0 1522000.0   CHOL 286 15215 15220
1523500.0 1524000.0   CHOL 286 15235 15240
1526000.0 1526500.0   CHOL 286 15260 15265
1530500.0 1531000.0   CHOL 286 15305 15310
1533500.0 1534000.0   CHOL 286 15335 15340
1536500.0 1537000.0   CHOL 286 15365 15370
1538500.0 1539000.0   CHOL 286 15385 15390
1540000.0 1540500.0   CHOL 286 15400 15405
1541000.0 1541500.0   CHOL 286 15410 15415
1541500.0 1542000.0   CHOL 268 15415 15420
1543500.0 1544000.0   CHOL 286 15435 15440
1545500.0 1546000.0   CHOL 286 15455 15460
1546500.0 1547000.0   CHOL 286 15465 15470
1548500.0 1549000.0   CHOL 286 15485 15490
1551000.0 1551500.0   CHOL 284 15510 15515
1552000.0 1552500.0   CHOL 286 15520 15525
1553000.0 1553500.0   CHOL 286 15530 15535
1553500.0 1554000.0   CHOL 284 15535 15540
1554000.0 1554500.0   CHOL 286 15540 15545
1555000.0 1555500.0   CHOL 284 15550 15555
1556000.0 1556500.0   CHOL 284 15560 15565
1556000.0 1556500.0   CHOL 286 15560 15565
1558000.0 1558500.0   CHOL 286 15580 15585
1559000.0 1559500.0   CHOL 286 15590 15595
1560500.0 1561000.0   CHOL 286 15605 15610
1562000.0 1562500.0   CHOL 286 15620 15625
1563000.0 1563500.0   CHOL 286 15630 15635
1564000.0 1564500.0   CHOL 286 15640 15645
1565500.0 1566000.0   CHOL 286 15655 15660
1567000.0 1567500.0   CHOL 286 15670 15675
1570000.0 1570500.0   CHOL 286 15700 15705
1572500.0 1573000.0   CHOL 286 15725 15730
1574000.0 1574500.0   CHOL 286 15740 15745
1576000.0 1576500.0   CHOL 286 15760 15765
1577000.0 1577500.0   CHOL 286 15770 15775
1578500.0 1579000.0   CHOL 286 15785 15790
1579000.0 1579500.0   CHOL 278 15790 15795
1580000.0 1580500.0   CHOL 278 15800 15805
1580500.0 1581000.0   CHOL 286 15805 15810
1583000.0 1583500.0   CHOL 286 15830 15835
1585000.0 1585500.0   CHOL 286 15850 15855
1587500.0 1588000.0   CHOL 286 15875 15880
1590000.0 1590500.0   CHOL 286 15900 15905
1594000.0 1594500.0   CHOL 286 15940 15945
1596500.0 1597000.0   CHOL 286 15965 15970
1599000.0 1599500.0   CHOL 286 15990 15995
1600000.0 1600500.0   CHOL 287 16000 16005
1602000.0 1602500.0   CHOL 286 16020 16025
1603000.0 1603500.0   CHOL 286 16030 16035
1604500.0 1605000.0   CHOL 261 16045 16050
1605500.0 1606000.0   CHOL 286 16055 16060
1607500.0 1608000.0   CHOL 286 16075 16080
1610000.0 1610500.0   CHOL 286 16100 16105
1611000.0 1611500.0   CHOL 286 16110 16115
1612000.0 1612500.0   CHOL 286 16120 16125
1613500.0 1614000.0   CHOL 286 16135 16140
1614500.0 1615000.0   CHOL 286 16145 16150
1615500.0 1616000.0   CHOL 286 16155 16160
1617500.0 1618000.0   CHOL 286 16175 16180
1618000.0 1618500.0   CHOL 270 16180 16185
1619500.0 1620000.0   CHOL 286 16195 16200
1622500.0 1623000.0   CHOL 286 16225 16230
1624000.0 1624500.0   CHOL 286 16240 16245
1625000.0 1625500.0   CHOL 286 16250 16255
1626500.0 1627000.0   CHOL 286 16265 16270
1627500.0 1628000.0   CHOL 286 16275 16280
1630500.0 1631000.0   CHOL 279 16305 16310
1631000.0 1631500.0   CHOL 286 16310 16315
1633000.0 1633500.0   CHOL 286 16330 16335
1634000.0 1634500.0   CHOL 286 16340 16345
1635500.0 1636000.0   CHOL 286 16355 16360
1638500.0 1639000.0   CHOL 286 16385 16390
1643000.0 1643500.0   CHOL 286 16430 16435
1643500.0 1644000.0   CHOL 276 16435 16440
1645000.0 1645500.0   CHOL 286 16450 16455
1646500.0 1647000.0   CHOL 286 16465 16470
1649000.0 1649500.0   CHOL 286 16490 16495
1653000.0 1653500.0   CHOL 286 16530 16535
1654500.0 1655000.0   CHOL 286 16545 16550
1657000.0 1657500.0   CHOL 286 16570 16575
1659500.0 1660000.0   CHOL 286 16595 16600
1661000.0 1661500.0   CHOL 286 16610 16615
1662500.0 1663000.0   CHOL 286 16625 16630
1664000.0 1664500.0   CHOL 286 16640 16645
1665000.0 1665500.0   CHOL 286 16650 16655
1667000.0 1667500.0   CHOL 286 16670 16675
1669500.0 1670000.0   CHOL 286 16695 16700
1673000.0 1673500.0   CHOL 286 16730 16735
1675000.0 1675500.0   CHOL 286 16750 16755
1677000.0 1677500.0   CHOL 286 16770 16775
1678000.0 1678500.0   CHOL 286 16780 16785
1679500.0 1680000.0   CHOL 286 16795 16800
1681000.0 1681500.0   CHOL 286 16810 16815
1681500.0 1682000.0   CHOL 274 16815 16820
1683000.0 1683500.0   CHOL 286 16830 16835
1685000.0 1685500.0   CHOL 286 16850 16855
1686000.0 1686500.0   CHOL 286 16860 16865
1690500.0 1691000.0   CHOL 286 16905 16910
1693500.0 1694000.0   CHOL 286 16935 16940
1696000.0 1696500.0   CHOL 286 16960 16965
1698000.0 1698500.0   CHOL 286 16980 16985
1700000.0 1700500.0   CHOL 286 17000 17005
1701000.0 1701500.0   CHOL 286 17010 17015
1703000.0 1703500.0   CHOL 286 17030 17035
1705500.0 1706000.0   CHOL 286 17055 17060
1707000.0 1707500.0   CHOL 286 17070 17075
1709000.0 1709500.0   CHOL 286 17090 17095
1711000.0 1711500.0   CHOL 286 17110 17115
1713500.0 1714000.0   CHOL 286 17135 17140
1715500.0 1716000.0   CHOL 286 17155 17160
1717500.0 1718000.0   CHOL 286 17175 17180
1718500.0 1719000.0   CHOL 286 17185 17190
1721500.0 1722000.0   CHOL 286 17215 17220
1726000.0 1726500.0   CHOL 286 17260 17265
1727500.0 1728000.0   CHOL 286 17275 17280
1731500.0 1732000.0   CHOL 286 17315 17320
1733500.0 1734000.0   CHOL 286 17335 17340
1736000.0 1736500.0   CHOL 286 17360 17365
1738000.0 1738500.0   CHOL 286 17380 17385
1740500.0 1741000.0   CHOL 286 17405 17410
1742000.0 1742500.0   CHOL 286 17420 17425
1743500.0 1744000.0   CHOL 286 17435 17440
1745000.0 1745500.0   CHOL 286 17450 17455
1747000.0 1747500.0   CHOL 286 17470 17475
1748500.0 1749000.0   CHOL 286 17485 17490
1750000.0 1750500.0   CHOL 286 17500 17505
1751000.0 1751500.0   CHOL 286 17510 17515
1753000.0 1753500.0   CHOL 286 17530 17535
1754000.0 1754500.0   CHOL 286 17540 17545
1756500.0 1757000.0   CHOL 286 17565 17570
1757500.0 1758000.0   CHOL 271 17575 17580
1758500.0 1759000.0   CHOL 271 17585 17590
1758500.0 1759000.0   CHOL 286 17585 17590
1759000.0 1759500.0   CHOL 283 17590 17595
1761000.0 1761500.0   CHOL 286 17610 17615
1762000.0 1762500.0   CHOL 286 17620 17625
1764000.0 1764500.0   CHOL 286 17640 17645
1765000.0 1765500.0   CHOL 286 17650 17655
1767000.0 1767500.0   CHOL 286 17670 17675
1768500.0 1769000.0   CHOL 286 17685 17690
1769500.0 1770000.0   CHOL 286 17695 17700
1773500.0 1774000.0   CHOL 286 17735 17740
1775000.0 1775500.0   CHOL 286 17750 17755
1777000.0 1777500.0   CHOL 286 17770 17775
1780500.0 1781000.0   CHOL 286 17805 17810
1781500.0 1782000.0   CHOL 286 17815 17820
1783500.0 1784000.0   CHOL 286 17835 17840
1787500.0 1788000.0   CHOL 286 17875 17880
1789000.0 1789500.0   CHOL 286 17890 17895
1790000.0 1790500.0   CHOL 286 17900 17905
1790500.0 1791000.0   CHOL 279 17905 17910
1792500.0 1793000.0   CHOL 286 17925 17930
1795500.0 1796000.0   CHOL 286 17955 17960
1797000.0 1797500.0   CHOL 286 17970 17975
1799000.0 1799500.0   CHOL 286 17990 17995
1801500.0 1802000.0   CHOL 286 18015 18020
1805000.0 1805500.0   CHOL 286 18050 18055
1807500.0 1808000.0   CHOL 286 18075 18080
1809500.0 1810000.0   CHOL 286 18095 18100
1811000.0 1811500.0   CHOL 286 18110 18115
1813000.0 1813500.0   CHOL 286 18130 18135
1814000.0 1814500.0   CHOL 286 18140 18145
1817000.0 1817500.0   CHOL 286 18170 18175
1819000.0 1819500.0   CHOL 286 18190 18195
1820500.0 1821000.0   CHOL 272 18205 18210
1821500.0 1822000.0   CHOL 286 18215 18220
1822500.0 1823000.0   CHOL 272 18225 18230
1823000.0 1823500.0   CHOL 286 18230 18235
1824500.0 1825000.0   CHOL 286 18245 18250
1827000.0 1827500.0   CHOL 286 18270 18275
1828500.0 1829000.0   CHOL 286 18285 18290
1829500.0 1830000.0   CHOL 286 18295 18300
1832500.0 1833000.0   CHOL 286 18325 18330
1834500.0 1835000.0   CHOL 286 18345 18350
1836000.0 1836500.0   CHOL 286 18360 18365
1837000.0 1837500.0   CHOL 286 18370 18375
1838000.0 1838500.0   CHOL 286 18380 18385
1842000.0 1842500.0   CHOL 286 18420 18425
1843000.0 1843500.0   CHOL 286 18430 18435
1843500.0 1844000.0   CHOL 278 18435 18440
1844500.0 1845000.0   CHOL 278 18445 18450
1844500.0 1845000.0   CHOL 286 18445 18450
1846500.0 1847000.0   CHOL 286 18465 18470
1847500.0 1848000.0   CHOL 286 18475 18480
1848500.0 1849000.0   CHOL 286 18485 18490
1855500.0 1856000.0   CHOL 286 18555 18560
1859000.0 1859500.0   CHOL 286 18590 18595
1860500.0 1861000.0   CHOL 273 18605 18610
1861000.0 1861500.0   CHOL 286 18610 18615
1862500.0 1863000.0   CHOL 273 18625 18630
1864500.0 1865000.0   CHOL 286 18645 18650
1866500.0 1867000.0   CHOL 286 18665 18670
1868000.0 1868500.0   CHOL 286 18680 18685
1869000.0 1869500.0   CHOL 286 18690 18695
1873000.0 1873500.0   CHOL 286 18730 18735
1876000.0 1876500.0   CHOL 286 18760 18765
1878000.0 1878500.0   CHOL 286 18780 18785
1881000.0 1881500.0   CHOL 286 18810 18815
1885000.0 1885500.0   CHOL 286 18850 18855
1887000.0 1887500.0   CHOL 286 18870 18875
1887500.0 1888000.0   CHOL 277 18875 18880
1888500.0 1889000.0   CHOL 277 18885 18890
1889500.0 1890000.0   CHOL 286 18895 18900
1890500.0 1891000.0   CHOL 277 18905 18910
1892000.0 1892500.0   CHOL 286 18920 18925
1893500.0 1894000.0   CHOL 286 18935 18940
1896000.0 1896500.0   CHOL 286 18960 18965
1896500.0 1897000.0   CHOL 284 18965 18970
1897500.0 1898000.0   CHOL 286 18975 18980
1898500.0 1899000.0   CHOL 284 18985 18990
1899500.0 1900000.0   CHOL 284 18995 19000
1901000.0 1901500.0   CHOL 286 19010 19015
1901500.0 1902000.0   CHOL 284 19015 19020
1902500.0 1903000.0   CHOL 286 19025 19030
1905500.0 1906000.0   CHOL 286 19055 19060
1907000.0 1907500.0   CHOL 286 19070 19075
1908000.0 1908500.0   CHOL 271 19080 19085
1908000.0 1908500.0   CHOL 286 19080 19085
1909000.0 1909500.0   CHOL 286 19090 19095
1910500.0 1911000.0   CHOL 286 19105 19110
1914500.0 1915000.0   CHOL 286 19145 19150
1916500.0 1917000.0   CHOL 286 19165 19170
1917500.0 1918000.0   CHOL 286 19175 19180
1918500.0 1919000.0   CHOL 286 19185 19190
1920000.0 1920500.0   CHOL 286 19200 19205
1921000.0 1921500.0   CHOL 286 19210 19215
1922500.0 1923000.0   CHOL 286 19225 19230
1924500.0 1925000.0   CHOL 286 19245 19250
1925500.0 1926000.0   CHOL 286 19255 19260
1927000.0 1927500.0   CHOL 286 19270 19275
1930000.0 1930500.0   CHOL 286 19300 19305
1933500.0 1934000.0   CHOL 286 19335 19340
1934500.0 1935000.0   CHOL 286 19345 19350
1936500.0 1937000.0   CHOL 286 19365 19370
1938000.0 1938500.0   CHOL 286 19380 19385
1940000.0 1940500.0   CHOL 279 19400 19405
1941000.0 1941500.0   CHOL 286 19410 19415
1943500.0 1944000.0   CHOL 271 19435 19440
1943500.0 1944000.0   CHOL 286 19435 19440
1945500.0 1946000.0   CHOL 286 19455 19460
1946500.0 1947000.0   CHOL 286 19465 19470
1948000.0 1948500.0   CHOL 286 19480 19485
1949000.0 1949500.0   CHOL 286 19490 19495
1950500.0 1951000.0   CHOL 286 19505 19510
1952500.0 1953000.0   CHOL 264 19525 19530
1953000.0 1953500.0   CHOL 286 19530 19535
1954500.0 1955000.0   CHOL 286 19545 19550
1955500.0 1956000.0   CHOL 264 19555 19560
1959000.0 1959500.0   CHOL 268 19590 19595
1959000.0 1959500.0   CHOL 286 19590 19595
1961000.0 1961500.0   CHOL 286 19610 19615
1963000.0 1963500.0   CHOL 286 19630 19635
1965500.0 1966000.0   CHOL 286 19655 19660
1968500.0 1969000.0   CHOL 286 19685 19690
1969500.0 1970000.0   CHOL 286 19695 19700
1970500.0 1971000.0   CHOL 286 19705 19710
1972500.0 1973000.0   CHOL 286 19725 19730
1974000.0 1974500.0   CHOL 286 19740 19745
1976500.0 1977000.0   CHOL 286 19765 19770
1978500.0 1979000.0   CHOL 286 19785 19790
1979500.0 1980000.0   CHOL 286 19795 19800
1980500.0 1981000.0   CHOL 286 19805 19810
1982000.0 1982500.0   CHOL 286 19820 19825
1984000.0 1984500.0   CHOL 286 19840 19845
1985500.0 1986000.0   CHOL 286 19855 19860
1987500.0 1988000.0   CHOL 286 19875 19880
1990500.0 1991000.0   CHOL 269 19905 19910
1990500.0 1991000.0   CHOL 286 19905 19910
1991500.0 1992000.0   CHOL 269 19915 19920
1992500.0 1993000.0   CHOL 269 19925 19930
1992500.0 1993000.0   CHOL 286 19925 19930
1994000.0 1994500.0   CHOL 286 19940 19945
1995000.0 1995500.0   CHOL 269 19950 19955
1996000.0 1996500.0   CHOL 286 19960 19965
1999500.0 2000000.0   CHOL 286 19995 20000
