 Permeation events over simulation time.
 t(ns) Number of events
   0.00000000               0
   1.00000000               0
   2.00000000               0
   3.00000000               0
   4.00000000               0
   5.00000000               0
   6.00000000               0
   7.00000000               0
   8.00000000               0
   9.00000000               0
   10.0000000               0
   11.0000000               0
   12.0000000               0
   13.0000000               0
   14.0000000               0
   15.0000000               0
   16.0000000               0
   17.0000000               0
   18.0000000               0
   19.0000000               0
   20.0000000               0
   21.0000000               0
   22.0000000               0
   23.0000000               0
   24.0000000               0
   25.0000000               0
   26.0000000               0
   27.0000000               0
   28.0000000               0
   29.0000000               0
   30.0000000               0
   31.0000000               0
   32.0000000               0
   33.0000000               0
   34.0000000               0
   35.0000000               0
   36.0000000               0
   37.0000000               0
   38.0000000               0
   39.0000000               0
   40.0000000               0
   41.0000000               0
   42.0000000               0
   43.0000000               0
   44.0000000               0
   45.0000000               0
   46.0000000               0
   47.0000000               0
   48.0000000               0
   49.0000000               0
   50.0000000               0
   51.0000000               0
   52.0000000               0
   53.0000000               0
   54.0000000               0
   55.0000000               0
   56.0000000               0
   57.0000000               0
   58.0000000               0
   59.0000000               0
   60.0000000               0
   61.0000000               0
   62.0000000               0
   63.0000000               0
   64.0000000               0
   65.0000000               0
   66.0000000               0
   67.0000000               0
   68.0000000               0
   69.0000000               0
   70.0000000               0
   71.0000000               0
   72.0000000               0
   73.0000000               0
   74.0000000               0
   75.0000000               0
   76.0000000               0
   77.0000000               0
   78.0000000               0
   79.0000000               0
   80.0000000               0
   81.0000000               0
   82.0000000               0
   83.0000000               0
   84.0000000               0
   85.0000000               0
   86.0000000               0
   87.0000000               0
   88.0000000               0
   89.0000000               0
   90.0000000               0
   91.0000000               0
   92.0000000               0
   93.0000000               0
   94.0000000               0
   95.0000000               0
   96.0000000               0
   97.0000000               0
   98.0000000               0
   99.0000000               0
   100.000000               0
   101.000000               0
   102.000000               0
   103.000000               0
   104.000000               0
   105.000000               0
   106.000000               0
   107.000000               0
   108.000000               0
   109.000000               0
   110.000000               0
   111.000000               0
   112.000000               0
   113.000000               0
   114.000000               0
   115.000000               0
   116.000000               0
   117.000000               0
   118.000000               0
   119.000000               0
   120.000000               0
   121.000000               0
   122.000000               0
   123.000000               0
   124.000000               0
   125.000000               0
   126.000000               0
   127.000000               0
   128.000000               0
   129.000000               0
   130.000000               0
   131.000000               0
   132.000000               0
   133.000000               0
   134.000000               0
   135.000000               0
   136.000000               0
   137.000000               0
   138.000000               0
   139.000000               0
   140.000000               0
   141.000000               0
   142.000000               0
   143.000000               0
   144.000000               0
   145.000000               0
   146.000000               0
   147.000000               0
   148.000000               0
   149.000000               0
   150.000000               0
   151.000000               0
   152.000000               0
   153.000000               0
   154.000000               0
   155.000000               0
   156.000000               0
   157.000000               0
   158.000000               0
   159.000000               0
   160.000000               0
   161.000000               0
   162.000000               0
   163.000000               0
   164.000000               0
   165.000000               0
   166.000000               0
   167.000000               0
   168.000000               0
   169.000000               0
   170.000000               0
   171.000000               0
   172.000000               0
   173.000000               0
   174.000000               0
   175.000000               0
   176.000000               0
   177.000000               0
   178.000000               0
   179.000000               0
   180.000000               0
   181.000000               0
   182.000000               0
   183.000000               0
   184.000000               0
   185.000000               0
   186.000000               0
   187.000000               0
   188.000000               0
   189.000000               0
   190.000000               0
   191.000000               0
   192.000000               0
   193.000000               0
   194.000000               0
   195.000000               0
   196.000000               0
   197.000000               0
   198.000000               0
   199.000000               0
   200.000000               0
   201.000000               0
   202.000000               0
   203.000000               0
   204.000000               0
   205.000000               0
   206.000000               0
   207.000000               0
   208.000000               0
   209.000000               0
   210.000000               0
   211.000000               0
   212.000000               0
   213.000000               0
   214.000000               0
   215.000000               0
   216.000000               0
   217.000000               0
   218.000000               0
   219.000000               0
   220.000000               0
   221.000000               0
   222.000000               0
   223.000000               0
   224.000000               0
   225.000000               0
   226.000000               0
   227.000000               0
   228.000000               0
   229.000000               0
   230.000000               0
   231.000000               0
   232.000000               0
   233.000000               0
   234.000000               0
   235.000000               0
   236.000000               0
   237.000000               0
   238.000000               0
   239.000000               0
   240.000000               0
   241.000000               0
   242.000000               0
   243.000000               0
   244.000000               0
   245.000000               0
   246.000000               0
   247.000000               0
   248.000000               0
   249.000000               0
   250.000000               0
   251.000000               0
   252.000000               0
   253.000000               0
   254.000000               0
   255.000000               0
   256.000000               0
   257.000000               0
   258.000000               0
   259.000000               0
   260.000000               0
   261.000000               0
   262.000000               0
   263.000000               0
   264.000000               0
   265.000000               0
   266.000000               0
   267.000000               0
   268.000000               0
   269.000000               0
   270.000000               0
   271.000000               0
   272.000000               0
   273.000000               0
   274.000000               0
   275.000000               0
   276.000000               0
   277.000000               0
   278.000000               0
   279.000000               0
   280.000000               0
   281.000000               0
   282.000000               0
   283.000000               0
   284.000000               0
   285.000000               0
   286.000000               0
   287.000000               0
   288.000000               0
   289.000000               0
   290.000000               0
   291.000000               0
   292.000000               0
   293.000000               0
   294.000000               0
   295.000000               0
   296.000000               0
   297.000000               0
   298.000000               0
   299.000000               0
   300.000000               0
   301.000000               0
   302.000000               0
   303.000000               0
   304.000000               0
   305.000000               0
   306.000000               0
   307.000000               0
   308.000000               0
   309.000000               0
   310.000000               0
   311.000000               0
   312.000000               0
   313.000000               0
   314.000000               0
   315.000000               0
   316.000000               0
   317.000000               0
   318.000000               0
   319.000000               0
   320.000000               0
   321.000000               0
   322.000000               0
   323.000000               1
   324.000000               1
   325.000000               1
   326.000000               1
   327.000000               1
   328.000000               1
   329.000000               1
   330.000000               1
   331.000000               1
   332.000000               1
   333.000000               1
   334.000000               1
   335.000000               1
   336.000000               1
   337.000000               1
   338.000000               1
   339.000000               1
   340.000000               1
   341.000000               1
   342.000000               1
   343.000000               1
   344.000000               1
   345.000000               1
   346.000000               1
   347.000000               1
   348.000000               1
   349.000000               1
   350.000000               1
   351.000000               1
   352.000000               1
   353.000000               1
   354.000000               1
   355.000000               1
   356.000000               1
   357.000000               1
   358.000000               1
   359.000000               1
   360.000000               1
   361.000000               1
   362.000000               1
   363.000000               1
   364.000000               1
   365.000000               1
   366.000000               1
   367.000000               1
   368.000000               1
   369.000000               1
   370.000000               1
   371.000000               1
   372.000000               1
   373.000000               1
   374.000000               1
   375.000000               1
   376.000000               1
   377.000000               1
   378.000000               1
   379.000000               1
   380.000000               2
   381.000000               2
   382.000000               2
   383.000000               2
   384.000000               2
   385.000000               2
   386.000000               2
   387.000000               2
   388.000000               2
   389.000000               2
   390.000000               2
   391.000000               2
   392.000000               2
   393.000000               2
   394.000000               2
   395.000000               2
   396.000000               2
   397.000000               3
   398.000000               3
   399.000000               3
   400.000000               3
   401.000000               3
   402.000000               3
   403.000000               3
   404.000000               3
   405.000000               3
   406.000000               3
   407.000000               3
   408.000000               3
   409.000000               3
   410.000000               3
   411.000000               3
   412.000000               3
   413.000000               3
   414.000000               3
   415.000000               3
   416.000000               3
   417.000000               3
   418.000000               3
   419.000000               3
   420.000000               3
   421.000000               3
   422.000000               3
   423.000000               3
   424.000000               3
   425.000000               3
   426.000000               3
   427.000000               3
   428.000000               3
   429.000000               3
   430.000000               3
   431.000000               3
   432.000000               3
   433.000000               3
   434.000000               3
   435.000000               3
   436.000000               3
   437.000000               3
   438.000000               3
   439.000000               3
   440.000000               3
   441.000000               3
   442.000000               3
   443.000000               3
   444.000000               3
   445.000000               3
   446.000000               3
   447.000000               3
   448.000000               3
   449.000000               3
   450.000000               3
   451.000000               3
   452.000000               3
   453.000000               3
   454.000000               3
   455.000000               3
   456.000000               3
   457.000000               3
   458.000000               3
   459.000000               3
   460.000000               3
   461.000000               3
   462.000000               3
   463.000000               3
   464.000000               3
   465.000000               3
   466.000000               3
   467.000000               3
   468.000000               3
   469.000000               3
   470.000000               3
   471.000000               3
   472.000000               3
   473.000000               3
   474.000000               3
   475.000000               3
   476.000000               3
   477.000000               3
   478.000000               3
   479.000000               3
   480.000000               3
   481.000000               3
   482.000000               3
   483.000000               3
   484.000000               3
   485.000000               3
   486.000000               3
   487.000000               3
   488.000000               3
   489.000000               3
   490.000000               3
   491.000000               3
   492.000000               3
   493.000000               3
   494.000000               3
   495.000000               3
   496.000000               3
   497.000000               3
   498.000000               3
   499.000000               3
   500.000000               3
   501.000000               3
   502.000000               3
   503.000000               3
   504.000000               3
   505.000000               3
   506.000000               3
   507.000000               3
   508.000000               3
   509.000000               3
   510.000000               3
   511.000000               3
   512.000000               3
   513.000000               3
   514.000000               3
   515.000000               3
   516.000000               3
   517.000000               3
   518.000000               3
   519.000000               3
   520.000000               3
   521.000000               3
   522.000000               3
   523.000000               3
   524.000000               3
   525.000000               3
   526.000000               3
   527.000000               3
   528.000000               3
   529.000000               3
   530.000000               3
   531.000000               3
   532.000000               3
   533.000000               3
   534.000000               3
   535.000000               3
   536.000000               3
   537.000000               3
   538.000000               3
   539.000000               3
   540.000000               3
   541.000000               3
   542.000000               3
   543.000000               3
   544.000000               3
   545.000000               3
   546.000000               3
   547.000000               3
   548.000000               3
   549.000000               3
   550.000000               3
   551.000000               3
   552.000000               3
   553.000000               3
   554.000000               3
   555.000000               3
   556.000000               3
   557.000000               3
   558.000000               3
   559.000000               3
   560.000000               3
   561.000000               3
   562.000000               3
   563.000000               3
   564.000000               3
   565.000000               3
   566.000000               3
   567.000000               3
   568.000000               3
   569.000000               3
   570.000000               3
   571.000000               3
   572.000000               3
   573.000000               3
   574.000000               3
   575.000000               3
   576.000000               3
   577.000000               3
   578.000000               3
   579.000000               3
   580.000000               3
   581.000000               3
   582.000000               3
   583.000000               3
   584.000000               3
   585.000000               3
   586.000000               3
   587.000000               3
   588.000000               3
   589.000000               3
   590.000000               3
   591.000000               3
   592.000000               3
   593.000000               3
   594.000000               3
   595.000000               3
   596.000000               3
   597.000000               3
   598.000000               3
   599.000000               3
   600.000000               3
   601.000000               3
   602.000000               3
   603.000000               3
   604.000000               3
   605.000000               3
   606.000000               3
   607.000000               3
   608.000000               3
   609.000000               3
   610.000000               3
   611.000000               3
   612.000000               3
   613.000000               3
   614.000000               3
   615.000000               3
   616.000000               3
   617.000000               3
   618.000000               3
   619.000000               3
   620.000000               3
   621.000000               3
   622.000000               3
   623.000000               3
   624.000000               3
   625.000000               3
   626.000000               3
   627.000000               3
   628.000000               3
   629.000000               3
   630.000000               3
   631.000000               3
   632.000000               3
   633.000000               3
   634.000000               3
   635.000000               3
   636.000000               3
   637.000000               3
   638.000000               3
   639.000000               3
   640.000000               3
   641.000000               3
   642.000000               3
   643.000000               3
   644.000000               3
   645.000000               3
   646.000000               3
   647.000000               3
   648.000000               3
   649.000000               3
   650.000000               3
   651.000000               3
   652.000000               3
   653.000000               3
   654.000000               3
   655.000000               3
   656.000000               3
   657.000000               3
   658.000000               3
   659.000000               3
   660.000000               3
   661.000000               3
   662.000000               3
   663.000000               3
   664.000000               3
   665.000000               3
   666.000000               3
   667.000000               3
   668.000000               3
   669.000000               3
   670.000000               3
   671.000000               3
   672.000000               3
   673.000000               3
   674.000000               3
   675.000000               3
   676.000000               3
   677.000000               3
   678.000000               3
   679.000000               3
   680.000000               3
   681.000000               3
   682.000000               3
   683.000000               3
   684.000000               3
   685.000000               3
   686.000000               3
   687.000000               3
   688.000000               3
   689.000000               3
   690.000000               3
   691.000000               3
   692.000000               3
   693.000000               3
   694.000000               3
   695.000000               3
   696.000000               3
   697.000000               3
   698.000000               3
   699.000000               3
   700.000000               3
   701.000000               3
   702.000000               3
   703.000000               3
   704.000000               3
   705.000000               3
   706.000000               3
   707.000000               3
   708.000000               3
   709.000000               3
   710.000000               3
   711.000000               3
   712.000000               3
   713.000000               3
   714.000000               3
   715.000000               3
   716.000000               3
   717.000000               3
   718.000000               3
   719.000000               3
   720.000000               3
   721.000000               3
   722.000000               3
   723.000000               3
   724.000000               3
   725.000000               3
   726.000000               3
   727.000000               3
   728.000000               3
   729.000000               3
   730.000000               3
   731.000000               3
   732.000000               3
   733.000000               3
   734.000000               3
   735.000000               3
   736.000000               3
   737.000000               3
   738.000000               3
   739.000000               3
   740.000000               3
   741.000000               3
   742.000000               3
   743.000000               3
   744.000000               3
   745.000000               3
   746.000000               3
   747.000000               3
   748.000000               3
   749.000000               3
   750.000000               3
   751.000000               3
   752.000000               3
   753.000000               3
   754.000000               3
   755.000000               3
   756.000000               3
   757.000000               3
   758.000000               3
   759.000000               3
   760.000000               3
   761.000000               3
   762.000000               3
   763.000000               3
   764.000000               3
   765.000000               3
   766.000000               3
   767.000000               3
   768.000000               3
   769.000000               3
   770.000000               3
   771.000000               3
   772.000000               3
   773.000000               3
   774.000000               3
   775.000000               3
   776.000000               3
   777.000000               3
   778.000000               3
   779.000000               3
   780.000000               3
   781.000000               3
   782.000000               3
   783.000000               3
   784.000000               3
   785.000000               3
   786.000000               3
   787.000000               3
   788.000000               3
   789.000000               3
   790.000000               3
   791.000000               3
   792.000000               3
   793.000000               3
   794.000000               3
   795.000000               3
   796.000000               3
   797.000000               3
   798.000000               3
   799.000000               3
   800.000000               3
   801.000000               3
   802.000000               3
   803.000000               3
   804.000000               3
   805.000000               3
   806.000000               3
   807.000000               3
   808.000000               3
   809.000000               3
   810.000000               3
   811.000000               3
   812.000000               3
   813.000000               3
   814.000000               3
   815.000000               3
   816.000000               3
   817.000000               3
   818.000000               3
   819.000000               3
   820.000000               3
   821.000000               3
   822.000000               3
   823.000000               3
   824.000000               3
   825.000000               3
   826.000000               3
   827.000000               3
   828.000000               3
   829.000000               3
   830.000000               3
   831.000000               3
   832.000000               3
   833.000000               3
   834.000000               3
   835.000000               3
   836.000000               3
   837.000000               3
   838.000000               3
   839.000000               3
   840.000000               3
   841.000000               3
   842.000000               3
   843.000000               3
   844.000000               3
   845.000000               3
   846.000000               3
   847.000000               3
   848.000000               3
   849.000000               3
   850.000000               3
   851.000000               3
   852.000000               3
   853.000000               3
   854.000000               3
   855.000000               3
   856.000000               3
   857.000000               3
   858.000000               3
   859.000000               3
   860.000000               3
   861.000000               3
   862.000000               3
   863.000000               3
   864.000000               3
   865.000000               3
   866.000000               3
   867.000000               3
   868.000000               3
   869.000000               3
   870.000000               3
   871.000000               3
   872.000000               3
   873.000000               3
   874.000000               3
   875.000000               3
   876.000000               3
   877.000000               3
   878.000000               3
   879.000000               3
   880.000000               3
   881.000000               3
   882.000000               3
   883.000000               3
   884.000000               3
   885.000000               3
   886.000000               3
   887.000000               3
   888.000000               3
   889.000000               3
   890.000000               3
   891.000000               3
   892.000000               3
   893.000000               3
   894.000000               3
   895.000000               3
   896.000000               3
   897.000000               3
   898.000000               3
   899.000000               3
   900.000000               3
   901.000000               3
   902.000000               3
   903.000000               3
   904.000000               3
   905.000000               3
   906.000000               3
   907.000000               3
   908.000000               3
   909.000000               3
   910.000000               3
   911.000000               3
   912.000000               3
   913.000000               3
   914.000000               3
   915.000000               3
   916.000000               3
   917.000000               3
   918.000000               3
   919.000000               3
   920.000000               3
   921.000000               3
   922.000000               3
   923.000000               3
   924.000000               3
   925.000000               3
   926.000000               3
   927.000000               3
   928.000000               3
   929.000000               3
   930.000000               3
   931.000000               3
   932.000000               3
   933.000000               3
   934.000000               3
   935.000000               3
   936.000000               3
   937.000000               3
   938.000000               3
   939.000000               3
   940.000000               3
   941.000000               3
   942.000000               3
   943.000000               3
   944.000000               3
   945.000000               3
   946.000000               3
   947.000000               3
   948.000000               3
   949.000000               3
   950.000000               3
   951.000000               3
   952.000000               3
   953.000000               3
   954.000000               3
   955.000000               3
   956.000000               3
   957.000000               3
   958.000000               3
   959.000000               3
   960.000000               3
   961.000000               3
   962.000000               3
   963.000000               3
   964.000000               3
   965.000000               3
   966.000000               3
   967.000000               3
   968.000000               3
   969.000000               3
   970.000000               3
   971.000000               3
   972.000000               3
   973.000000               3
   974.000000               3
   975.000000               3
   976.000000               3
   977.000000               3
   978.000000               3
   979.000000               3
   980.000000               3
   981.000000               3
   982.000000               3
   983.000000               3
   984.000000               3
   985.000000               3
   986.000000               3
   987.000000               3
   988.000000               3
   989.000000               3
   990.000000               3
   991.000000               3
   992.000000               3
   993.000000               3
   994.000000               3
   995.000000               3
   996.000000               3
   997.000000               3
   998.000000               3
   999.000000               3
   1000.00000               3
