 Permeation events over simulation time.
 t(ns) Number of events
   0.00000000               0
   1.00000000               0
   2.00000000               0
   3.00000000               0
   4.00000000               0
   5.00000000               0
   6.00000000               0
   7.00000000               0
   8.00000000               0
   9.00000000               0
   10.0000000               0
   11.0000000               1
   12.0000000               1
   13.0000000               2
   14.0000000               3
   15.0000000               4
   16.0000000               6
   17.0000000               8
   18.0000000               8
   19.0000000               9
   20.0000000               9
   21.0000000              11
   22.0000000              14
   23.0000000              16
   24.0000000              18
   25.0000000              18
   26.0000000              18
   27.0000000              18
   28.0000000              18
   29.0000000              18
   30.0000000              18
   31.0000000              18
   32.0000000              18
   33.0000000              22
   34.0000000              26
   35.0000000              27
   36.0000000              27
   37.0000000              27
   38.0000000              28
   39.0000000              29
   40.0000000              29
   41.0000000              30
   42.0000000              31
   43.0000000              31
   44.0000000              31
   45.0000000              32
   46.0000000              34
   47.0000000              35
   48.0000000              35
   49.0000000              35
   50.0000000              35
   51.0000000              36
   52.0000000              36
   53.0000000              37
   54.0000000              39
   55.0000000              40
   56.0000000              40
   57.0000000              40
   58.0000000              40
   59.0000000              40
   60.0000000              40
   61.0000000              40
   62.0000000              40
   63.0000000              40
   64.0000000              40
   65.0000000              40
   66.0000000              41
   67.0000000              41
   68.0000000              41
   69.0000000              41
   70.0000000              42
   71.0000000              43
   72.0000000              43
   73.0000000              43
   74.0000000              43
   75.0000000              43
   76.0000000              43
   77.0000000              44
   78.0000000              44
   79.0000000              45
   80.0000000              46
   81.0000000              47
   82.0000000              49
   83.0000000              50
   84.0000000              51
   85.0000000              52
   86.0000000              52
   87.0000000              52
   88.0000000              52
   89.0000000              52
   90.0000000              53
   91.0000000              54
   92.0000000              54
   93.0000000              54
   94.0000000              54
   95.0000000              54
   96.0000000              54
   97.0000000              54
   98.0000000              56
   99.0000000              58
   100.000000              59
   101.000000              59
   102.000000              59
   103.000000              59
   104.000000              61
   105.000000              63
   106.000000              65
   107.000000              67
   108.000000              68
   109.000000              69
   110.000000              70
   111.000000              70
   112.000000              70
   113.000000              70
   114.000000              70
   115.000000              70
   116.000000              70
   117.000000              70
   118.000000              72
   119.000000              73
   120.000000              73
   121.000000              73
   122.000000              73
   123.000000              74
   124.000000              75
   125.000000              75
   126.000000              75
   127.000000              75
   128.000000              75
   129.000000              77
   130.000000              78
   131.000000              79
   132.000000              80
   133.000000              80
   134.000000              81
   135.000000              83
   136.000000              83
   137.000000              83
   138.000000              84
   139.000000              85
   140.000000              86
   141.000000              89
   142.000000              92
   143.000000              92
   144.000000              92
   145.000000              93
   146.000000              94
   147.000000              95
   148.000000              95
   149.000000              96
   150.000000              96
   151.000000              97
   152.000000              98
   153.000000              98
   154.000000              98
   155.000000              98
   156.000000              98
   157.000000             100
   158.000000             102
   159.000000             102
   160.000000             102
   161.000000             102
   162.000000             102
   163.000000             102
   164.000000             102
   165.000000             102
   166.000000             103
   167.000000             105
   168.000000             106
   169.000000             110
   170.000000             114
   171.000000             116
   172.000000             116
   173.000000             116
   174.000000             117
   175.000000             118
   176.000000             119
   177.000000             120
   178.000000             121
   179.000000             122
   180.000000             123
   181.000000             124
   182.000000             126
   183.000000             126
   184.000000             126
   185.000000             126
   186.000000             126
   187.000000             128
   188.000000             130
   189.000000             132
   190.000000             133
   191.000000             134
   192.000000             135
   193.000000             135
   194.000000             135
   195.000000             136
   196.000000             136
   197.000000             136
   198.000000             137
   199.000000             137
   200.000000             137
   201.000000             137
   202.000000             138
   203.000000             139
   204.000000             139
   205.000000             139
   206.000000             140
   207.000000             140
   208.000000             140
   209.000000             140
   210.000000             141
   211.000000             141
   212.000000             141
   213.000000             141
   214.000000             141
   215.000000             141
   216.000000             141
   217.000000             142
   218.000000             142
   219.000000             143
   220.000000             144
   221.000000             144
   222.000000             145
   223.000000             146
   224.000000             146
   225.000000             146
   226.000000             146
   227.000000             146
   228.000000             146
   229.000000             146
   230.000000             146
   231.000000             146
   232.000000             146
   233.000000             146
   234.000000             146
   235.000000             146
   236.000000             146
   237.000000             146
   238.000000             147
   239.000000             147
   240.000000             147
   241.000000             147
   242.000000             147
   243.000000             147
   244.000000             147
   245.000000             148
   246.000000             148
   247.000000             148
   248.000000             149
   249.000000             150
   250.000000             150
   251.000000             151
   252.000000             152
   253.000000             153
   254.000000             155
   255.000000             157
   256.000000             158
   257.000000             159
   258.000000             159
   259.000000             159
   260.000000             160
   261.000000             161
   262.000000             161
   263.000000             161
   264.000000             162
   265.000000             162
   266.000000             162
   267.000000             162
   268.000000             162
   269.000000             163
   270.000000             164
   271.000000             164
   272.000000             165
   273.000000             167
   274.000000             167
   275.000000             167
   276.000000             168
   277.000000             168
   278.000000             168
   279.000000             168
   280.000000             168
   281.000000             169
   282.000000             170
   283.000000             170
   284.000000             171
   285.000000             172
   286.000000             172
   287.000000             172
   288.000000             173
   289.000000             174
   290.000000             174
   291.000000             174
   292.000000             174
   293.000000             174
   294.000000             175
   295.000000             178
   296.000000             180
   297.000000             180
   298.000000             183
   299.000000             187
   300.000000             187
   301.000000             188
   302.000000             188
   303.000000             188
   304.000000             188
   305.000000             189
   306.000000             189
   307.000000             189
   308.000000             189
   309.000000             189
   310.000000             189
   311.000000             189
   312.000000             189
   313.000000             189
   314.000000             189
   315.000000             189
   316.000000             190
   317.000000             191
   318.000000             191
   319.000000             191
   320.000000             191
   321.000000             191
   322.000000             191
   323.000000             191
   324.000000             191
   325.000000             191
   326.000000             191
   327.000000             192
   328.000000             193
   329.000000             193
   330.000000             193
   331.000000             193
   332.000000             193
   333.000000             193
   334.000000             195
   335.000000             198
   336.000000             200
   337.000000             201
   338.000000             203
   339.000000             205
   340.000000             205
   341.000000             206
   342.000000             207
   343.000000             208
   344.000000             208
   345.000000             210
   346.000000             211
   347.000000             212
   348.000000             213
   349.000000             213
   350.000000             213
   351.000000             215
   352.000000             218
   353.000000             218
   354.000000             218
   355.000000             218
   356.000000             218
   357.000000             218
   358.000000             219
   359.000000             221
   360.000000             222
   361.000000             223
   362.000000             224
   363.000000             225
   364.000000             225
   365.000000             225
   366.000000             225
   367.000000             226
   368.000000             227
   369.000000             227
   370.000000             227
   371.000000             227
   372.000000             227
   373.000000             227
   374.000000             227
   375.000000             227
   376.000000             227
   377.000000             227
   378.000000             227
   379.000000             227
   380.000000             227
   381.000000             228
   382.000000             230
   383.000000             231
   384.000000             232
   385.000000             233
   386.000000             233
   387.000000             233
   388.000000             233
   389.000000             233
   390.000000             233
   391.000000             233
   392.000000             234
   393.000000             235
   394.000000             235
   395.000000             235
   396.000000             236
   397.000000             237
   398.000000             239
   399.000000             241
   400.000000             241
   401.000000             241
   402.000000             242
   403.000000             243
   404.000000             244
   405.000000             246
   406.000000             249
   407.000000             251
   408.000000             253
   409.000000             254
   410.000000             254
   411.000000             254
   412.000000             254
   413.000000             254
   414.000000             254
   415.000000             256
   416.000000             257
   417.000000             258
   418.000000             258
   419.000000             259
   420.000000             259
   421.000000             260
   422.000000             261
   423.000000             262
   424.000000             262
   425.000000             262
   426.000000             264
   427.000000             265
   428.000000             265
   429.000000             266
   430.000000             267
   431.000000             269
   432.000000             270
   433.000000             270
   434.000000             271
   435.000000             273
   436.000000             274
   437.000000             274
   438.000000             274
   439.000000             274
   440.000000             274
   441.000000             275
   442.000000             278
   443.000000             284
   444.000000             288
   445.000000             289
   446.000000             291
   447.000000             291
   448.000000             291
   449.000000             291
   450.000000             292
   451.000000             294
   452.000000             294
   453.000000             294
   454.000000             295
   455.000000             296
   456.000000             296
   457.000000             296
   458.000000             296
   459.000000             297
   460.000000             297
   461.000000             297
   462.000000             297
   463.000000             298
   464.000000             299
   465.000000             299
   466.000000             299
   467.000000             300
   468.000000             300
   469.000000             300
   470.000000             300
   471.000000             300
   472.000000             300
   473.000000             300
   474.000000             300
   475.000000             301
   476.000000             302
   477.000000             302
   478.000000             302
   479.000000             302
   480.000000             302
   481.000000             303
   482.000000             304
   483.000000             305
   484.000000             306
   485.000000             306
   486.000000             306
   487.000000             307
   488.000000             308
   489.000000             308
   490.000000             309
   491.000000             311
   492.000000             312
   493.000000             312
   494.000000             312
   495.000000             312
   496.000000             313
   497.000000             314
   498.000000             314
   499.000000             314
   500.000000             316
   501.000000             318
   502.000000             318
   503.000000             319
   504.000000             321
   505.000000             321
   506.000000             321
   507.000000             322
   508.000000             323
   509.000000             323
   510.000000             323
   511.000000             323
   512.000000             323
   513.000000             323
   514.000000             323
   515.000000             323
   516.000000             323
   517.000000             323
   518.000000             324
   519.000000             326
   520.000000             326
   521.000000             327
   522.000000             328
   523.000000             328
   524.000000             328
   525.000000             328
   526.000000             329
   527.000000             332
   528.000000             334
   529.000000             335
   530.000000             335
   531.000000             335
   532.000000             335
   533.000000             335
   534.000000             335
   535.000000             335
   536.000000             335
   537.000000             335
   538.000000             335
   539.000000             335
   540.000000             335
   541.000000             335
   542.000000             336
   543.000000             337
   544.000000             337
   545.000000             337
   546.000000             337
   547.000000             337
   548.000000             337
   549.000000             338
   550.000000             338
   551.000000             339
   552.000000             339
   553.000000             339
   554.000000             339
   555.000000             342
   556.000000             346
   557.000000             347
   558.000000             348
   559.000000             349
   560.000000             350
   561.000000             350
   562.000000             350
   563.000000             351
   564.000000             351
   565.000000             351
   566.000000             352
   567.000000             354
   568.000000             354
   569.000000             355
   570.000000             358
   571.000000             359
   572.000000             360
   573.000000             362
   574.000000             365
   575.000000             368
   576.000000             369
   577.000000             370
   578.000000             371
   579.000000             371
   580.000000             371
   581.000000             371
   582.000000             371
   583.000000             371
   584.000000             371
   585.000000             371
   586.000000             371
   587.000000             372
   588.000000             373
   589.000000             374
   590.000000             376
   591.000000             380
   592.000000             383
   593.000000             383
   594.000000             384
   595.000000             385
   596.000000             385
   597.000000             386
   598.000000             387
   599.000000             387
   600.000000             387
   601.000000             388
   602.000000             388
   603.000000             389
   604.000000             390
   605.000000             391
   606.000000             392
   607.000000             394
   608.000000             394
   609.000000             395
   610.000000             395
   611.000000             396
   612.000000             397
   613.000000             399
   614.000000             400
   615.000000             400
   616.000000             401
   617.000000             404
   618.000000             406
   619.000000             406
   620.000000             406
   621.000000             407
   622.000000             409
   623.000000             410
   624.000000             410
   625.000000             410
   626.000000             410
   627.000000             410
   628.000000             411
   629.000000             411
   630.000000             412
   631.000000             413
   632.000000             413
   633.000000             413
   634.000000             413
   635.000000             414
   636.000000             416
   637.000000             419
   638.000000             421
   639.000000             421
   640.000000             421
   641.000000             421
   642.000000             421
   643.000000             421
   644.000000             422
   645.000000             423
   646.000000             423
   647.000000             423
   648.000000             424
   649.000000             425
   650.000000             426
   651.000000             428
   652.000000             430
   653.000000             431
   654.000000             431
   655.000000             431
   656.000000             432
   657.000000             433
   658.000000             433
   659.000000             434
   660.000000             435
   661.000000             435
   662.000000             435
   663.000000             435
   664.000000             435
   665.000000             436
   666.000000             437
   667.000000             438
   668.000000             439
   669.000000             440
   670.000000             440
   671.000000             441
   672.000000             441
   673.000000             442
   674.000000             443
   675.000000             446
   676.000000             449
   677.000000             449
   678.000000             449
   679.000000             451
   680.000000             453
   681.000000             455
   682.000000             456
   683.000000             456
   684.000000             456
   685.000000             456
   686.000000             456
   687.000000             456
   688.000000             458
   689.000000             461
   690.000000             462
   691.000000             462
   692.000000             462
   693.000000             462
   694.000000             462
   695.000000             462
   696.000000             463
   697.000000             465
   698.000000             465
   699.000000             465
   700.000000             465
   701.000000             465
   702.000000             465
   703.000000             465
   704.000000             465
   705.000000             466
   706.000000             468
   707.000000             470
   708.000000             470
   709.000000             471
   710.000000             472
   711.000000             472
   712.000000             472
   713.000000             473
   714.000000             473
   715.000000             473
   716.000000             473
   717.000000             473
   718.000000             473
   719.000000             473
   720.000000             473
   721.000000             475
   722.000000             476
   723.000000             476
   724.000000             476
   725.000000             476
   726.000000             477
   727.000000             478
   728.000000             478
   729.000000             478
   730.000000             480
   731.000000             482
   732.000000             482
   733.000000             483
   734.000000             483
   735.000000             483
   736.000000             483
   737.000000             483
   738.000000             485
   739.000000             487
   740.000000             488
   741.000000             488
   742.000000             488
   743.000000             489
   744.000000             490
   745.000000             490
   746.000000             491
   747.000000             491
   748.000000             491
   749.000000             492
   750.000000             493
   751.000000             494
   752.000000             495
   753.000000             495
   754.000000             495
   755.000000             496
   756.000000             498
   757.000000             500
   758.000000             501
   759.000000             502
   760.000000             502
   761.000000             502
   762.000000             502
   763.000000             502
   764.000000             502
   765.000000             502
   766.000000             502
   767.000000             502
   768.000000             502
   769.000000             503
   770.000000             504
   771.000000             504
   772.000000             504
   773.000000             504
   774.000000             505
   775.000000             505
   776.000000             505
   777.000000             505
   778.000000             505
   779.000000             506
   780.000000             507
   781.000000             508
   782.000000             509
   783.000000             510
   784.000000             512
   785.000000             513
   786.000000             513
   787.000000             513
   788.000000             513
   789.000000             513
   790.000000             513
   791.000000             514
   792.000000             515
   793.000000             515
   794.000000             516
   795.000000             517
   796.000000             519
   797.000000             521
   798.000000             521
   799.000000             521
   800.000000             521
   801.000000             521
   802.000000             521
   803.000000             521
   804.000000             521
   805.000000             522
   806.000000             522
   807.000000             523
   808.000000             523
   809.000000             523
   810.000000             525
   811.000000             527
   812.000000             527
   813.000000             527
   814.000000             528
   815.000000             530
   816.000000             532
   817.000000             532
   818.000000             533
   819.000000             534
   820.000000             534
   821.000000             534
   822.000000             534
   823.000000             534
   824.000000             536
   825.000000             540
   826.000000             540
   827.000000             542
   828.000000             545
   829.000000             547
   830.000000             548
   831.000000             548
   832.000000             548
   833.000000             548
   834.000000             549
   835.000000             550
   836.000000             551
   837.000000             552
   838.000000             552
   839.000000             552
   840.000000             553
   841.000000             554
   842.000000             556
   843.000000             558
   844.000000             558
   845.000000             560
   846.000000             562
   847.000000             563
   848.000000             564
   849.000000             564
   850.000000             564
   851.000000             564
   852.000000             565
   853.000000             566
   854.000000             566
   855.000000             566
   856.000000             567
   857.000000             568
   858.000000             569
   859.000000             569
   860.000000             570
   861.000000             571
   862.000000             572
   863.000000             573
   864.000000             575
   865.000000             576
   866.000000             577
   867.000000             577
   868.000000             577
   869.000000             580
   870.000000             581
   871.000000             581
   872.000000             581
   873.000000             581
   874.000000             581
   875.000000             581
   876.000000             581
   877.000000             582
   878.000000             583
   879.000000             584
   880.000000             586
   881.000000             587
   882.000000             587
   883.000000             587
   884.000000             587
   885.000000             590
   886.000000             591
   887.000000             591
   888.000000             591
   889.000000             592
   890.000000             592
   891.000000             593
   892.000000             593
   893.000000             593
   894.000000             593
   895.000000             593
   896.000000             594
   897.000000             596
   898.000000             598
   899.000000             600
   900.000000             601
   901.000000             601
   902.000000             601
   903.000000             601
   904.000000             601
   905.000000             601
   906.000000             601
   907.000000             601
   908.000000             603
   909.000000             604
   910.000000             607
   911.000000             610
   912.000000             611
   913.000000             612
   914.000000             613
   915.000000             614
   916.000000             615
   917.000000             616
   918.000000             618
   919.000000             619
   920.000000             619
   921.000000             619
   922.000000             619
   923.000000             620
   924.000000             623
   925.000000             623
   926.000000             624
   927.000000             625
   928.000000             626
   929.000000             626
   930.000000             626
   931.000000             628
   932.000000             629
   933.000000             629
   934.000000             631
   935.000000             631
   936.000000             631
   937.000000             632
   938.000000             633
   939.000000             633
   940.000000             634
   941.000000             634
   942.000000             635
   943.000000             637
   944.000000             638
   945.000000             639
   946.000000             639
   947.000000             639
   948.000000             641
   949.000000             642
   950.000000             643
   951.000000             644
   952.000000             644
   953.000000             644
   954.000000             644
   955.000000             644
   956.000000             644
   957.000000             644
   958.000000             644
   959.000000             644
   960.000000             644
   961.000000             644
   962.000000             645
   963.000000             645
   964.000000             645
   965.000000             645
   966.000000             645
   967.000000             645
   968.000000             645
   969.000000             646
   970.000000             648
   971.000000             650
   972.000000             650
   973.000000             650
   974.000000             651
   975.000000             652
   976.000000             653
   977.000000             656
   978.000000             658
   979.000000             658
   980.000000             658
   981.000000             659
   982.000000             660
   983.000000             660
   984.000000             660
   985.000000             660
   986.000000             661
   987.000000             662
   988.000000             662
   989.000000             664
   990.000000             666
   991.000000             667
   992.000000             669
   993.000000             669
   994.000000             669
   995.000000             670
   996.000000             671
   997.000000             671
   998.000000             671
   999.000000             671
   1000.00000             671
