 Permeation events over simulation time.
 t(ns) Number of events
   0.00000000               0
  0.100000001               0
  0.200000003               0
  0.300000012               0
  0.400000006               0
  0.500000000               0
  0.600000024               0
  0.699999988               0
  0.800000012               0
  0.899999976               0
   1.00000000               0
   1.10000002               0
   1.20000005               0
   1.29999995               0
   1.39999998               0
   1.50000000               0
   1.60000002               0
   1.70000005               0
   1.79999995               0
   1.89999998               0
   2.00000000               0
   2.09999990               0
   2.20000005               0
   2.29999995               0
   2.40000010               0
   2.50000000               0
   2.59999990               0
   2.70000005               0
   2.79999995               0
   2.90000010               0
   3.00000000               0
   3.09999990               0
   3.20000005               0
   3.29999995               0
   3.40000010               0
   3.50000000               0
   3.59999990               0
   3.70000005               0
   3.79999995               0
   3.90000010               0
   4.00000000               0
   4.09999990               0
   4.19999981               0
   4.30000019               0
   4.40000010               0
   4.50000000               0
   4.59999990               0
   4.69999981               0
   4.80000019               0
   4.90000010               0
   5.00000000               0
   5.09999990               0
   5.19999981               0
   5.30000019               0
   5.40000010               0
   5.50000000               0
   5.59999990               0
   5.69999981               0
   5.80000019               0
   5.90000010               0
   6.00000000               0
   6.09999990               0
   6.19999981               0
   6.30000019               0
   6.40000010               0
   6.50000000               0
   6.59999990               0
   6.69999981               0
   6.80000019               0
   6.90000010               0
   7.00000000               0
   7.09999990               0
   7.19999981               0
   7.30000019               0
   7.40000010               0
   7.50000000               0
   7.59999990               0
   7.69999981               0
   7.80000019               0
   7.90000010               0
   8.00000000               0
   8.10000038               0
   8.19999981               0
   8.30000019               0
   8.39999962               0
   8.50000000               0
   8.60000038               0
   8.69999981               0
   8.80000019               0
   8.89999962               0
   9.00000000               0
   9.10000038               0
   9.19999981               0
   9.30000019               0
   9.39999962               0
   9.50000000               0
   9.60000038               0
   9.69999981               0
   9.80000019               0
   9.89999962               0
   10.0000000               0
   10.1000004               0
   10.1999998               0
   10.3000002               0
   10.3999996               0
   10.5000000               0
   10.6000004               0
   10.6999998               0
   10.8000002               0
   10.8999996               0
   11.0000000               0
   11.1000004               0
   11.1999998               0
   11.3000002               0
   11.3999996               0
   11.5000000               0
   11.6000004               0
   11.6999998               0
   11.8000002               0
   11.8999996               0
   12.0000000               0
   12.1000004               0
   12.1999998               0
   12.3000002               0
   12.3999996               0
   12.5000000               0
   12.6000004               0
   12.6999998               0
   12.8000002               0
   12.8999996               0
   13.0000000               0
   13.1000004               0
   13.1999998               0
   13.3000002               0
   13.3999996               0
   13.5000000               0
   13.6000004               0
   13.6999998               0
   13.8000002               0
   13.8999996               0
   14.0000000               0
   14.1000004               0
   14.1999998               0
   14.3000002               0
   14.3999996               0
   14.5000000               0
   14.6000004               0
   14.6999998               0
   14.8000002               1
   14.8999996               1
   15.0000000               1
   15.1000004               1
   15.1999998               1
   15.3000002               1
   15.3999996               1
   15.5000000               1
   15.6000004               1
   15.6999998               1
   15.8000002               2
   15.8999996               2
   16.0000000               2
   16.1000004               2
   16.2000008               2
   16.2999992               2
   16.3999996               2
   16.5000000               2
   16.6000004               2
   16.7000008               2
   16.7999992               2
   16.8999996               2
   17.0000000               2
   17.1000004               2
   17.2000008               2
   17.2999992               2
   17.3999996               2
   17.5000000               2
   17.6000004               2
   17.7000008               2
   17.7999992               2
   17.8999996               2
   18.0000000               2
   18.1000004               2
   18.2000008               2
   18.2999992               2
   18.3999996               2
   18.5000000               2
   18.6000004               2
   18.7000008               2
   18.7999992               2
   18.8999996               2
   19.0000000               2
   19.1000004               2
   19.2000008               2
   19.2999992               2
   19.3999996               2
   19.5000000               2
   19.6000004               2
   19.7000008               2
   19.7999992               2
   19.8999996               2
   20.0000000               2
   20.1000004               2
   20.2000008               2
   20.2999992               2
   20.3999996               2
   20.5000000               2
   20.6000004               2
   20.7000008               2
   20.7999992               2
   20.8999996               2
   21.0000000               2
   21.1000004               2
   21.2000008               2
   21.2999992               2
   21.3999996               2
   21.5000000               2
   21.6000004               2
   21.7000008               2
   21.7999992               2
   21.8999996               2
   22.0000000               2
   22.1000004               2
   22.2000008               2
   22.2999992               2
   22.3999996               2
   22.5000000               2
   22.6000004               2
   22.7000008               2
   22.7999992               2
   22.8999996               2
   23.0000000               2
   23.1000004               2
   23.2000008               2
   23.2999992               2
   23.3999996               2
   23.5000000               2
   23.6000004               2
   23.7000008               2
   23.7999992               2
   23.8999996               2
   24.0000000               2
   24.1000004               2
   24.2000008               2
   24.2999992               2
   24.3999996               2
   24.5000000               2
   24.6000004               2
   24.7000008               2
   24.7999992               2
   24.8999996               2
   25.0000000               2
   25.1000004               2
   25.2000008               2
   25.2999992               2
   25.3999996               2
   25.5000000               2
   25.6000004               2
   25.7000008               2
   25.7999992               2
   25.8999996               2
   26.0000000               2
   26.1000004               2
   26.2000008               2
   26.2999992               2
   26.3999996               2
   26.5000000               2
   26.6000004               2
   26.7000008               2
   26.7999992               2
   26.8999996               2
   27.0000000               2
   27.1000004               2
   27.2000008               2
   27.2999992               2
   27.3999996               2
   27.5000000               2
   27.6000004               2
   27.7000008               2
   27.7999992               2
   27.8999996               2
   28.0000000               2
   28.1000004               2
   28.2000008               2
   28.2999992               2
   28.3999996               2
   28.5000000               3
   28.6000004               3
   28.7000008               3
   28.7999992               3
   28.8999996               3
   29.0000000               3
   29.1000004               3
   29.2000008               3
   29.2999992               3
   29.3999996               3
   29.5000000               3
   29.6000004               3
   29.7000008               3
   29.7999992               3
   29.8999996               3
   30.0000000               3
   30.1000004               3
   30.2000008               3
   30.2999992               3
   30.3999996               3
   30.5000000               3
   30.6000004               3
   30.7000008               3
   30.7999992               3
   30.8999996               3
   31.0000000               3
   31.1000004               3
   31.2000008               3
   31.2999992               3
   31.3999996               3
   31.5000000               3
   31.6000004               3
   31.7000008               3
   31.7999992               3
   31.8999996               3
   32.0000000               3
   32.0999985               3
   32.2000008               3
   32.2999992               3
   32.4000015               3
   32.5000000               3
   32.5999985               3
   32.7000008               3
   32.7999992               3
   32.9000015               3
   33.0000000               3
   33.0999985               3
   33.2000008               3
   33.2999992               3
   33.4000015               3
   33.5000000               3
   33.5999985               3
   33.7000008               3
   33.7999992               3
   33.9000015               3
   34.0000000               3
   34.0999985               3
   34.2000008               3
   34.2999992               3
   34.4000015               3
   34.5000000               3
   34.5999985               3
   34.7000008               3
   34.7999992               3
   34.9000015               3
   35.0000000               3
   35.0999985               3
   35.2000008               3
   35.2999992               3
   35.4000015               3
   35.5000000               3
   35.5999985               3
   35.7000008               3
   35.7999992               3
   35.9000015               3
   36.0000000               3
   36.0999985               3
   36.2000008               3
   36.2999992               3
   36.4000015               3
   36.5000000               3
   36.5999985               3
   36.7000008               3
   36.7999992               3
   36.9000015               3
   37.0000000               3
   37.0999985               3
   37.2000008               3
   37.2999992               3
   37.4000015               3
   37.5000000               3
   37.5999985               3
   37.7000008               3
   37.7999992               3
   37.9000015               3
   38.0000000               3
   38.0999985               3
   38.2000008               3
   38.2999992               3
   38.4000015               3
   38.5000000               3
   38.5999985               3
   38.7000008               3
   38.7999992               3
   38.9000015               3
   39.0000000               3
   39.0999985               3
   39.2000008               3
   39.2999992               3
   39.4000015               3
   39.5000000               3
   39.5999985               3
   39.7000008               3
   39.7999992               3
   39.9000015               3
   40.0000000               3
   40.0999985               3
   40.2000008               3
   40.2999992               3
   40.4000015               3
   40.5000000               3
   40.5999985               3
   40.7000008               3
   40.7999992               3
   40.9000015               3
   41.0000000               3
   41.0999985               3
   41.2000008               3
   41.2999992               3
   41.4000015               3
   41.5000000               3
   41.5999985               3
   41.7000008               3
   41.7999992               3
   41.9000015               3
   42.0000000               3
   42.0999985               3
   42.2000008               3
   42.2999992               3
   42.4000015               3
   42.5000000               3
   42.5999985               3
   42.7000008               3
   42.7999992               3
   42.9000015               3
   43.0000000               3
   43.0999985               3
   43.2000008               3
   43.2999992               3
   43.4000015               3
   43.5000000               3
   43.5999985               3
   43.7000008               3
   43.7999992               3
   43.9000015               3
   44.0000000               3
   44.0999985               3
   44.2000008               3
   44.2999992               3
   44.4000015               3
   44.5000000               3
   44.5999985               3
   44.7000008               3
   44.7999992               3
   44.9000015               3
   45.0000000               3
   45.0999985               3
   45.2000008               3
   45.2999992               3
   45.4000015               3
   45.5000000               3
   45.5999985               3
   45.7000008               3
   45.7999992               3
   45.9000015               3
   46.0000000               3
   46.0999985               3
   46.2000008               3
   46.2999992               3
   46.4000015               3
   46.5000000               3
   46.5999985               3
   46.7000008               3
   46.7999992               3
   46.9000015               3
   47.0000000               3
   47.0999985               3
   47.2000008               3
   47.2999992               3
   47.4000015               3
   47.5000000               3
   47.5999985               3
   47.7000008               3
   47.7999992               3
   47.9000015               3
   48.0000000               3
   48.0999985               3
   48.2000008               3
   48.2999992               3
   48.4000015               3
   48.5000000               3
   48.5999985               3
   48.7000008               3
   48.7999992               3
   48.9000015               3
   49.0000000               3
   49.0999985               3
   49.2000008               3
   49.2999992               3
   49.4000015               3
   49.5000000               3
   49.5999985               3
   49.7000008               3
   49.7999992               3
   49.9000015               3
   50.0000000               3
   50.0999985               3
   50.2000008               3
   50.2999992               3
   50.4000015               3
   50.5000000               3
   50.5999985               3
   50.7000008               3
   50.7999992               3
   50.9000015               3
   51.0000000               3
   51.0999985               3
   51.2000008               3
   51.2999992               3
   51.4000015               3
   51.5000000               4
   51.5999985               4
   51.7000008               4
   51.7999992               4
   51.9000015               4
   52.0000000               4
   52.0999985               4
   52.2000008               5
   52.2999992               5
   52.4000015               5
   52.5000000               5
   52.5999985               5
   52.7000008               5
   52.7999992               5
   52.9000015               5
   53.0000000               5
   53.0999985               5
   53.2000008               5
   53.2999992               5
   53.4000015               5
   53.5000000               5
   53.5999985               5
   53.7000008               5
   53.7999992               5
   53.9000015               5
   54.0000000               5
   54.0999985               5
   54.2000008               5
   54.2999992               5
   54.4000015               5
   54.5000000               5
   54.5999985               5
   54.7000008               5
   54.7999992               5
   54.9000015               5
   55.0000000               5
   55.0999985               5
   55.2000008               5
   55.2999992               5
   55.4000015               5
   55.5000000               5
   55.5999985               5
   55.7000008               5
   55.7999992               5
   55.9000015               5
   56.0000000               5
   56.0999985               5
   56.2000008               5
   56.2999992               5
   56.4000015               5
   56.5000000               5
   56.5999985               5
   56.7000008               5
   56.7999992               5
   56.9000015               5
   57.0000000               5
   57.0999985               5
   57.2000008               5
   57.2999992               5
   57.4000015               5
   57.5000000               5
   57.5999985               5
   57.7000008               5
   57.7999992               5
   57.9000015               5
   58.0000000               5
   58.0999985               5
   58.2000008               5
   58.2999992               5
   58.4000015               5
   58.5000000               5
   58.5999985               5
   58.7000008               5
   58.7999992               5
   58.9000015               5
   59.0000000               5
   59.0999985               5
   59.2000008               5
   59.2999992               5
   59.4000015               5
   59.5000000               5
   59.5999985               5
   59.7000008               5
   59.7999992               5
   59.9000015               5
   60.0000000               5
   60.0999985               5
   60.2000008               5
   60.2999992               5
   60.4000015               5
   60.5000000               5
   60.5999985               5
   60.7000008               5
   60.7999992               5
   60.9000015               5
   61.0000000               5
   61.0999985               5
   61.2000008               5
   61.2999992               5
   61.4000015               5
   61.5000000               5
   61.5999985               5
   61.7000008               5
   61.7999992               5
   61.9000015               5
   62.0000000               5
   62.0999985               5
   62.2000008               5
   62.2999992               5
   62.4000015               5
   62.5000000               5
   62.5999985               5
   62.7000008               5
   62.7999992               5
   62.9000015               5
   63.0000000               5
   63.0999985               5
   63.2000008               5
   63.2999992               5
   63.4000015               5
   63.5000000               5
   63.5999985               5
   63.7000008               5
   63.7999992               5
   63.9000015               5
   64.0000000               5
   64.0999985               5
   64.1999969               5
   64.3000031               5
   64.4000015               5
   64.5000000               5
   64.5999985               5
   64.6999969               5
   64.8000031               5
   64.9000015               5
   65.0000000               5
   65.0999985               5
   65.1999969               5
   65.3000031               5
   65.4000015               5
   65.5000000               5
   65.5999985               5
   65.6999969               5
   65.8000031               5
   65.9000015               5
   66.0000000               5
   66.0999985               5
   66.1999969               5
   66.3000031               5
   66.4000015               5
   66.5000000               5
   66.5999985               5
   66.6999969               5
   66.8000031               5
   66.9000015               5
   67.0000000               5
   67.0999985               5
   67.1999969               5
   67.3000031               5
   67.4000015               5
   67.5000000               5
   67.5999985               5
   67.6999969               5
   67.8000031               5
   67.9000015               5
   68.0000000               5
   68.0999985               5
   68.1999969               5
   68.3000031               5
   68.4000015               5
   68.5000000               5
   68.5999985               5
   68.6999969               5
   68.8000031               5
   68.9000015               5
   69.0000000               5
   69.0999985               5
   69.1999969               5
   69.3000031               5
   69.4000015               5
   69.5000000               5
   69.5999985               5
   69.6999969               5
   69.8000031               5
   69.9000015               5
   70.0000000               5
   70.0999985               5
   70.1999969               5
   70.3000031               5
   70.4000015               5
   70.5000000               5
   70.5999985               5
   70.6999969               5
   70.8000031               5
   70.9000015               5
   71.0000000               5
   71.0999985               5
   71.1999969               5
   71.3000031               5
   71.4000015               5
   71.5000000               5
   71.5999985               5
   71.6999969               5
   71.8000031               5
   71.9000015               5
   72.0000000               5
   72.0999985               5
   72.1999969               5
   72.3000031               5
   72.4000015               5
   72.5000000               5
   72.5999985               5
   72.6999969               5
   72.8000031               5
   72.9000015               5
   73.0000000               5
   73.0999985               5
   73.1999969               5
   73.3000031               5
   73.4000015               5
   73.5000000               5
   73.5999985               5
   73.6999969               5
   73.8000031               5
   73.9000015               5
   74.0000000               5
   74.0999985               5
   74.1999969               5
   74.3000031               5
   74.4000015               5
   74.5000000               5
   74.5999985               5
   74.6999969               5
   74.8000031               5
   74.9000015               5
   75.0000000               5
   75.0999985               5
   75.1999969               5
   75.3000031               5
   75.4000015               5
   75.5000000               5
   75.5999985               5
   75.6999969               5
   75.8000031               5
   75.9000015               5
   76.0000000               5
   76.0999985               5
   76.1999969               5
   76.3000031               5
   76.4000015               5
   76.5000000               5
   76.5999985               5
   76.6999969               5
   76.8000031               5
   76.9000015               5
   77.0000000               5
   77.0999985               5
   77.1999969               5
   77.3000031               5
   77.4000015               5
   77.5000000               5
   77.5999985               5
   77.6999969               5
   77.8000031               5
   77.9000015               5
   78.0000000               5
   78.0999985               5
   78.1999969               5
   78.3000031               5
   78.4000015               5
   78.5000000               5
   78.5999985               5
   78.6999969               5
   78.8000031               5
   78.9000015               5
   79.0000000               5
   79.0999985               5
   79.1999969               5
   79.3000031               5
   79.4000015               5
   79.5000000               5
   79.5999985               5
   79.6999969               5
   79.8000031               5
   79.9000015               5
   80.0000000               5
   80.0999985               5
   80.1999969               5
   80.3000031               5
   80.4000015               5
   80.5000000               5
   80.5999985               5
   80.6999969               5
   80.8000031               5
   80.9000015               5
   81.0000000               5
   81.0999985               5
   81.1999969               5
   81.3000031               5
   81.4000015               5
   81.5000000               5
   81.5999985               5
   81.6999969               5
   81.8000031               5
   81.9000015               5
   82.0000000               5
   82.0999985               5
   82.1999969               5
   82.3000031               5
   82.4000015               5
   82.5000000               5
   82.5999985               5
   82.6999969               5
   82.8000031               5
   82.9000015               5
   83.0000000               5
   83.0999985               5
   83.1999969               5
   83.3000031               5
   83.4000015               5
   83.5000000               5
   83.5999985               5
   83.6999969               5
   83.8000031               5
   83.9000015               5
   84.0000000               5
   84.0999985               5
   84.1999969               5
   84.3000031               5
   84.4000015               5
   84.5000000               5
   84.5999985               5
   84.6999969               5
   84.8000031               5
   84.9000015               5
   85.0000000               5
   85.0999985               5
   85.1999969               5
   85.3000031               5
   85.4000015               5
   85.5000000               5
   85.5999985               5
   85.6999969               5
   85.8000031               5
   85.9000015               5
   86.0000000               5
   86.0999985               5
   86.1999969               5
   86.3000031               5
   86.4000015               5
   86.5000000               5
   86.5999985               5
   86.6999969               5
   86.8000031               5
   86.9000015               5
   87.0000000               5
   87.0999985               5
   87.1999969               5
   87.3000031               5
   87.4000015               5
   87.5000000               5
   87.5999985               5
   87.6999969               5
   87.8000031               5
   87.9000015               5
   88.0000000               5
   88.0999985               5
   88.1999969               5
   88.3000031               5
   88.4000015               5
   88.5000000               5
   88.5999985               5
   88.6999969               5
   88.8000031               5
   88.9000015               5
   89.0000000               5
   89.0999985               5
   89.1999969               5
   89.3000031               5
   89.4000015               5
   89.5000000               5
   89.5999985               5
   89.6999969               5
   89.8000031               5
   89.9000015               5
   90.0000000               5
   90.0999985               5
   90.1999969               5
   90.3000031               5
   90.4000015               5
   90.5000000               5
   90.5999985               5
   90.6999969               5
   90.8000031               5
   90.9000015               5
   91.0000000               5
   91.0999985               5
   91.1999969               5
   91.3000031               5
   91.4000015               5
   91.5000000               5
   91.5999985               5
   91.6999969               5
   91.8000031               5
   91.9000015               5
   92.0000000               5
   92.0999985               5
   92.1999969               5
   92.3000031               5
   92.4000015               5
   92.5000000               5
   92.5999985               5
   92.6999969               5
   92.8000031               5
   92.9000015               5
   93.0000000               5
   93.0999985               5
   93.1999969               5
   93.3000031               5
   93.4000015               5
   93.5000000               5
   93.5999985               5
   93.6999969               5
   93.8000031               5
   93.9000015               5
   94.0000000               5
   94.0999985               5
   94.1999969               5
   94.3000031               5
   94.4000015               5
   94.5000000               5
   94.5999985               5
   94.6999969               5
   94.8000031               5
   94.9000015               5
   95.0000000               5
   95.0999985               5
   95.1999969               5
   95.3000031               5
   95.4000015               5
   95.5000000               5
   95.5999985               5
   95.6999969               5
   95.8000031               5
   95.9000015               5
   96.0000000               5
   96.0999985               5
   96.1999969               5
   96.3000031               5
   96.4000015               5
   96.5000000               5
   96.5999985               5
   96.6999969               5
   96.8000031               5
   96.9000015               5
   97.0000000               5
   97.0999985               5
   97.1999969               6
   97.3000031               6
   97.4000015               6
   97.5000000               6
   97.5999985               6
   97.6999969               6
   97.8000031               6
   97.9000015               6
   98.0000000               6
   98.0999985               6
   98.1999969               6
   98.3000031               6
   98.4000015               6
   98.5000000               6
   98.5999985               6
   98.6999969               6
   98.8000031               6
   98.9000015               6
   99.0000000               6
   99.0999985               6
   99.1999969               6
   99.3000031               6
   99.4000015               6
   99.5000000               6
   99.5999985               6
   99.6999969               6
   99.8000031               6
   99.9000015               6
   100.000000               6
   100.099998               6
   100.199997               6
   100.300003               6
   100.400002               6
   100.500000               6
   100.599998               6
   100.699997               6
   100.800003               6
   100.900002               6
   101.000000               6
   101.099998               6
   101.199997               6
   101.300003               6
   101.400002               6
   101.500000               6
   101.599998               6
   101.699997               6
   101.800003               6
   101.900002               6
   102.000000               6
   102.099998               6
   102.199997               6
   102.300003               6
   102.400002               6
   102.500000               6
   102.599998               6
   102.699997               6
   102.800003               6
   102.900002               6
   103.000000               6
   103.099998               6
   103.199997               6
   103.300003               6
   103.400002               6
   103.500000               6
   103.599998               6
   103.699997               6
   103.800003               6
   103.900002               6
   104.000000               6
   104.099998               6
   104.199997               6
   104.300003               6
   104.400002               6
   104.500000               6
   104.599998               6
   104.699997               6
   104.800003               6
   104.900002               6
   105.000000               6
   105.099998               6
   105.199997               6
   105.300003               6
   105.400002               6
   105.500000               6
   105.599998               6
   105.699997               6
   105.800003               6
   105.900002               6
   106.000000               6
   106.099998               6
   106.199997               6
   106.300003               6
   106.400002               6
   106.500000               6
   106.599998               6
   106.699997               6
   106.800003               6
   106.900002               6
   107.000000               6
   107.099998               6
   107.199997               6
   107.300003               6
   107.400002               6
   107.500000               6
   107.599998               6
   107.699997               6
   107.800003               6
   107.900002               6
   108.000000               6
   108.099998               6
   108.199997               6
   108.300003               6
   108.400002               6
   108.500000               6
   108.599998               7
   108.699997               7
   108.800003               7
   108.900002               7
   109.000000               7
   109.099998               7
   109.199997               7
   109.300003               7
   109.400002               7
   109.500000               7
   109.599998               7
   109.699997               7
   109.800003               7
   109.900002               7
   110.000000               7
   110.099998               7
   110.199997               7
   110.300003               7
   110.400002               7
   110.500000               7
   110.599998               7
   110.699997               7
   110.800003               7
   110.900002               7
   111.000000               7
   111.099998               7
   111.199997               7
   111.300003               7
   111.400002               7
   111.500000               7
   111.599998               7
   111.699997               7
   111.800003               7
   111.900002               7
   112.000000               7
   112.099998               7
   112.199997               7
   112.300003               7
   112.400002               7
   112.500000               7
   112.599998               7
   112.699997               7
   112.800003               7
   112.900002               7
   113.000000               7
   113.099998               7
   113.199997               7
   113.300003               7
   113.400002               7
   113.500000               7
   113.599998               7
   113.699997               7
   113.800003               7
   113.900002               7
   114.000000               7
   114.099998               7
   114.199997               7
   114.300003               7
   114.400002               7
   114.500000               7
   114.599998               7
   114.699997               7
   114.800003               7
   114.900002               7
   115.000000               7
   115.099998               7
   115.199997               7
   115.300003               7
   115.400002               7
   115.500000               7
   115.599998               7
   115.699997               7
   115.800003               7
   115.900002               7
   116.000000               7
   116.099998               7
   116.199997               7
   116.300003               7
   116.400002               8
   116.500000               8
   116.599998               8
   116.699997               8
   116.800003               8
   116.900002               8
   117.000000               8
   117.099998               8
   117.199997               8
   117.300003               8
   117.400002               8
   117.500000               8
   117.599998               8
   117.699997               8
   117.800003               8
   117.900002               8
   118.000000               8
   118.099998               8
   118.199997               8
   118.300003               8
   118.400002               8
   118.500000               8
   118.599998               8
   118.699997               8
   118.800003               8
   118.900002               8
   119.000000               8
   119.099998               8
   119.199997               8
   119.300003               8
   119.400002               8
   119.500000               8
   119.599998               8
   119.699997               8
   119.800003               8
   119.900002               8
   120.000000               8
   120.099998               8
   120.199997               8
   120.300003               8
   120.400002               8
   120.500000               8
   120.599998               8
   120.699997               8
   120.800003               8
   120.900002               8
   121.000000               8
   121.099998               8
   121.199997               8
   121.300003               8
   121.400002               8
   121.500000               8
   121.599998               8
   121.699997               8
   121.800003               8
   121.900002               8
   122.000000               8
   122.099998               8
   122.199997               8
   122.300003               8
   122.400002               9
   122.500000               9
   122.599998               9
   122.699997               9
   122.800003               9
   122.900002               9
   123.000000               9
   123.099998               9
   123.199997               9
   123.300003               9
   123.400002               9
   123.500000               9
   123.599998               9
   123.699997               9
   123.800003               9
   123.900002               9
   124.000000               9
   124.099998               9
   124.199997               9
   124.300003               9
   124.400002               9
   124.500000               9
   124.599998               9
   124.699997               9
   124.800003               9
   124.900002               9
   125.000000               9
   125.099998               9
   125.199997               9
   125.300003               9
   125.400002               9
   125.500000               9
   125.599998               9
   125.699997               9
   125.800003               9
   125.900002               9
   126.000000               9
   126.099998               9
   126.199997               9
   126.300003               9
   126.400002               9
   126.500000               9
   126.599998               9
   126.699997               9
   126.800003               9
   126.900002               9
   127.000000               9
   127.099998               9
   127.199997               9
   127.300003               9
   127.400002               9
   127.500000               9
   127.599998               9
   127.699997               9
   127.800003               9
   127.900002               9
   128.000000               9
   128.100006               9
   128.199997               9
   128.300003               9
   128.399994               9
   128.500000               9
   128.600006               9
   128.699997               9
   128.800003               9
   128.899994               9
   129.000000               9
   129.100006               9
   129.199997               9
   129.300003               9
   129.399994               9
   129.500000               9
   129.600006               9
   129.699997               9
   129.800003               9
   129.899994               9
   130.000000               9
   130.100006               9
   130.199997               9
   130.300003               9
   130.399994               9
   130.500000               9
   130.600006               9
   130.699997               9
   130.800003               9
   130.899994               9
   131.000000               9
   131.100006               9
   131.199997               9
   131.300003               9
   131.399994               9
   131.500000               9
   131.600006               9
   131.699997              10
   131.800003              10
   131.899994              10
   132.000000              10
   132.100006              10
   132.199997              10
   132.300003              10
   132.399994              10
   132.500000              10
   132.600006              10
   132.699997              10
   132.800003              10
   132.899994              10
   133.000000              10
   133.100006              10
   133.199997              10
   133.300003              10
   133.399994              10
   133.500000              10
   133.600006              10
   133.699997              10
   133.800003              10
   133.899994              10
   134.000000              10
   134.100006              10
   134.199997              10
   134.300003              10
   134.399994              10
   134.500000              10
   134.600006              10
   134.699997              10
   134.800003              10
   134.899994              10
   135.000000              10
   135.100006              10
   135.199997              10
   135.300003              10
   135.399994              10
   135.500000              10
   135.600006              10
   135.699997              10
   135.800003              10
   135.899994              10
   136.000000              10
   136.100006              10
   136.199997              10
   136.300003              10
   136.399994              10
   136.500000              10
   136.600006              10
   136.699997              10
   136.800003              10
   136.899994              10
   137.000000              10
   137.100006              10
   137.199997              10
   137.300003              10
   137.399994              10
   137.500000              10
   137.600006              10
   137.699997              10
   137.800003              10
   137.899994              10
   138.000000              10
   138.100006              10
   138.199997              10
   138.300003              10
   138.399994              10
   138.500000              10
   138.600006              10
   138.699997              10
   138.800003              10
   138.899994              10
   139.000000              10
   139.100006              10
   139.199997              10
   139.300003              10
   139.399994              10
   139.500000              10
   139.600006              10
   139.699997              10
   139.800003              10
   139.899994              11
   140.000000              11
   140.100006              11
   140.199997              11
   140.300003              11
   140.399994              11
   140.500000              11
   140.600006              11
   140.699997              11
   140.800003              11
   140.899994              11
   141.000000              11
   141.100006              11
   141.199997              11
   141.300003              11
   141.399994              11
   141.500000              11
   141.600006              11
   141.699997              11
   141.800003              11
   141.899994              11
   142.000000              11
   142.100006              11
   142.199997              11
   142.300003              11
   142.399994              11
   142.500000              11
   142.600006              11
   142.699997              11
   142.800003              11
   142.899994              11
   143.000000              11
   143.100006              11
   143.199997              11
   143.300003              11
   143.399994              11
   143.500000              11
   143.600006              11
   143.699997              11
   143.800003              11
   143.899994              11
   144.000000              11
   144.100006              11
   144.199997              11
   144.300003              11
   144.399994              12
   144.500000              12
   144.600006              12
   144.699997              12
   144.800003              12
   144.899994              12
   145.000000              12
   145.100006              12
   145.199997              12
   145.300003              12
   145.399994              12
   145.500000              12
   145.600006              12
   145.699997              12
   145.800003              12
   145.899994              12
   146.000000              12
   146.100006              12
   146.199997              12
   146.300003              12
   146.399994              12
   146.500000              12
   146.600006              12
   146.699997              12
   146.800003              12
   146.899994              12
   147.000000              12
   147.100006              12
   147.199997              12
   147.300003              12
   147.399994              12
   147.500000              12
   147.600006              12
   147.699997              12
   147.800003              12
   147.899994              12
   148.000000              12
   148.100006              12
   148.199997              12
   148.300003              12
   148.399994              12
   148.500000              12
   148.600006              12
   148.699997              12
   148.800003              12
   148.899994              12
   149.000000              12
   149.100006              12
   149.199997              12
   149.300003              12
   149.399994              12
   149.500000              12
   149.600006              12
   149.699997              12
   149.800003              12
   149.899994              12
   150.000000              12
   150.100006              12
   150.199997              12
   150.300003              12
   150.399994              12
   150.500000              12
   150.600006              12
   150.699997              12
   150.800003              12
   150.899994              12
   151.000000              12
   151.100006              12
   151.199997              12
   151.300003              12
   151.399994              12
   151.500000              12
   151.600006              12
   151.699997              12
   151.800003              12
   151.899994              12
   152.000000              12
   152.100006              12
   152.199997              12
   152.300003              12
   152.399994              12
   152.500000              12
   152.600006              12
   152.699997              12
   152.800003              12
   152.899994              12
   153.000000              12
   153.100006              12
   153.199997              12
   153.300003              12
   153.399994              12
   153.500000              12
   153.600006              12
   153.699997              12
   153.800003              12
   153.899994              12
   154.000000              12
   154.100006              12
   154.199997              12
   154.300003              12
   154.399994              12
   154.500000              12
   154.600006              12
   154.699997              12
   154.800003              13
   154.899994              13
   155.000000              13
   155.100006              13
   155.199997              13
   155.300003              13
   155.399994              13
   155.500000              13
   155.600006              13
   155.699997              13
   155.800003              13
   155.899994              13
   156.000000              13
   156.100006              13
   156.199997              13
   156.300003              13
   156.399994              13
   156.500000              13
   156.600006              13
   156.699997              13
   156.800003              13
   156.899994              13
   157.000000              13
   157.100006              13
   157.199997              13
   157.300003              13
   157.399994              13
   157.500000              13
   157.600006              13
   157.699997              13
   157.800003              13
   157.899994              13
   158.000000              13
   158.100006              13
   158.199997              13
   158.300003              13
   158.399994              13
   158.500000              13
   158.600006              13
   158.699997              13
   158.800003              13
   158.899994              13
   159.000000              13
   159.100006              13
   159.199997              13
   159.300003              13
   159.399994              13
   159.500000              13
   159.600006              13
   159.699997              13
   159.800003              13
   159.899994              13
   160.000000              13
   160.100006              13
   160.199997              13
   160.300003              13
   160.399994              13
   160.500000              13
   160.600006              13
   160.699997              13
   160.800003              13
   160.899994              13
   161.000000              13
   161.100006              13
   161.199997              13
   161.300003              13
   161.399994              13
   161.500000              13
   161.600006              13
   161.699997              13
   161.800003              13
   161.899994              13
   162.000000              13
   162.100006              13
   162.199997              13
   162.300003              13
   162.399994              13
   162.500000              13
   162.600006              13
   162.699997              13
   162.800003              13
   162.899994              13
   163.000000              13
   163.100006              13
   163.199997              13
   163.300003              13
   163.399994              13
   163.500000              13
   163.600006              13
   163.699997              13
   163.800003              13
   163.899994              13
   164.000000              13
   164.100006              13
   164.199997              13
   164.300003              13
   164.399994              13
   164.500000              13
   164.600006              13
   164.699997              13
   164.800003              13
   164.899994              13
   165.000000              13
   165.100006              13
   165.199997              13
   165.300003              13
   165.399994              13
   165.500000              13
   165.600006              13
   165.699997              13
   165.800003              13
   165.899994              13
   166.000000              13
   166.100006              13
   166.199997              13
   166.300003              13
   166.399994              13
   166.500000              13
   166.600006              13
   166.699997              13
   166.800003              13
   166.899994              13
   167.000000              13
   167.100006              13
   167.199997              13
   167.300003              13
   167.399994              13
   167.500000              13
   167.600006              13
   167.699997              13
   167.800003              13
   167.899994              13
   168.000000              13
   168.100006              13
   168.199997              13
   168.300003              13
   168.399994              13
   168.500000              13
   168.600006              13
   168.699997              13
   168.800003              13
   168.899994              13
   169.000000              13
   169.100006              13
   169.199997              13
   169.300003              13
   169.399994              13
   169.500000              13
   169.600006              13
   169.699997              13
   169.800003              13
   169.899994              13
   170.000000              14
   170.100006              14
   170.199997              14
   170.300003              14
   170.399994              15
   170.500000              15
   170.600006              15
   170.699997              15
   170.800003              15
   170.899994              15
   171.000000              15
   171.100006              15
   171.199997              15
   171.300003              15
   171.399994              15
   171.500000              15
   171.600006              15
   171.699997              15
   171.800003              15
   171.899994              15
   172.000000              15
   172.100006              15
   172.199997              15
   172.300003              15
   172.399994              15
   172.500000              15
   172.600006              15
   172.699997              15
   172.800003              15
   172.899994              15
   173.000000              15
   173.100006              15
   173.199997              15
   173.300003              15
   173.399994              15
   173.500000              15
   173.600006              15
   173.699997              15
   173.800003              15
   173.899994              15
   174.000000              15
   174.100006              15
   174.199997              15
   174.300003              15
   174.399994              15
   174.500000              15
   174.600006              15
   174.699997              15
   174.800003              15
   174.899994              15
   175.000000              15
   175.100006              15
   175.199997              15
   175.300003              15
   175.399994              15
   175.500000              15
   175.600006              15
   175.699997              15
   175.800003              15
   175.899994              15
   176.000000              15
   176.100006              15
   176.199997              15
   176.300003              15
   176.399994              15
   176.500000              15
   176.600006              15
   176.699997              15
   176.800003              15
   176.899994              15
   177.000000              15
   177.100006              15
   177.199997              15
   177.300003              15
   177.399994              15
   177.500000              15
   177.600006              15
   177.699997              15
   177.800003              15
   177.899994              15
   178.000000              15
   178.100006              15
   178.199997              15
   178.300003              15
   178.399994              15
   178.500000              15
   178.600006              16
   178.699997              16
   178.800003              16
   178.899994              16
   179.000000              16
   179.100006              16
   179.199997              16
   179.300003              16
   179.399994              16
   179.500000              16
   179.600006              16
   179.699997              16
   179.800003              16
   179.899994              16
   180.000000              16
   180.100006              16
   180.199997              16
   180.300003              16
   180.399994              16
   180.500000              16
   180.600006              16
   180.699997              16
   180.800003              16
   180.899994              16
   181.000000              16
   181.100006              16
   181.199997              16
   181.300003              16
   181.399994              16
   181.500000              16
   181.600006              16
   181.699997              16
   181.800003              16
   181.899994              16
   182.000000              16
   182.100006              16
   182.199997              16
   182.300003              16
   182.399994              16
   182.500000              16
   182.600006              16
   182.699997              16
   182.800003              16
   182.899994              16
   183.000000              16
   183.100006              16
   183.199997              16
   183.300003              16
   183.399994              16
   183.500000              16
   183.600006              16
   183.699997              16
   183.800003              16
   183.899994              16
   184.000000              16
   184.100006              16
   184.199997              16
   184.300003              16
   184.399994              16
   184.500000              16
   184.600006              16
   184.699997              16
   184.800003              16
   184.899994              16
   185.000000              16
   185.100006              16
   185.199997              16
   185.300003              16
   185.399994              16
   185.500000              16
   185.600006              16
   185.699997              16
   185.800003              16
   185.899994              16
   186.000000              16
   186.100006              16
   186.199997              16
   186.300003              16
   186.399994              16
   186.500000              16
   186.600006              16
   186.699997              16
   186.800003              16
   186.899994              16
   187.000000              16
   187.100006              16
   187.199997              16
   187.300003              16
   187.399994              16
   187.500000              16
   187.600006              16
   187.699997              16
   187.800003              16
   187.899994              16
   188.000000              16
   188.100006              16
   188.199997              16
   188.300003              16
   188.399994              16
   188.500000              16
   188.600006              16
   188.699997              16
   188.800003              16
   188.899994              16
   189.000000              16
   189.100006              16
   189.199997              16
   189.300003              16
   189.399994              16
   189.500000              16
   189.600006              16
   189.699997              16
   189.800003              16
   189.899994              16
   190.000000              16
   190.100006              16
   190.199997              16
   190.300003              16
   190.399994              16
   190.500000              16
   190.600006              16
   190.699997              16
   190.800003              16
   190.899994              16
   191.000000              16
   191.100006              16
   191.199997              16
   191.300003              16
   191.399994              16
   191.500000              16
   191.600006              16
   191.699997              16
   191.800003              16
   191.899994              16
   192.000000              16
   192.100006              16
   192.199997              16
   192.300003              16
   192.399994              16
   192.500000              16
   192.600006              16
   192.699997              16
   192.800003              16
   192.899994              16
   193.000000              16
   193.100006              16
   193.199997              16
   193.300003              16
   193.399994              16
   193.500000              16
   193.600006              16
   193.699997              16
   193.800003              16
   193.899994              16
   194.000000              16
   194.100006              16
   194.199997              16
   194.300003              16
   194.399994              16
   194.500000              16
   194.600006              16
   194.699997              16
   194.800003              16
   194.899994              16
   195.000000              16
   195.100006              16
   195.199997              16
   195.300003              16
   195.399994              16
   195.500000              16
   195.600006              16
   195.699997              16
   195.800003              16
   195.899994              16
   196.000000              16
   196.100006              16
   196.199997              16
   196.300003              16
   196.399994              16
   196.500000              16
   196.600006              16
   196.699997              16
   196.800003              16
   196.899994              16
   197.000000              16
   197.100006              16
   197.199997              16
   197.300003              16
   197.399994              16
   197.500000              16
   197.600006              16
   197.699997              16
   197.800003              16
   197.899994              16
   198.000000              16
   198.100006              16
   198.199997              16
   198.300003              16
   198.399994              16
   198.500000              16
   198.600006              16
   198.699997              16
   198.800003              16
   198.899994              16
   199.000000              16
   199.100006              16
   199.199997              16
   199.300003              16
   199.399994              16
   199.500000              16
   199.600006              16
   199.699997              16
   199.800003              16
   199.899994              16
