 Permeation events over simulation time.
 t(ns) Number of events
   0.00000000               0
   1.00000000               0
   2.00000000               0
   3.00000000               0
   4.00000000               0
   5.00000000               0
   6.00000000               0
   7.00000000               0
   8.00000000               0
   9.00000000               0
   10.0000000               0
   11.0000000               0
   12.0000000               0
   13.0000000               0
   14.0000000               0
   15.0000000               0
   16.0000000               0
   17.0000000               0
   18.0000000               0
   19.0000000               0
   20.0000000               0
   21.0000000               0
   22.0000000               0
   23.0000000               0
   24.0000000               0
   25.0000000               0
   26.0000000               1
   27.0000000               2
   28.0000000               3
   29.0000000               4
   30.0000000               4
   31.0000000               5
   32.0000000               5
   33.0000000               5
   34.0000000               6
   35.0000000               6
   36.0000000               6
   37.0000000               6
   38.0000000               6
   39.0000000               6
   40.0000000               6
   41.0000000               6
   42.0000000               6
   43.0000000               6
   44.0000000               6
   45.0000000               6
   46.0000000               6
   47.0000000               6
   48.0000000               6
   49.0000000               6
   50.0000000               6
   51.0000000               6
   52.0000000               6
   53.0000000               6
   54.0000000               6
   55.0000000               6
   56.0000000               7
   57.0000000               8
   58.0000000               8
   59.0000000               8
   60.0000000               8
   61.0000000               9
   62.0000000               9
   63.0000000               9
   64.0000000               9
   65.0000000              10
   66.0000000              12
   67.0000000              13
   68.0000000              13
   69.0000000              13
   70.0000000              13
   71.0000000              14
   72.0000000              15
   73.0000000              15
   74.0000000              15
   75.0000000              15
   76.0000000              15
   77.0000000              15
   78.0000000              15
   79.0000000              15
   80.0000000              16
   81.0000000              17
   82.0000000              17
   83.0000000              18
   84.0000000              18
   85.0000000              18
   86.0000000              18
   87.0000000              18
   88.0000000              18
   89.0000000              19
   90.0000000              19
   91.0000000              19
   92.0000000              20
   93.0000000              21
   94.0000000              21
   95.0000000              21
   96.0000000              22
   97.0000000              22
   98.0000000              22
   99.0000000              22
   100.000000              22
   101.000000              22
   102.000000              22
   103.000000              22
   104.000000              22
   105.000000              22
   106.000000              22
   107.000000              22
   108.000000              22
   109.000000              22
   110.000000              22
   111.000000              22
   112.000000              22
   113.000000              22
   114.000000              22
   115.000000              22
   116.000000              22
   117.000000              22
   118.000000              22
   119.000000              23
   120.000000              24
   121.000000              24
   122.000000              24
   123.000000              24
   124.000000              25
   125.000000              27
   126.000000              28
   127.000000              29
   128.000000              30
   129.000000              30
   130.000000              30
   131.000000              30
   132.000000              30
   133.000000              30
   134.000000              30
   135.000000              30
   136.000000              30
   137.000000              30
   138.000000              30
   139.000000              30
   140.000000              31
   141.000000              33
   142.000000              34
   143.000000              35
   144.000000              35
   145.000000              35
   146.000000              35
   147.000000              36
   148.000000              37
   149.000000              37
   150.000000              37
   151.000000              37
   152.000000              37
   153.000000              37
   154.000000              37
   155.000000              38
   156.000000              39
   157.000000              39
   158.000000              39
   159.000000              39
   160.000000              39
   161.000000              39
   162.000000              39
   163.000000              39
   164.000000              39
   165.000000              39
   166.000000              39
   167.000000              39
   168.000000              39
   169.000000              39
   170.000000              39
   171.000000              39
   172.000000              39
   173.000000              40
   174.000000              41
   175.000000              41
   176.000000              41
   177.000000              41
   178.000000              41
   179.000000              41
   180.000000              41
   181.000000              41
   182.000000              41
   183.000000              42
   184.000000              42
   185.000000              42
   186.000000              42
   187.000000              42
   188.000000              42
   189.000000              42
   190.000000              42
   191.000000              42
   192.000000              44
   193.000000              46
   194.000000              46
   195.000000              46
   196.000000              47
   197.000000              49
   198.000000              49
   199.000000              49
   200.000000              49
   201.000000              49
   202.000000              49
   203.000000              49
   204.000000              49
   205.000000              50
   206.000000              51
   207.000000              51
   208.000000              51
   209.000000              52
   210.000000              53
   211.000000              53
   212.000000              53
   213.000000              53
   214.000000              53
   215.000000              53
   216.000000              53
   217.000000              53
   218.000000              53
   219.000000              53
   220.000000              53
   221.000000              53
   222.000000              54
   223.000000              54
   224.000000              54
   225.000000              54
   226.000000              54
   227.000000              54
   228.000000              54
   229.000000              54
   230.000000              54
   231.000000              54
   232.000000              54
   233.000000              54
   234.000000              54
   235.000000              54
   236.000000              54
   237.000000              54
   238.000000              54
   239.000000              55
   240.000000              56
   241.000000              57
   242.000000              58
   243.000000              58
   244.000000              58
   245.000000              59
   246.000000              61
   247.000000              62
   248.000000              62
   249.000000              62
   250.000000              62
   251.000000              62
   252.000000              62
   253.000000              62
   254.000000              62
   255.000000              62
   256.000000              62
   257.000000              62
   258.000000              62
   259.000000              62
   260.000000              62
   261.000000              62
   262.000000              62
   263.000000              62
   264.000000              62
   265.000000              62
   266.000000              62
   267.000000              62
   268.000000              64
   269.000000              65
   270.000000              65
   271.000000              67
   272.000000              68
   273.000000              68
   274.000000              69
   275.000000              70
   276.000000              70
   277.000000              70
   278.000000              70
   279.000000              70
   280.000000              71
   281.000000              72
   282.000000              72
   283.000000              72
   284.000000              72
   285.000000              72
   286.000000              72
   287.000000              72
   288.000000              72
   289.000000              72
   290.000000              72
   291.000000              73
   292.000000              74
   293.000000              74
   294.000000              74
   295.000000              74
   296.000000              74
   297.000000              74
   298.000000              75
   299.000000              76
   300.000000              76
   301.000000              77
   302.000000              78
   303.000000              78
   304.000000              78
   305.000000              78
   306.000000              78
   307.000000              78
   308.000000              78
   309.000000              78
   310.000000              79
   311.000000              80
   312.000000              80
   313.000000              80
   314.000000              80
   315.000000              80
   316.000000              80
   317.000000              80
   318.000000              80
   319.000000              80
   320.000000              80
   321.000000              80
   322.000000              80
   323.000000              80
   324.000000              80
   325.000000              80
   326.000000              80
   327.000000              80
   328.000000              80
   329.000000              80
   330.000000              80
   331.000000              80
   332.000000              80
   333.000000              80
   334.000000              80
   335.000000              80
   336.000000              80
   337.000000              80
   338.000000              80
   339.000000              80
   340.000000              80
   341.000000              80
   342.000000              80
   343.000000              80
   344.000000              80
   345.000000              80
   346.000000              80
   347.000000              80
   348.000000              80
   349.000000              80
   350.000000              80
   351.000000              80
   352.000000              80
   353.000000              80
   354.000000              80
   355.000000              80
   356.000000              80
   357.000000              80
   358.000000              80
   359.000000              80
   360.000000              80
   361.000000              80
   362.000000              80
   363.000000              80
   364.000000              80
   365.000000              80
   366.000000              80
   367.000000              80
   368.000000              80
   369.000000              80
   370.000000              80
   371.000000              80
   372.000000              80
   373.000000              80
   374.000000              81
   375.000000              82
   376.000000              83
   377.000000              83
   378.000000              83
   379.000000              83
   380.000000              83
   381.000000              83
   382.000000              83
   383.000000              83
   384.000000              83
   385.000000              83
   386.000000              83
   387.000000              83
   388.000000              83
   389.000000              83
   390.000000              83
   391.000000              83
   392.000000              83
   393.000000              83
   394.000000              84
   395.000000              85
   396.000000              85
   397.000000              85
   398.000000              85
   399.000000              85
   400.000000              86
   401.000000              87
   402.000000              87
   403.000000              87
   404.000000              87
   405.000000              87
   406.000000              87
   407.000000              88
   408.000000              89
   409.000000              89
   410.000000              89
   411.000000              89
   412.000000              89
   413.000000              89
   414.000000              89
   415.000000              89
   416.000000              89
   417.000000              89
   418.000000              89
   419.000000              89
   420.000000              89
   421.000000              89
   422.000000              89
   423.000000              89
   424.000000              89
   425.000000              89
   426.000000              89
   427.000000              89
   428.000000              89
   429.000000              89
   430.000000              90
   431.000000              91
   432.000000              91
   433.000000              91
   434.000000              91
   435.000000              91
   436.000000              91
   437.000000              91
   438.000000              91
   439.000000              91
   440.000000              91
   441.000000              91
   442.000000              91
   443.000000              91
   444.000000              91
   445.000000              92
   446.000000              92
   447.000000              93
   448.000000              95
   449.000000              96
   450.000000              96
   451.000000              96
   452.000000              96
   453.000000              96
   454.000000              96
   455.000000              96
   456.000000              96
   457.000000              96
   458.000000              96
   459.000000              96
   460.000000              96
   461.000000              97
   462.000000              97
   463.000000              97
   464.000000              97
   465.000000              97
   466.000000              97
   467.000000              97
   468.000000              97
   469.000000              97
   470.000000              97
   471.000000              97
   472.000000              97
   473.000000              97
   474.000000              97
   475.000000              97
   476.000000              97
   477.000000              97
   478.000000              97
   479.000000              97
   480.000000              97
   481.000000              97
   482.000000              97
   483.000000              97
   484.000000              97
   485.000000              97
   486.000000              97
   487.000000              97
   488.000000              97
   489.000000              97
   490.000000              97
   491.000000              97
   492.000000              98
   493.000000              99
   494.000000              99
   495.000000              99
   496.000000              99
   497.000000              99
   498.000000              99
   499.000000              99
   500.000000              99
   501.000000              99
   502.000000              99
   503.000000              99
   504.000000              99
   505.000000              99
   506.000000              99
   507.000000              99
   508.000000              99
   509.000000              99
   510.000000              99
   511.000000              99
   512.000000              99
   513.000000              99
   514.000000              99
   515.000000              99
   516.000000              99
   517.000000              99
   518.000000              99
   519.000000              99
   520.000000              99
   521.000000              99
   522.000000              99
   523.000000              99
   524.000000              99
   525.000000              99
   526.000000              99
   527.000000              99
   528.000000              99
   529.000000              99
   530.000000              99
   531.000000              99
   532.000000              99
   533.000000              99
   534.000000              99
   535.000000             100
   536.000000             101
   537.000000             102
   538.000000             105
   539.000000             106
   540.000000             107
   541.000000             108
   542.000000             108
   543.000000             108
   544.000000             108
   545.000000             108
   546.000000             108
   547.000000             109
   548.000000             109
   549.000000             109
   550.000000             109
   551.000000             109
   552.000000             109
   553.000000             109
   554.000000             109
   555.000000             109
   556.000000             109
   557.000000             109
   558.000000             109
   559.000000             109
   560.000000             109
   561.000000             109
   562.000000             109
   563.000000             109
   564.000000             109
   565.000000             109
   566.000000             109
   567.000000             109
   568.000000             109
   569.000000             109
   570.000000             109
   571.000000             109
   572.000000             109
   573.000000             109
   574.000000             109
   575.000000             109
   576.000000             109
   577.000000             109
   578.000000             109
   579.000000             109
   580.000000             109
   581.000000             109
   582.000000             109
   583.000000             109
   584.000000             109
   585.000000             109
   586.000000             109
   587.000000             109
   588.000000             109
   589.000000             109
   590.000000             109
   591.000000             109
   592.000000             109
   593.000000             109
   594.000000             109
   595.000000             109
   596.000000             109
   597.000000             109
   598.000000             109
   599.000000             109
   600.000000             109
   601.000000             109
   602.000000             109
   603.000000             109
   604.000000             109
   605.000000             110
   606.000000             111
   607.000000             111
   608.000000             111
   609.000000             111
   610.000000             111
   611.000000             111
   612.000000             111
   613.000000             111
   614.000000             111
   615.000000             112
   616.000000             112
   617.000000             112
   618.000000             112
   619.000000             112
   620.000000             112
   621.000000             112
   622.000000             112
   623.000000             112
   624.000000             112
   625.000000             113
   626.000000             113
   627.000000             113
   628.000000             113
   629.000000             113
   630.000000             113
   631.000000             113
   632.000000             114
   633.000000             115
   634.000000             115
   635.000000             115
   636.000000             115
   637.000000             115
   638.000000             116
   639.000000             117
   640.000000             117
   641.000000             117
   642.000000             117
   643.000000             117
   644.000000             117
   645.000000             118
   646.000000             119
   647.000000             119
   648.000000             119
   649.000000             119
   650.000000             119
   651.000000             119
   652.000000             119
   653.000000             119
   654.000000             119
   655.000000             119
   656.000000             119
   657.000000             119
   658.000000             119
   659.000000             119
   660.000000             119
   661.000000             119
   662.000000             119
   663.000000             119
   664.000000             119
   665.000000             119
   666.000000             119
   667.000000             119
   668.000000             119
   669.000000             119
   670.000000             119
   671.000000             119
   672.000000             119
   673.000000             119
   674.000000             119
   675.000000             119
   676.000000             119
   677.000000             119
   678.000000             119
   679.000000             119
   680.000000             119
   681.000000             119
   682.000000             119
   683.000000             120
   684.000000             121
   685.000000             121
   686.000000             121
   687.000000             121
   688.000000             121
   689.000000             121
   690.000000             121
   691.000000             121
   692.000000             121
   693.000000             121
   694.000000             121
   695.000000             121
   696.000000             121
   697.000000             122
   698.000000             123
   699.000000             123
   700.000000             123
   701.000000             123
   702.000000             123
   703.000000             123
   704.000000             123
   705.000000             123
   706.000000             123
   707.000000             123
   708.000000             123
   709.000000             123
   710.000000             123
   711.000000             124
   712.000000             125
   713.000000             125
   714.000000             125
   715.000000             125
   716.000000             125
   717.000000             125
   718.000000             125
   719.000000             125
   720.000000             125
   721.000000             126
   722.000000             126
   723.000000             126
   724.000000             126
   725.000000             126
   726.000000             126
   727.000000             126
   728.000000             126
   729.000000             126
   730.000000             126
   731.000000             127
   732.000000             128
   733.000000             128
   734.000000             129
   735.000000             130
   736.000000             130
   737.000000             130
   738.000000             131
   739.000000             131
   740.000000             131
   741.000000             131
   742.000000             131
   743.000000             131
   744.000000             131
   745.000000             131
   746.000000             131
   747.000000             131
   748.000000             132
   749.000000             133
   750.000000             133
   751.000000             133
   752.000000             133
   753.000000             133
   754.000000             133
   755.000000             133
   756.000000             133
   757.000000             133
   758.000000             133
   759.000000             133
   760.000000             133
   761.000000             133
   762.000000             133
   763.000000             133
   764.000000             133
   765.000000             133
   766.000000             133
   767.000000             133
   768.000000             134
   769.000000             135
   770.000000             135
   771.000000             135
   772.000000             135
   773.000000             135
   774.000000             136
   775.000000             136
   776.000000             136
   777.000000             136
   778.000000             136
   779.000000             137
   780.000000             137
   781.000000             137
   782.000000             137
   783.000000             137
   784.000000             137
   785.000000             137
   786.000000             137
   787.000000             137
   788.000000             137
   789.000000             137
   790.000000             137
   791.000000             137
   792.000000             137
   793.000000             137
   794.000000             138
   795.000000             139
   796.000000             139
   797.000000             139
   798.000000             139
   799.000000             139
   800.000000             139
