 Permeation events over simulation time.
 t(ns) Number of events
   0.00000000               0
   1.00000000               0
   2.00000000               0
   3.00000000               0
   4.00000000               0
   5.00000000               0
   6.00000000               0
   7.00000000               0
   8.00000000               0
   9.00000000               0
   10.0000000               0
   11.0000000               0
   12.0000000               0
   13.0000000               0
   14.0000000               0
   15.0000000               0
   16.0000000               0
   17.0000000               0
   18.0000000               0
   19.0000000               0
   20.0000000               0
   21.0000000               0
   22.0000000               0
   23.0000000               0
   24.0000000               0
   25.0000000               0
   26.0000000               0
   27.0000000               0
   28.0000000               0
   29.0000000               0
   30.0000000               0
   31.0000000               0
   32.0000000               0
   33.0000000               0
   34.0000000               0
   35.0000000               0
   36.0000000               0
   37.0000000               0
   38.0000000               0
   39.0000000               0
   40.0000000               0
   41.0000000               0
   42.0000000               0
   43.0000000               0
   44.0000000               0
   45.0000000               0
   46.0000000               0
   47.0000000               0
   48.0000000               0
   49.0000000               0
   50.0000000               0
   51.0000000               0
   52.0000000               0
   53.0000000               0
   54.0000000               0
   55.0000000               0
   56.0000000               0
   57.0000000               0
   58.0000000               0
   59.0000000               0
   60.0000000               0
   61.0000000               0
   62.0000000               0
   63.0000000               0
   64.0000000               0
   65.0000000               0
   66.0000000               0
   67.0000000               0
   68.0000000               0
   69.0000000               0
   70.0000000               0
   71.0000000               0
   72.0000000               0
   73.0000000               0
   74.0000000               0
   75.0000000               0
   76.0000000               0
   77.0000000               0
   78.0000000               0
   79.0000000               0
   80.0000000               0
   81.0000000               0
   82.0000000               0
   83.0000000               0
   84.0000000               0
   85.0000000               0
   86.0000000               0
   87.0000000               0
   88.0000000               0
   89.0000000               1
   90.0000000               2
   91.0000000               3
   92.0000000               3
   93.0000000               3
   94.0000000               3
   95.0000000               3
   96.0000000               4
   97.0000000               5
   98.0000000               5
   99.0000000               5
   100.000000               5
   101.000000               5
   102.000000               5
   103.000000               5
   104.000000               5
   105.000000               5
   106.000000               5
   107.000000               5
   108.000000               5
   109.000000               5
   110.000000               5
   111.000000               6
   112.000000               7
   113.000000               8
   114.000000               8
   115.000000               8
   116.000000               8
   117.000000               8
   118.000000               8
   119.000000               8
   120.000000               8
   121.000000               8
   122.000000               8
   123.000000               8
   124.000000               8
   125.000000               8
   126.000000               8
   127.000000               8
   128.000000               8
   129.000000               8
   130.000000               8
   131.000000               8
   132.000000               8
   133.000000               8
   134.000000               8
   135.000000               8
   136.000000               8
   137.000000               8
   138.000000               8
   139.000000               8
   140.000000               8
   141.000000               8
   142.000000               8
   143.000000               8
   144.000000               8
   145.000000               8
   146.000000               8
   147.000000               8
   148.000000               9
   149.000000              10
   150.000000              11
   151.000000              11
   152.000000              11
   153.000000              11
   154.000000              11
   155.000000              11
   156.000000              11
   157.000000              11
   158.000000              11
   159.000000              11
   160.000000              11
   161.000000              12
   162.000000              13
   163.000000              13
   164.000000              13
   165.000000              14
   166.000000              15
   167.000000              16
   168.000000              16
   169.000000              16
   170.000000              16
   171.000000              16
   172.000000              16
   173.000000              16
   174.000000              16
   175.000000              16
   176.000000              17
   177.000000              18
   178.000000              18
   179.000000              18
   180.000000              18
   181.000000              18
   182.000000              18
   183.000000              18
   184.000000              18
   185.000000              18
   186.000000              18
   187.000000              18
   188.000000              18
   189.000000              18
   190.000000              19
   191.000000              20
   192.000000              21
   193.000000              21
   194.000000              21
   195.000000              21
   196.000000              21
   197.000000              21
   198.000000              21
   199.000000              21
   200.000000              21
   201.000000              21
   202.000000              21
   203.000000              21
   204.000000              21
   205.000000              21
   206.000000              21
   207.000000              21
   208.000000              21
   209.000000              21
   210.000000              21
   211.000000              21
   212.000000              21
   213.000000              21
   214.000000              21
   215.000000              21
   216.000000              21
   217.000000              21
   218.000000              21
   219.000000              21
   220.000000              21
   221.000000              21
   222.000000              21
   223.000000              21
   224.000000              21
   225.000000              21
   226.000000              21
   227.000000              21
   228.000000              21
   229.000000              21
   230.000000              21
   231.000000              21
   232.000000              21
   233.000000              21
   234.000000              21
   235.000000              21
   236.000000              21
   237.000000              21
   238.000000              21
   239.000000              21
   240.000000              21
   241.000000              21
   242.000000              21
   243.000000              21
   244.000000              21
   245.000000              21
   246.000000              21
   247.000000              21
   248.000000              21
   249.000000              21
   250.000000              21
   251.000000              21
   252.000000              21
   253.000000              21
   254.000000              21
   255.000000              21
   256.000000              21
   257.000000              21
   258.000000              21
   259.000000              21
   260.000000              21
   261.000000              21
   262.000000              21
   263.000000              21
   264.000000              21
   265.000000              21
   266.000000              21
   267.000000              21
   268.000000              21
   269.000000              21
   270.000000              21
   271.000000              21
   272.000000              21
   273.000000              21
   274.000000              21
   275.000000              21
   276.000000              21
   277.000000              21
   278.000000              21
   279.000000              21
   280.000000              21
   281.000000              21
   282.000000              21
   283.000000              21
   284.000000              22
   285.000000              23
   286.000000              24
   287.000000              24
   288.000000              24
   289.000000              24
   290.000000              24
   291.000000              24
   292.000000              24
   293.000000              24
   294.000000              24
   295.000000              24
   296.000000              24
   297.000000              24
   298.000000              24
   299.000000              24
   300.000000              24
   301.000000              24
   302.000000              24
   303.000000              24
   304.000000              24
   305.000000              24
   306.000000              24
   307.000000              24
   308.000000              24
   309.000000              24
   310.000000              24
   311.000000              24
   312.000000              24
   313.000000              24
   314.000000              24
   315.000000              24
   316.000000              24
   317.000000              24
   318.000000              24
   319.000000              24
   320.000000              24
   321.000000              24
   322.000000              24
   323.000000              24
   324.000000              24
   325.000000              24
   326.000000              24
   327.000000              24
   328.000000              24
   329.000000              24
   330.000000              24
   331.000000              24
   332.000000              24
   333.000000              24
   334.000000              24
   335.000000              24
   336.000000              24
   337.000000              24
   338.000000              24
   339.000000              24
   340.000000              24
   341.000000              24
   342.000000              24
   343.000000              24
   344.000000              24
   345.000000              24
   346.000000              24
   347.000000              24
   348.000000              24
   349.000000              24
   350.000000              24
   351.000000              24
   352.000000              24
   353.000000              24
   354.000000              24
   355.000000              24
   356.000000              24
   357.000000              24
   358.000000              24
   359.000000              24
   360.000000              24
   361.000000              24
   362.000000              24
   363.000000              24
   364.000000              24
   365.000000              24
   366.000000              24
   367.000000              24
   368.000000              24
   369.000000              25
   370.000000              26
   371.000000              27
   372.000000              27
   373.000000              27
   374.000000              27
   375.000000              27
   376.000000              27
   377.000000              27
   378.000000              27
   379.000000              27
   380.000000              27
   381.000000              27
   382.000000              27
   383.000000              27
   384.000000              27
   385.000000              27
   386.000000              27
   387.000000              27
   388.000000              27
   389.000000              27
   390.000000              27
   391.000000              27
   392.000000              27
   393.000000              27
   394.000000              27
   395.000000              27
   396.000000              27
   397.000000              27
   398.000000              27
   399.000000              27
   400.000000              27
   401.000000              27
   402.000000              27
   403.000000              27
   404.000000              27
   405.000000              27
   406.000000              27
   407.000000              28
   408.000000              29
   409.000000              30
   410.000000              30
   411.000000              30
   412.000000              30
   413.000000              30
   414.000000              30
   415.000000              30
   416.000000              30
   417.000000              30
   418.000000              30
   419.000000              30
   420.000000              30
   421.000000              30
   422.000000              30
   423.000000              30
   424.000000              30
   425.000000              30
   426.000000              30
   427.000000              31
   428.000000              32
   429.000000              33
   430.000000              33
   431.000000              33
   432.000000              33
   433.000000              33
   434.000000              33
   435.000000              33
   436.000000              33
   437.000000              33
   438.000000              33
   439.000000              33
   440.000000              33
   441.000000              33
   442.000000              33
   443.000000              33
   444.000000              33
   445.000000              33
   446.000000              33
   447.000000              33
   448.000000              33
   449.000000              33
   450.000000              33
   451.000000              33
   452.000000              33
   453.000000              33
   454.000000              33
   455.000000              33
   456.000000              33
   457.000000              33
   458.000000              33
   459.000000              33
   460.000000              33
   461.000000              33
   462.000000              33
   463.000000              33
   464.000000              33
   465.000000              33
   466.000000              33
   467.000000              33
   468.000000              33
   469.000000              33
   470.000000              33
   471.000000              33
   472.000000              33
   473.000000              33
   474.000000              33
   475.000000              33
   476.000000              33
   477.000000              33
   478.000000              33
   479.000000              33
   480.000000              33
   481.000000              33
   482.000000              33
   483.000000              33
   484.000000              33
   485.000000              34
   486.000000              36
   487.000000              38
   488.000000              39
   489.000000              39
   490.000000              39
   491.000000              39
   492.000000              39
   493.000000              39
   494.000000              39
   495.000000              39
   496.000000              39
   497.000000              39
   498.000000              39
   499.000000              39
   500.000000              39
   501.000000              39
   502.000000              39
   503.000000              39
   504.000000              39
   505.000000              39
   506.000000              39
   507.000000              39
   508.000000              39
   509.000000              39
   510.000000              39
   511.000000              39
   512.000000              39
   513.000000              39
   514.000000              39
   515.000000              39
   516.000000              39
   517.000000              39
   518.000000              39
   519.000000              39
   520.000000              39
   521.000000              39
   522.000000              39
   523.000000              39
   524.000000              39
   525.000000              39
   526.000000              39
   527.000000              39
   528.000000              39
   529.000000              39
   530.000000              39
   531.000000              39
   532.000000              39
   533.000000              39
   534.000000              39
   535.000000              39
   536.000000              39
   537.000000              39
   538.000000              40
   539.000000              42
   540.000000              44
   541.000000              45
   542.000000              45
   543.000000              45
   544.000000              45
   545.000000              45
   546.000000              45
   547.000000              45
   548.000000              45
   549.000000              45
   550.000000              45
   551.000000              45
   552.000000              45
   553.000000              45
   554.000000              45
   555.000000              45
   556.000000              45
   557.000000              45
   558.000000              45
   559.000000              45
   560.000000              45
   561.000000              45
   562.000000              45
   563.000000              45
   564.000000              45
   565.000000              45
   566.000000              45
   567.000000              46
   568.000000              47
   569.000000              47
   570.000000              47
   571.000000              47
   572.000000              47
   573.000000              47
   574.000000              47
   575.000000              47
   576.000000              47
   577.000000              47
   578.000000              47
   579.000000              47
   580.000000              47
   581.000000              47
   582.000000              47
   583.000000              47
   584.000000              47
   585.000000              47
   586.000000              47
   587.000000              47
   588.000000              47
   589.000000              47
   590.000000              47
   591.000000              47
   592.000000              48
   593.000000              49
   594.000000              50
   595.000000              50
   596.000000              50
   597.000000              50
   598.000000              50
   599.000000              51
   600.000000              52
   601.000000              53
   602.000000              53
   603.000000              53
   604.000000              53
   605.000000              53
   606.000000              53
   607.000000              53
   608.000000              53
   609.000000              53
   610.000000              53
   611.000000              53
   612.000000              53
   613.000000              53
   614.000000              53
   615.000000              53
   616.000000              53
   617.000000              53
   618.000000              53
   619.000000              53
   620.000000              53
   621.000000              53
   622.000000              53
   623.000000              53
   624.000000              53
   625.000000              53
   626.000000              53
   627.000000              53
   628.000000              53
   629.000000              53
   630.000000              53
   631.000000              54
   632.000000              55
   633.000000              57
   634.000000              59
   635.000000              61
   636.000000              62
   637.000000              62
   638.000000              62
   639.000000              62
   640.000000              62
   641.000000              62
   642.000000              62
   643.000000              62
   644.000000              62
   645.000000              62
   646.000000              62
   647.000000              62
   648.000000              62
   649.000000              62
   650.000000              62
   651.000000              62
   652.000000              62
   653.000000              62
   654.000000              62
   655.000000              62
   656.000000              62
   657.000000              62
   658.000000              62
   659.000000              62
   660.000000              62
   661.000000              62
   662.000000              62
   663.000000              62
   664.000000              62
   665.000000              62
   666.000000              62
   667.000000              62
   668.000000              62
   669.000000              62
   670.000000              62
   671.000000              62
   672.000000              62
   673.000000              62
   674.000000              62
   675.000000              62
   676.000000              62
   677.000000              62
   678.000000              62
   679.000000              62
   680.000000              62
   681.000000              62
   682.000000              62
   683.000000              62
   684.000000              62
   685.000000              62
   686.000000              62
   687.000000              62
   688.000000              62
   689.000000              62
   690.000000              62
   691.000000              62
   692.000000              62
   693.000000              62
   694.000000              62
   695.000000              62
   696.000000              62
   697.000000              62
   698.000000              62
   699.000000              62
   700.000000              63
   701.000000              64
   702.000000              65
   703.000000              65
   704.000000              65
   705.000000              65
   706.000000              65
   707.000000              65
   708.000000              65
   709.000000              65
   710.000000              66
   711.000000              68
   712.000000              70
   713.000000              70
   714.000000              70
   715.000000              70
   716.000000              70
   717.000000              71
   718.000000              72
   719.000000              73
   720.000000              73
   721.000000              74
   722.000000              75
   723.000000              76
   724.000000              76
   725.000000              76
   726.000000              76
   727.000000              76
   728.000000              76
   729.000000              76
   730.000000              76
   731.000000              76
   732.000000              76
   733.000000              76
   734.000000              76
   735.000000              76
   736.000000              76
   737.000000              76
   738.000000              76
   739.000000              76
   740.000000              76
   741.000000              76
   742.000000              76
   743.000000              76
   744.000000              76
   745.000000              76
   746.000000              76
   747.000000              76
   748.000000              76
   749.000000              76
   750.000000              76
   751.000000              76
   752.000000              76
   753.000000              76
   754.000000              76
   755.000000              76
   756.000000              76
   757.000000              76
   758.000000              76
   759.000000              76
   760.000000              77
   761.000000              78
   762.000000              79
   763.000000              79
   764.000000              79
   765.000000              79
   766.000000              79
   767.000000              79
   768.000000              79
   769.000000              79
   770.000000              79
   771.000000              79
   772.000000              79
   773.000000              79
   774.000000              79
   775.000000              80
   776.000000              81
   777.000000              82
   778.000000              82
   779.000000              82
   780.000000              82
   781.000000              82
   782.000000              82
   783.000000              82
   784.000000              82
   785.000000              82
   786.000000              82
   787.000000              82
   788.000000              82
   789.000000              82
   790.000000              82
   791.000000              82
   792.000000              82
   793.000000              82
   794.000000              82
   795.000000              82
   796.000000              83
   797.000000              84
   798.000000              85
   799.000000              85
   800.000000              85
   801.000000              85
   802.000000              86
   803.000000              87
   804.000000              88
   805.000000              88
   806.000000              88
   807.000000              88
   808.000000              88
   809.000000              88
   810.000000              88
   811.000000              88
   812.000000              88
   813.000000              88
   814.000000              88
   815.000000              88
   816.000000              88
   817.000000              88
   818.000000              88
   819.000000              88
   820.000000              88
   821.000000              88
   822.000000              88
   823.000000              88
   824.000000              88
   825.000000              88
   826.000000              88
   827.000000              88
   828.000000              88
   829.000000              88
   830.000000              88
   831.000000              88
   832.000000              89
   833.000000              90
   834.000000              91
   835.000000              91
   836.000000              91
   837.000000              91
   838.000000              91
   839.000000              91
   840.000000              91
   841.000000              91
   842.000000              91
   843.000000              91
   844.000000              91
   845.000000              91
   846.000000              91
   847.000000              91
   848.000000              91
   849.000000              91
   850.000000              91
   851.000000              91
   852.000000              91
   853.000000              91
   854.000000              91
   855.000000              91
   856.000000              91
   857.000000              91
   858.000000              91
   859.000000              91
   860.000000              91
   861.000000              91
   862.000000              91
   863.000000              91
   864.000000              91
   865.000000              91
   866.000000              91
   867.000000              91
   868.000000              91
   869.000000              91
   870.000000              91
   871.000000              91
   872.000000              91
   873.000000              91
   874.000000              91
   875.000000              91
   876.000000              91
   877.000000              91
   878.000000              91
   879.000000              91
   880.000000              91
   881.000000              91
   882.000000              92
   883.000000              93
   884.000000              94
   885.000000              94
   886.000000              94
   887.000000              94
   888.000000              94
   889.000000              94
   890.000000              94
   891.000000              94
   892.000000              94
   893.000000              94
   894.000000              94
   895.000000              94
   896.000000              94
   897.000000              94
   898.000000              94
   899.000000              94
   900.000000              94
   901.000000              94
   902.000000              94
   903.000000              94
   904.000000              94
   905.000000              94
   906.000000              94
   907.000000              94
   908.000000              94
   909.000000              94
   910.000000              94
   911.000000              94
   912.000000              94
   913.000000              94
   914.000000              94
   915.000000              94
   916.000000              94
   917.000000              94
   918.000000              94
   919.000000              94
   920.000000              94
   921.000000              94
   922.000000              94
   923.000000              94
   924.000000              94
   925.000000              94
   926.000000              94
   927.000000              94
   928.000000              94
   929.000000              94
   930.000000              94
   931.000000              94
   932.000000              94
   933.000000              94
   934.000000              94
   935.000000              94
   936.000000              94
   937.000000              94
   938.000000              94
   939.000000              94
   940.000000              94
   941.000000              94
   942.000000              94
   943.000000              94
   944.000000              94
   945.000000              94
   946.000000              94
   947.000000              94
   948.000000              94
   949.000000              94
   950.000000              94
   951.000000              94
   952.000000              94
   953.000000              94
   954.000000              94
   955.000000              95
   956.000000              96
   957.000000              97
   958.000000              97
   959.000000              99
   960.000000             101
   961.000000             102
   962.000000             102
   963.000000             103
   964.000000             104
   965.000000             105
   966.000000             105
   967.000000             105
   968.000000             105
   969.000000             105
   970.000000             105
   971.000000             105
   972.000000             105
   973.000000             105
   974.000000             105
   975.000000             105
   976.000000             105
   977.000000             105
   978.000000             105
   979.000000             105
   980.000000             107
   981.000000             109
   982.000000             111
   983.000000             111
   984.000000             111
   985.000000             111
   986.000000             111
   987.000000             111
   988.000000             111
   989.000000             111
   990.000000             111
   991.000000             111
   992.000000             112
   993.000000             113
   994.000000             114
   995.000000             114
   996.000000             114
   997.000000             114
   998.000000             114
   999.000000             114
   1000.00000             114
