 Permeation events over simulation time.
 t(ns) Number of events
   0.00000000               0
   1.00000000               0
   2.00000000               0
   3.00000000               0
   4.00000000               0
   5.00000000               0
   6.00000000               0
   7.00000000               0
   8.00000000               0
   9.00000000               0
   10.0000000               0
   11.0000000               0
   12.0000000               0
   13.0000000               0
   14.0000000               0
   15.0000000               0
   16.0000000               0
   17.0000000               0
   18.0000000               0
   19.0000000               0
   20.0000000               0
   21.0000000               1
   22.0000000               2
   23.0000000               2
   24.0000000               2
   25.0000000               2
   26.0000000               2
   27.0000000               3
   28.0000000               4
   29.0000000               4
   30.0000000               4
   31.0000000               4
   32.0000000               4
   33.0000000               4
   34.0000000               4
   35.0000000               4
   36.0000000               4
   37.0000000               4
   38.0000000               4
   39.0000000               4
   40.0000000               4
   41.0000000               4
   42.0000000               4
   43.0000000               4
   44.0000000               4
   45.0000000               4
   46.0000000               4
   47.0000000               4
   48.0000000               4
   49.0000000               4
   50.0000000               4
   51.0000000               4
   52.0000000               4
   53.0000000               4
   54.0000000               4
   55.0000000               4
   56.0000000               4
   57.0000000               4
   58.0000000               4
   59.0000000               4
   60.0000000               4
   61.0000000               4
   62.0000000               4
   63.0000000               4
   64.0000000               4
   65.0000000               4
   66.0000000               4
   67.0000000               4
   68.0000000               4
   69.0000000               4
   70.0000000               4
   71.0000000               4
   72.0000000               4
   73.0000000               4
   74.0000000               4
   75.0000000               4
   76.0000000               4
   77.0000000               4
   78.0000000               4
   79.0000000               4
   80.0000000               4
   81.0000000               4
   82.0000000               4
   83.0000000               4
   84.0000000               4
   85.0000000               4
   86.0000000               4
   87.0000000               5
   88.0000000               6
   89.0000000               7
   90.0000000               7
   91.0000000               7
   92.0000000               7
   93.0000000               7
   94.0000000               7
   95.0000000               7
   96.0000000               7
   97.0000000               7
   98.0000000               7
   99.0000000               7
   100.000000               7
   101.000000               7
   102.000000               7
   103.000000               7
   104.000000               7
   105.000000               7
   106.000000               7
   107.000000               7
   108.000000               7
   109.000000               7
   110.000000               7
   111.000000               7
   112.000000               7
   113.000000               7
   114.000000               8
   115.000000              10
   116.000000              11
   117.000000              12
   118.000000              12
   119.000000              12
   120.000000              13
   121.000000              14
   122.000000              14
   123.000000              14
   124.000000              14
   125.000000              14
   126.000000              14
   127.000000              14
   128.000000              14
   129.000000              14
   130.000000              15
   131.000000              16
   132.000000              16
   133.000000              16
   134.000000              17
   135.000000              18
   136.000000              18
   137.000000              18
   138.000000              18
   139.000000              18
   140.000000              18
   141.000000              18
   142.000000              18
   143.000000              18
   144.000000              18
   145.000000              18
   146.000000              18
   147.000000              18
   148.000000              18
   149.000000              18
   150.000000              18
   151.000000              18
   152.000000              18
   153.000000              18
   154.000000              18
   155.000000              18
   156.000000              18
   157.000000              18
   158.000000              18
   159.000000              18
   160.000000              18
   161.000000              18
   162.000000              18
   163.000000              18
   164.000000              18
   165.000000              18
   166.000000              18
   167.000000              18
   168.000000              18
   169.000000              18
   170.000000              18
   171.000000              18
   172.000000              18
   173.000000              18
   174.000000              18
   175.000000              18
   176.000000              18
   177.000000              18
   178.000000              18
   179.000000              18
   180.000000              18
   181.000000              18
   182.000000              18
   183.000000              18
   184.000000              18
   185.000000              18
   186.000000              18
   187.000000              18
   188.000000              18
   189.000000              18
   190.000000              18
   191.000000              18
   192.000000              18
   193.000000              19
   194.000000              21
   195.000000              22
   196.000000              22
   197.000000              22
   198.000000              22
   199.000000              22
   200.000000              22
   201.000000              22
   202.000000              22
   203.000000              22
   204.000000              22
   205.000000              22
   206.000000              22
   207.000000              22
   208.000000              22
   209.000000              22
   210.000000              23
   211.000000              24
   212.000000              25
   213.000000              25
   214.000000              25
   215.000000              25
   216.000000              25
   217.000000              25
   218.000000              25
   219.000000              25
   220.000000              25
   221.000000              25
   222.000000              25
   223.000000              26
   224.000000              27
   225.000000              27
   226.000000              28
   227.000000              29
   228.000000              29
   229.000000              29
   230.000000              29
   231.000000              29
   232.000000              29
   233.000000              29
   234.000000              29
   235.000000              29
   236.000000              29
   237.000000              29
   238.000000              29
   239.000000              29
   240.000000              29
   241.000000              29
   242.000000              29
   243.000000              29
   244.000000              30
   245.000000              31
   246.000000              31
   247.000000              31
   248.000000              31
   249.000000              31
   250.000000              31
   251.000000              31
   252.000000              31
   253.000000              31
   254.000000              31
   255.000000              31
   256.000000              31
   257.000000              31
   258.000000              31
   259.000000              31
   260.000000              31
   261.000000              31
   262.000000              31
   263.000000              31
   264.000000              31
   265.000000              31
   266.000000              31
   267.000000              31
   268.000000              31
   269.000000              31
   270.000000              31
   271.000000              31
   272.000000              31
   273.000000              31
   274.000000              31
   275.000000              31
   276.000000              31
   277.000000              31
   278.000000              31
   279.000000              31
   280.000000              32
   281.000000              33
   282.000000              33
   283.000000              33
   284.000000              33
   285.000000              33
   286.000000              33
   287.000000              33
   288.000000              34
   289.000000              35
   290.000000              35
   291.000000              35
   292.000000              35
   293.000000              35
   294.000000              35
   295.000000              35
   296.000000              35
   297.000000              35
   298.000000              35
   299.000000              35
   300.000000              35
   301.000000              35
   302.000000              35
   303.000000              35
   304.000000              35
   305.000000              35
   306.000000              35
   307.000000              35
   308.000000              35
   309.000000              35
   310.000000              35
   311.000000              35
   312.000000              35
   313.000000              35
   314.000000              35
   315.000000              35
   316.000000              35
   317.000000              35
   318.000000              35
   319.000000              35
   320.000000              35
   321.000000              35
   322.000000              35
   323.000000              35
   324.000000              35
   325.000000              35
   326.000000              35
   327.000000              35
   328.000000              35
   329.000000              36
   330.000000              37
   331.000000              37
   332.000000              38
   333.000000              39
   334.000000              39
   335.000000              39
   336.000000              39
   337.000000              39
   338.000000              39
   339.000000              39
   340.000000              39
   341.000000              39
   342.000000              39
   343.000000              40
   344.000000              41
   345.000000              41
   346.000000              41
   347.000000              41
   348.000000              41
   349.000000              41
   350.000000              41
   351.000000              41
   352.000000              41
   353.000000              41
   354.000000              41
   355.000000              41
   356.000000              41
   357.000000              41
   358.000000              41
   359.000000              41
   360.000000              41
   361.000000              41
   362.000000              41
   363.000000              42
   364.000000              43
   365.000000              43
   366.000000              43
   367.000000              43
   368.000000              43
   369.000000              43
   370.000000              43
   371.000000              43
   372.000000              43
   373.000000              44
   374.000000              45
   375.000000              45
   376.000000              46
   377.000000              48
   378.000000              49
   379.000000              50
   380.000000              51
   381.000000              51
   382.000000              51
   383.000000              51
   384.000000              51
   385.000000              51
   386.000000              51
   387.000000              51
   388.000000              51
   389.000000              51
   390.000000              51
   391.000000              51
   392.000000              51
   393.000000              51
   394.000000              51
   395.000000              51
   396.000000              51
   397.000000              51
   398.000000              51
   399.000000              51
   400.000000              51
   401.000000              51
   402.000000              51
   403.000000              51
   404.000000              51
   405.000000              51
   406.000000              51
   407.000000              51
   408.000000              51
   409.000000              51
   410.000000              51
   411.000000              51
   412.000000              51
   413.000000              51
   414.000000              51
   415.000000              52
   416.000000              53
   417.000000              53
   418.000000              53
   419.000000              53
   420.000000              53
   421.000000              53
   422.000000              53
   423.000000              54
   424.000000              55
   425.000000              55
   426.000000              55
   427.000000              55
   428.000000              55
   429.000000              55
   430.000000              56
   431.000000              57
   432.000000              58
   433.000000              58
   434.000000              58
   435.000000              59
   436.000000              60
   437.000000              60
   438.000000              60
   439.000000              60
   440.000000              60
   441.000000              60
   442.000000              60
   443.000000              60
   444.000000              60
   445.000000              60
   446.000000              61
   447.000000              63
   448.000000              65
   449.000000              66
   450.000000              68
   451.000000              69
   452.000000              69
   453.000000              69
   454.000000              69
   455.000000              69
   456.000000              69
   457.000000              69
   458.000000              69
   459.000000              69
   460.000000              69
   461.000000              69
   462.000000              69
   463.000000              69
   464.000000              69
   465.000000              70
   466.000000              71
   467.000000              71
   468.000000              71
   469.000000              71
   470.000000              71
   471.000000              73
   472.000000              75
   473.000000              75
   474.000000              75
   475.000000              75
   476.000000              75
   477.000000              75
   478.000000              75
   479.000000              75
   480.000000              75
   481.000000              75
   482.000000              75
   483.000000              75
   484.000000              75
   485.000000              75
   486.000000              75
   487.000000              75
   488.000000              75
   489.000000              75
   490.000000              76
   491.000000              77
   492.000000              77
   493.000000              77
   494.000000              77
   495.000000              77
   496.000000              77
   497.000000              77
   498.000000              77
   499.000000              77
   500.000000              77
   501.000000              78
   502.000000              79
   503.000000              80
   504.000000              80
   505.000000              80
   506.000000              80
   507.000000              80
   508.000000              80
   509.000000              81
   510.000000              82
   511.000000              82
   512.000000              82
   513.000000              82
   514.000000              83
   515.000000              84
   516.000000              84
   517.000000              84
   518.000000              84
   519.000000              84
   520.000000              85
   521.000000              86
   522.000000              86
   523.000000              86
   524.000000              86
   525.000000              86
   526.000000              86
   527.000000              86
   528.000000              86
   529.000000              86
   530.000000              87
   531.000000              88
   532.000000              89
   533.000000              90
   534.000000              91
   535.000000              91
   536.000000              91
   537.000000              91
   538.000000              91
   539.000000              91
   540.000000              91
   541.000000              91
   542.000000              91
   543.000000              91
   544.000000              91
   545.000000              91
   546.000000              91
   547.000000              91
   548.000000              91
   549.000000              91
   550.000000              91
   551.000000              91
   552.000000              91
   553.000000              91
   554.000000              91
   555.000000              91
   556.000000              91
   557.000000              91
   558.000000              91
   559.000000              91
   560.000000              91
   561.000000              91
   562.000000              91
   563.000000              91
   564.000000              91
   565.000000              91
   566.000000              92
   567.000000              93
   568.000000              93
   569.000000              93
   570.000000              93
   571.000000              93
   572.000000              93
   573.000000              93
   574.000000              93
   575.000000              93
   576.000000              93
   577.000000              93
   578.000000              93
   579.000000              93
   580.000000              93
   581.000000              93
   582.000000              94
   583.000000              95
   584.000000              96
   585.000000              96
   586.000000              96
   587.000000              97
   588.000000              98
   589.000000              98
   590.000000              98
   591.000000              98
   592.000000              98
   593.000000              98
   594.000000              98
   595.000000              98
   596.000000              98
   597.000000              98
   598.000000              98
   599.000000              98
   600.000000              98
   601.000000              98
   602.000000              98
   603.000000              98
   604.000000              99
   605.000000             100
   606.000000             100
   607.000000             100
   608.000000             100
   609.000000             100
   610.000000             101
   611.000000             102
   612.000000             103
   613.000000             103
   614.000000             103
   615.000000             103
   616.000000             103
   617.000000             103
   618.000000             103
   619.000000             103
   620.000000             103
   621.000000             103
   622.000000             103
   623.000000             103
   624.000000             104
   625.000000             105
   626.000000             105
   627.000000             105
   628.000000             105
   629.000000             106
   630.000000             108
   631.000000             109
   632.000000             109
   633.000000             109
   634.000000             110
   635.000000             112
   636.000000             113
   637.000000             113
   638.000000             113
   639.000000             113
   640.000000             113
   641.000000             113
   642.000000             113
   643.000000             113
   644.000000             113
   645.000000             113
   646.000000             113
   647.000000             113
   648.000000             113
   649.000000             113
   650.000000             113
   651.000000             113
   652.000000             113
   653.000000             113
   654.000000             113
   655.000000             113
   656.000000             113
   657.000000             113
   658.000000             113
   659.000000             113
   660.000000             113
   661.000000             113
   662.000000             113
   663.000000             113
   664.000000             113
   665.000000             113
   666.000000             113
   667.000000             113
   668.000000             113
   669.000000             113
   670.000000             113
   671.000000             114
   672.000000             115
   673.000000             115
   674.000000             115
   675.000000             115
   676.000000             115
   677.000000             115
   678.000000             116
   679.000000             117
   680.000000             117
   681.000000             119
   682.000000             121
   683.000000             121
   684.000000             121
   685.000000             121
   686.000000             122
   687.000000             123
   688.000000             123
   689.000000             123
   690.000000             123
   691.000000             123
   692.000000             123
   693.000000             123
   694.000000             123
   695.000000             123
   696.000000             123
   697.000000             123
   698.000000             123
   699.000000             123
   700.000000             123
   701.000000             123
   702.000000             123
   703.000000             124
   704.000000             125
   705.000000             125
   706.000000             125
   707.000000             125
   708.000000             125
   709.000000             125
   710.000000             125
   711.000000             125
   712.000000             125
   713.000000             125
   714.000000             125
   715.000000             125
   716.000000             125
   717.000000             125
   718.000000             125
   719.000000             125
   720.000000             125
   721.000000             125
   722.000000             125
   723.000000             125
   724.000000             125
   725.000000             125
   726.000000             125
   727.000000             125
   728.000000             125
   729.000000             125
   730.000000             125
   731.000000             125
   732.000000             125
   733.000000             125
   734.000000             125
   735.000000             125
   736.000000             125
   737.000000             125
   738.000000             125
   739.000000             125
   740.000000             125
   741.000000             125
   742.000000             125
   743.000000             125
   744.000000             125
   745.000000             125
   746.000000             125
   747.000000             125
   748.000000             125
   749.000000             125
   750.000000             126
   751.000000             127
   752.000000             127
   753.000000             127
   754.000000             127
   755.000000             127
   756.000000             127
   757.000000             127
   758.000000             127
   759.000000             127
   760.000000             127
   761.000000             127
   762.000000             128
   763.000000             129
   764.000000             129
   765.000000             129
   766.000000             129
   767.000000             129
   768.000000             129
   769.000000             129
   770.000000             129
   771.000000             129
   772.000000             129
   773.000000             129
   774.000000             129
   775.000000             129
   776.000000             129
   777.000000             129
   778.000000             129
   779.000000             129
   780.000000             130
   781.000000             131
   782.000000             131
   783.000000             131
   784.000000             131
   785.000000             131
   786.000000             131
   787.000000             131
   788.000000             131
   789.000000             131
   790.000000             131
   791.000000             131
   792.000000             131
   793.000000             131
   794.000000             131
   795.000000             131
   796.000000             131
   797.000000             131
   798.000000             131
   799.000000             131
   800.000000             131
   801.000000             131
   802.000000             132
   803.000000             133
   804.000000             133
   805.000000             133
   806.000000             133
   807.000000             133
   808.000000             133
   809.000000             133
   810.000000             133
   811.000000             133
   812.000000             133
   813.000000             133
   814.000000             133
   815.000000             133
   816.000000             133
   817.000000             133
   818.000000             133
   819.000000             133
   820.000000             133
   821.000000             133
   822.000000             133
   823.000000             133
   824.000000             133
   825.000000             133
   826.000000             134
   827.000000             135
   828.000000             135
   829.000000             135
   830.000000             135
   831.000000             135
   832.000000             135
   833.000000             135
   834.000000             135
   835.000000             135
   836.000000             135
   837.000000             135
   838.000000             135
   839.000000             135
   840.000000             135
   841.000000             135
   842.000000             135
   843.000000             135
   844.000000             135
   845.000000             135
   846.000000             136
   847.000000             137
   848.000000             137
   849.000000             137
   850.000000             137
   851.000000             138
   852.000000             139
   853.000000             139
   854.000000             139
   855.000000             139
   856.000000             139
   857.000000             139
   858.000000             139
   859.000000             139
   860.000000             140
   861.000000             141
   862.000000             141
   863.000000             141
   864.000000             141
   865.000000             141
   866.000000             141
   867.000000             141
   868.000000             141
   869.000000             142
   870.000000             143
   871.000000             144
   872.000000             145
   873.000000             146
   874.000000             146
   875.000000             146
   876.000000             146
   877.000000             147
   878.000000             148
   879.000000             149
   880.000000             150
   881.000000             150
   882.000000             150
   883.000000             150
   884.000000             150
   885.000000             150
   886.000000             150
   887.000000             150
   888.000000             150
   889.000000             150
   890.000000             150
   891.000000             150
   892.000000             150
   893.000000             150
   894.000000             150
   895.000000             150
   896.000000             150
   897.000000             150
   898.000000             150
   899.000000             150
   900.000000             150
   901.000000             150
   902.000000             151
   903.000000             153
   904.000000             154
   905.000000             154
   906.000000             155
   907.000000             156
   908.000000             157
   909.000000             159
   910.000000             160
   911.000000             160
   912.000000             160
   913.000000             160
   914.000000             160
   915.000000             160
   916.000000             160
   917.000000             160
   918.000000             160
   919.000000             160
   920.000000             160
   921.000000             160
   922.000000             160
   923.000000             160
   924.000000             160
   925.000000             160
   926.000000             161
   927.000000             162
   928.000000             162
   929.000000             162
   930.000000             162
   931.000000             162
   932.000000             162
   933.000000             162
   934.000000             162
   935.000000             162
   936.000000             162
   937.000000             162
   938.000000             162
   939.000000             162
   940.000000             162
   941.000000             162
   942.000000             162
   943.000000             162
   944.000000             162
   945.000000             163
   946.000000             164
   947.000000             164
   948.000000             164
   949.000000             164
   950.000000             164
   951.000000             164
   952.000000             164
   953.000000             164
   954.000000             165
   955.000000             166
   956.000000             166
   957.000000             167
   958.000000             168
   959.000000             168
   960.000000             168
   961.000000             168
   962.000000             168
   963.000000             169
   964.000000             171
   965.000000             172
   966.000000             172
   967.000000             172
   968.000000             172
   969.000000             172
   970.000000             172
   971.000000             173
   972.000000             175
   973.000000             176
   974.000000             176
   975.000000             176
   976.000000             176
   977.000000             176
   978.000000             176
   979.000000             176
   980.000000             176
   981.000000             176
   982.000000             176
   983.000000             176
   984.000000             176
   985.000000             176
   986.000000             176
   987.000000             176
   988.000000             176
   989.000000             176
   990.000000             176
   991.000000             176
   992.000000             176
   993.000000             176
   994.000000             176
   995.000000             177
   996.000000             179
   997.000000             179
   998.000000             179
   999.000000             179
   1000.00000             179
