 Permeation events over simulation time.
 t(ns) Number of events
   0.00000000               0
   1.00000000               0
   2.00000000               0
   3.00000000               0
   4.00000000               0
   5.00000000               0
   6.00000000               0
   7.00000000               0
   8.00000000               0
   9.00000000               0
   10.0000000               0
   11.0000000               0
   12.0000000               0
   13.0000000               0
   14.0000000               0
   15.0000000               0
   16.0000000               0
   17.0000000               0
   18.0000000               0
   19.0000000               0
   20.0000000               0
   21.0000000               1
   22.0000000               1
   23.0000000               1
   24.0000000               1
   25.0000000               1
   26.0000000               2
   27.0000000               2
   28.0000000               2
   29.0000000               2
   30.0000000               2
   31.0000000               2
   32.0000000               2
   33.0000000               2
   34.0000000               2
   35.0000000               2
   36.0000000               2
   37.0000000               2
   38.0000000               2
   39.0000000               2
   40.0000000               2
   41.0000000               2
   42.0000000               2
   43.0000000               2
   44.0000000               2
   45.0000000               2
   46.0000000               2
   47.0000000               2
   48.0000000               2
   49.0000000               3
   50.0000000               4
   51.0000000               4
   52.0000000               4
   53.0000000               4
   54.0000000               4
   55.0000000               4
   56.0000000               4
   57.0000000               4
   58.0000000               4
   59.0000000               4
   60.0000000               4
   61.0000000               4
   62.0000000               4
   63.0000000               4
   64.0000000               4
   65.0000000               4
   66.0000000               4
   67.0000000               4
   68.0000000               4
   69.0000000               4
   70.0000000               4
   71.0000000               4
   72.0000000               4
   73.0000000               4
   74.0000000               4
   75.0000000               4
   76.0000000               4
   77.0000000               4
   78.0000000               4
   79.0000000               4
   80.0000000               4
   81.0000000               4
   82.0000000               4
   83.0000000               4
   84.0000000               4
   85.0000000               4
   86.0000000               4
   87.0000000               4
   88.0000000               4
   89.0000000               4
   90.0000000               4
   91.0000000               4
   92.0000000               4
   93.0000000               4
   94.0000000               4
   95.0000000               4
   96.0000000               4
   97.0000000               4
   98.0000000               4
   99.0000000               4
   100.000000               4
   101.000000               4
   102.000000               4
   103.000000               4
   104.000000               4
   105.000000               4
   106.000000               4
   107.000000               4
   108.000000               4
   109.000000               4
   110.000000               4
   111.000000               4
   112.000000               4
   113.000000               4
   114.000000               4
   115.000000               4
   116.000000               4
   117.000000               4
   118.000000               4
   119.000000               4
   120.000000               4
   121.000000               4
   122.000000               4
   123.000000               4
   124.000000               4
   125.000000               4
   126.000000               4
   127.000000               4
   128.000000               4
   129.000000               4
   130.000000               4
   131.000000               4
   132.000000               4
   133.000000               4
   134.000000               4
   135.000000               4
   136.000000               4
   137.000000               4
   138.000000               4
   139.000000               4
   140.000000               4
   141.000000               4
   142.000000               5
   143.000000               6
   144.000000               6
   145.000000               6
   146.000000               6
   147.000000               6
   148.000000               6
   149.000000               6
   150.000000               6
   151.000000               7
   152.000000               7
   153.000000               7
   154.000000               7
   155.000000               7
   156.000000               7
   157.000000               7
   158.000000               7
   159.000000               7
   160.000000               7
   161.000000               7
   162.000000               7
   163.000000               7
   164.000000               7
   165.000000               7
   166.000000               7
   167.000000               7
   168.000000               7
   169.000000               7
   170.000000               7
   171.000000               8
   172.000000               9
   173.000000               9
   174.000000               9
   175.000000               9
   176.000000               9
   177.000000               9
   178.000000               9
   179.000000               9
   180.000000               9
   181.000000               9
   182.000000               9
   183.000000               9
   184.000000               9
   185.000000               9
   186.000000               9
   187.000000               9
   188.000000               9
   189.000000               9
   190.000000               9
   191.000000               9
   192.000000               9
   193.000000               9
   194.000000               9
   195.000000               9
   196.000000               9
   197.000000               9
   198.000000               9
   199.000000               9
   200.000000               9
   201.000000               9
   202.000000               9
   203.000000               9
   204.000000               9
   205.000000               9
   206.000000               9
   207.000000               9
   208.000000               9
   209.000000               9
   210.000000               9
   211.000000               9
   212.000000               9
   213.000000               9
   214.000000               9
   215.000000               9
   216.000000               9
   217.000000               9
   218.000000              10
   219.000000              11
   220.000000              11
   221.000000              11
   222.000000              11
   223.000000              11
   224.000000              11
   225.000000              11
   226.000000              11
   227.000000              11
   228.000000              11
   229.000000              11
   230.000000              11
   231.000000              11
   232.000000              11
   233.000000              11
   234.000000              11
   235.000000              11
   236.000000              11
   237.000000              11
   238.000000              11
   239.000000              11
   240.000000              11
   241.000000              11
   242.000000              11
   243.000000              11
   244.000000              11
   245.000000              11
   246.000000              11
   247.000000              11
   248.000000              11
   249.000000              11
   250.000000              11
   251.000000              11
   252.000000              11
   253.000000              11
   254.000000              11
   255.000000              11
   256.000000              11
   257.000000              11
   258.000000              11
   259.000000              11
   260.000000              11
   261.000000              11
   262.000000              12
   263.000000              13
   264.000000              13
   265.000000              14
   266.000000              14
   267.000000              14
   268.000000              14
   269.000000              14
   270.000000              14
   271.000000              14
   272.000000              14
   273.000000              14
   274.000000              14
   275.000000              15
   276.000000              15
   277.000000              15
   278.000000              15
   279.000000              15
   280.000000              15
   281.000000              15
   282.000000              15
   283.000000              16
   284.000000              17
   285.000000              18
   286.000000              18
   287.000000              18
   288.000000              18
   289.000000              18
   290.000000              19
   291.000000              20
   292.000000              20
   293.000000              20
   294.000000              20
   295.000000              20
   296.000000              20
   297.000000              20
   298.000000              20
   299.000000              20
   300.000000              20
   301.000000              20
   302.000000              20
   303.000000              20
   304.000000              21
   305.000000              22
   306.000000              22
   307.000000              22
   308.000000              22
   309.000000              22
   310.000000              22
   311.000000              22
   312.000000              22
   313.000000              22
   314.000000              22
   315.000000              22
   316.000000              22
   317.000000              22
   318.000000              22
   319.000000              22
   320.000000              22
   321.000000              22
   322.000000              22
   323.000000              22
   324.000000              22
   325.000000              24
   326.000000              24
   327.000000              24
   328.000000              24
   329.000000              24
   330.000000              24
   331.000000              24
   332.000000              24
   333.000000              25
   334.000000              26
   335.000000              26
   336.000000              26
   337.000000              26
   338.000000              26
   339.000000              26
   340.000000              26
   341.000000              26
   342.000000              26
   343.000000              26
   344.000000              26
   345.000000              26
   346.000000              26
   347.000000              26
   348.000000              26
   349.000000              26
   350.000000              26
   351.000000              26
   352.000000              26
   353.000000              26
   354.000000              26
   355.000000              26
   356.000000              26
   357.000000              26
   358.000000              26
   359.000000              26
   360.000000              26
   361.000000              26
   362.000000              26
   363.000000              26
   364.000000              26
   365.000000              26
   366.000000              26
   367.000000              26
   368.000000              26
   369.000000              26
   370.000000              26
   371.000000              26
   372.000000              26
   373.000000              26
   374.000000              26
   375.000000              26
   376.000000              26
   377.000000              26
   378.000000              26
   379.000000              26
   380.000000              26
   381.000000              26
   382.000000              26
   383.000000              26
   384.000000              26
   385.000000              26
   386.000000              26
   387.000000              26
   388.000000              26
   389.000000              27
   390.000000              27
   391.000000              27
   392.000000              27
   393.000000              27
   394.000000              27
   395.000000              27
   396.000000              27
   397.000000              27
   398.000000              28
   399.000000              29
   400.000000              29
   401.000000              29
   402.000000              29
   403.000000              29
   404.000000              29
   405.000000              29
   406.000000              29
   407.000000              29
   408.000000              29
   409.000000              29
   410.000000              29
   411.000000              29
   412.000000              30
   413.000000              32
   414.000000              33
   415.000000              33
   416.000000              33
   417.000000              33
   418.000000              33
   419.000000              33
   420.000000              33
   421.000000              33
   422.000000              33
   423.000000              33
   424.000000              33
   425.000000              33
   426.000000              33
   427.000000              33
   428.000000              33
   429.000000              33
   430.000000              33
   431.000000              33
   432.000000              33
   433.000000              33
   434.000000              33
   435.000000              33
   436.000000              33
   437.000000              33
   438.000000              33
   439.000000              34
   440.000000              36
   441.000000              37
   442.000000              37
   443.000000              37
   444.000000              37
   445.000000              37
   446.000000              37
   447.000000              37
   448.000000              37
   449.000000              37
   450.000000              37
   451.000000              37
   452.000000              37
   453.000000              37
   454.000000              38
   455.000000              39
   456.000000              40
   457.000000              40
   458.000000              40
   459.000000              40
   460.000000              40
   461.000000              40
   462.000000              41
   463.000000              43
   464.000000              44
   465.000000              44
   466.000000              44
   467.000000              44
   468.000000              44
   469.000000              44
   470.000000              44
   471.000000              45
   472.000000              45
   473.000000              45
   474.000000              45
   475.000000              45
   476.000000              45
   477.000000              45
   478.000000              45
   479.000000              45
   480.000000              45
   481.000000              45
   482.000000              45
   483.000000              45
   484.000000              45
   485.000000              45
   486.000000              45
   487.000000              45
   488.000000              45
   489.000000              45
   490.000000              45
   491.000000              45
   492.000000              45
   493.000000              45
   494.000000              45
   495.000000              45
   496.000000              45
   497.000000              45
   498.000000              45
   499.000000              45
   500.000000              45
   501.000000              45
   502.000000              45
   503.000000              46
   504.000000              47
   505.000000              47
   506.000000              47
   507.000000              47
   508.000000              47
   509.000000              47
   510.000000              47
   511.000000              47
   512.000000              47
   513.000000              47
   514.000000              47
   515.000000              47
   516.000000              47
   517.000000              47
   518.000000              47
   519.000000              47
   520.000000              47
   521.000000              47
   522.000000              47
   523.000000              47
   524.000000              48
   525.000000              49
   526.000000              49
   527.000000              50
   528.000000              50
   529.000000              50
   530.000000              50
   531.000000              50
   532.000000              50
   533.000000              50
   534.000000              50
   535.000000              50
   536.000000              50
   537.000000              50
   538.000000              50
   539.000000              50
   540.000000              50
   541.000000              50
   542.000000              50
   543.000000              50
   544.000000              50
   545.000000              50
   546.000000              50
   547.000000              50
   548.000000              50
   549.000000              50
   550.000000              50
   551.000000              50
   552.000000              50
   553.000000              50
   554.000000              51
   555.000000              51
   556.000000              51
   557.000000              51
   558.000000              52
   559.000000              52
   560.000000              52
   561.000000              52
   562.000000              52
   563.000000              52
   564.000000              52
   565.000000              52
   566.000000              52
   567.000000              52
   568.000000              53
   569.000000              53
   570.000000              53
   571.000000              53
   572.000000              53
   573.000000              53
   574.000000              53
   575.000000              53
   576.000000              53
   577.000000              53
   578.000000              53
   579.000000              53
   580.000000              53
   581.000000              53
   582.000000              53
   583.000000              53
   584.000000              53
   585.000000              53
   586.000000              53
   587.000000              53
   588.000000              53
   589.000000              53
   590.000000              53
   591.000000              53
   592.000000              53
   593.000000              53
   594.000000              53
   595.000000              53
   596.000000              53
   597.000000              53
   598.000000              53
   599.000000              53
   600.000000              53
   601.000000              53
   602.000000              53
   603.000000              53
   604.000000              53
   605.000000              53
   606.000000              54
   607.000000              55
   608.000000              55
   609.000000              55
   610.000000              55
   611.000000              55
   612.000000              55
   613.000000              55
   614.000000              55
   615.000000              55
   616.000000              55
   617.000000              55
   618.000000              55
   619.000000              55
   620.000000              55
   621.000000              55
   622.000000              55
   623.000000              55
   624.000000              55
   625.000000              55
   626.000000              55
   627.000000              55
   628.000000              56
   629.000000              56
   630.000000              56
   631.000000              56
   632.000000              56
   633.000000              56
   634.000000              56
   635.000000              56
   636.000000              57
   637.000000              58
   638.000000              58
   639.000000              58
   640.000000              58
   641.000000              58
   642.000000              58
   643.000000              58
   644.000000              58
   645.000000              58
   646.000000              58
   647.000000              58
   648.000000              58
   649.000000              58
   650.000000              58
   651.000000              58
   652.000000              58
   653.000000              58
   654.000000              58
   655.000000              58
   656.000000              58
   657.000000              58
   658.000000              58
   659.000000              58
   660.000000              58
   661.000000              58
   662.000000              58
   663.000000              58
   664.000000              58
   665.000000              58
   666.000000              58
   667.000000              58
   668.000000              58
   669.000000              58
   670.000000              58
   671.000000              58
   672.000000              58
   673.000000              58
   674.000000              58
   675.000000              58
   676.000000              58
   677.000000              58
   678.000000              58
   679.000000              58
   680.000000              58
   681.000000              58
   682.000000              58
   683.000000              58
   684.000000              58
   685.000000              58
   686.000000              58
   687.000000              58
   688.000000              58
   689.000000              58
   690.000000              58
   691.000000              58
   692.000000              58
   693.000000              58
   694.000000              58
   695.000000              58
   696.000000              58
   697.000000              58
   698.000000              58
   699.000000              58
   700.000000              59
   701.000000              59
   702.000000              59
   703.000000              59
   704.000000              59
   705.000000              59
   706.000000              59
   707.000000              59
   708.000000              59
   709.000000              59
   710.000000              59
   711.000000              59
   712.000000              59
   713.000000              59
   714.000000              59
   715.000000              59
   716.000000              59
   717.000000              59
   718.000000              59
   719.000000              60
   720.000000              61
   721.000000              61
   722.000000              61
   723.000000              61
   724.000000              61
   725.000000              61
   726.000000              61
   727.000000              61
   728.000000              62
   729.000000              63
   730.000000              63
   731.000000              63
   732.000000              63
   733.000000              63
   734.000000              63
   735.000000              63
   736.000000              64
   737.000000              65
   738.000000              65
   739.000000              65
   740.000000              65
   741.000000              65
   742.000000              65
   743.000000              65
   744.000000              65
   745.000000              65
   746.000000              65
   747.000000              65
   748.000000              65
   749.000000              65
   750.000000              65
   751.000000              65
   752.000000              65
   753.000000              65
   754.000000              65
   755.000000              65
   756.000000              65
   757.000000              65
   758.000000              65
   759.000000              65
   760.000000              65
   761.000000              65
   762.000000              65
   763.000000              65
   764.000000              65
   765.000000              65
   766.000000              65
   767.000000              65
   768.000000              65
   769.000000              66
   770.000000              67
   771.000000              67
   772.000000              68
   773.000000              69
   774.000000              70
   775.000000              70
   776.000000              70
   777.000000              70
   778.000000              71
   779.000000              72
   780.000000              72
   781.000000              72
   782.000000              72
   783.000000              72
   784.000000              72
   785.000000              72
   786.000000              72
   787.000000              72
   788.000000              72
   789.000000              72
   790.000000              72
   791.000000              72
   792.000000              72
   793.000000              72
   794.000000              72
   795.000000              72
   796.000000              72
   797.000000              72
   798.000000              72
   799.000000              72
   800.000000              72
   801.000000              73
   802.000000              74
   803.000000              74
   804.000000              74
   805.000000              74
   806.000000              74
   807.000000              74
   808.000000              74
   809.000000              74
   810.000000              74
   811.000000              74
   812.000000              74
   813.000000              74
   814.000000              74
   815.000000              74
   816.000000              74
   817.000000              74
   818.000000              74
   819.000000              74
   820.000000              74
   821.000000              74
   822.000000              74
   823.000000              74
   824.000000              75
   825.000000              76
   826.000000              76
   827.000000              76
   828.000000              76
   829.000000              76
   830.000000              76
   831.000000              76
   832.000000              76
   833.000000              76
   834.000000              76
   835.000000              76
   836.000000              76
   837.000000              76
   838.000000              76
   839.000000              76
   840.000000              76
   841.000000              76
   842.000000              76
   843.000000              76
   844.000000              76
   845.000000              76
   846.000000              76
   847.000000              76
   848.000000              76
   849.000000              76
   850.000000              76
   851.000000              76
   852.000000              76
   853.000000              76
   854.000000              76
   855.000000              76
   856.000000              76
   857.000000              76
   858.000000              76
   859.000000              76
   860.000000              76
   861.000000              76
   862.000000              77
   863.000000              78
   864.000000              78
   865.000000              78
   866.000000              78
   867.000000              78
   868.000000              78
   869.000000              78
   870.000000              78
   871.000000              78
   872.000000              78
   873.000000              78
   874.000000              78
   875.000000              78
   876.000000              79
   877.000000              80
   878.000000              80
   879.000000              80
   880.000000              80
   881.000000              80
   882.000000              80
   883.000000              80
   884.000000              80
   885.000000              80
   886.000000              80
   887.000000              80
   888.000000              80
   889.000000              80
   890.000000              80
   891.000000              80
   892.000000              80
   893.000000              80
   894.000000              80
   895.000000              80
   896.000000              80
   897.000000              80
   898.000000              80
   899.000000              80
   900.000000              80
