 Permeation events over simulation time.
 t(ns) Number of events
   0.00000000               0
  0.100000001               0
  0.200000003               0
  0.300000012               0
  0.400000006               0
  0.500000000               0
  0.600000024               0
  0.699999988               0
  0.800000012               0
  0.899999976               0
   1.00000000               0
   1.10000002               0
   1.20000005               0
   1.29999995               0
   1.39999998               0
   1.50000000               0
   1.60000002               0
   1.70000005               0
   1.79999995               0
   1.89999998               0
   2.00000000               0
   2.09999990               0
   2.20000005               0
   2.29999995               0
   2.40000010               0
   2.50000000               0
   2.59999990               0
   2.70000005               0
   2.79999995               0
   2.90000010               0
   3.00000000               0
   3.09999990               0
   3.20000005               0
   3.29999995               0
   3.40000010               0
   3.50000000               0
   3.59999990               0
   3.70000005               0
   3.79999995               0
   3.90000010               0
   4.00000000               0
   4.09999990               0
   4.19999981               0
   4.30000019               0
   4.40000010               0
   4.50000000               0
   4.59999990               0
   4.69999981               0
   4.80000019               0
   4.90000010               0
   5.00000000               0
   5.09999990               0
   5.19999981               0
   5.30000019               0
   5.40000010               0
   5.50000000               0
   5.59999990               0
   5.69999981               0
   5.80000019               0
   5.90000010               0
   6.00000000               0
   6.09999990               0
   6.19999981               0
   6.30000019               0
   6.40000010               0
   6.50000000               0
   6.59999990               0
   6.69999981               0
   6.80000019               0
   6.90000010               0
   7.00000000               0
   7.09999990               0
   7.19999981               0
   7.30000019               0
   7.40000010               0
   7.50000000               0
   7.59999990               0
   7.69999981               0
   7.80000019               0
   7.90000010               0
   8.00000000               0
   8.10000038               0
   8.19999981               0
   8.30000019               0
   8.39999962               0
   8.50000000               0
   8.60000038               0
   8.69999981               0
   8.80000019               0
   8.89999962               0
   9.00000000               0
   9.10000038               0
   9.19999981               0
   9.30000019               0
   9.39999962               0
   9.50000000               0
   9.60000038               0
   9.69999981               0
   9.80000019               0
   9.89999962               0
   10.0000000               0
   10.1000004               0
   10.1999998               0
   10.3000002               0
   10.3999996               0
   10.5000000               0
   10.6000004               0
   10.6999998               0
   10.8000002               0
   10.8999996               0
   11.0000000               0
   11.1000004               0
   11.1999998               0
   11.3000002               0
   11.3999996               0
   11.5000000               0
   11.6000004               0
   11.6999998               0
   11.8000002               0
   11.8999996               0
   12.0000000               0
   12.1000004               0
   12.1999998               0
   12.3000002               0
   12.3999996               0
   12.5000000               0
   12.6000004               0
   12.6999998               0
   12.8000002               0
   12.8999996               0
   13.0000000               0
   13.1000004               0
   13.1999998               0
   13.3000002               1
   13.3999996               1
   13.5000000               1
   13.6000004               1
   13.6999998               1
   13.8000002               1
   13.8999996               1
   14.0000000               1
   14.1000004               1
   14.1999998               1
   14.3000002               1
   14.3999996               1
   14.5000000               1
   14.6000004               1
   14.6999998               1
   14.8000002               1
   14.8999996               1
   15.0000000               1
   15.1000004               1
   15.1999998               1
   15.3000002               2
   15.3999996               2
   15.5000000               2
   15.6000004               2
   15.6999998               2
   15.8000002               2
   15.8999996               2
   16.0000000               2
   16.1000004               2
   16.2000008               2
   16.2999992               2
   16.3999996               2
   16.5000000               2
   16.6000004               2
   16.7000008               2
   16.7999992               2
   16.8999996               2
   17.0000000               2
   17.1000004               2
   17.2000008               2
   17.2999992               2
   17.3999996               2
   17.5000000               2
   17.6000004               2
   17.7000008               2
   17.7999992               2
   17.8999996               2
   18.0000000               2
   18.1000004               2
   18.2000008               2
   18.2999992               2
   18.3999996               2
   18.5000000               2
   18.6000004               2
   18.7000008               2
   18.7999992               2
   18.8999996               2
   19.0000000               2
   19.1000004               2
   19.2000008               2
   19.2999992               2
   19.3999996               2
   19.5000000               2
   19.6000004               2
   19.7000008               2
   19.7999992               2
   19.8999996               2
   20.0000000               2
   20.1000004               2
   20.2000008               2
   20.2999992               2
   20.3999996               2
   20.5000000               2
   20.6000004               2
   20.7000008               2
   20.7999992               2
   20.8999996               2
   21.0000000               2
   21.1000004               2
   21.2000008               2
   21.2999992               2
   21.3999996               2
   21.5000000               2
   21.6000004               2
   21.7000008               2
   21.7999992               2
   21.8999996               2
   22.0000000               2
   22.1000004               2
   22.2000008               2
   22.2999992               2
   22.3999996               2
   22.5000000               2
   22.6000004               2
   22.7000008               2
   22.7999992               2
   22.8999996               2
   23.0000000               2
   23.1000004               2
   23.2000008               2
   23.2999992               2
   23.3999996               2
   23.5000000               2
   23.6000004               2
   23.7000008               2
   23.7999992               2
   23.8999996               2
   24.0000000               2
   24.1000004               2
   24.2000008               2
   24.2999992               2
   24.3999996               2
   24.5000000               2
   24.6000004               2
   24.7000008               2
   24.7999992               2
   24.8999996               2
   25.0000000               2
   25.1000004               3
   25.2000008               3
   25.2999992               3
   25.3999996               3
   25.5000000               3
   25.6000004               3
   25.7000008               3
   25.7999992               3
   25.8999996               3
   26.0000000               3
   26.1000004               3
   26.2000008               3
   26.2999992               3
   26.3999996               3
   26.5000000               3
   26.6000004               3
   26.7000008               3
   26.7999992               3
   26.8999996               3
   27.0000000               3
   27.1000004               3
   27.2000008               3
   27.2999992               3
   27.3999996               3
   27.5000000               3
   27.6000004               3
   27.7000008               3
   27.7999992               3
   27.8999996               3
   28.0000000               3
   28.1000004               3
   28.2000008               3
   28.2999992               3
   28.3999996               3
   28.5000000               3
   28.6000004               3
   28.7000008               3
   28.7999992               3
   28.8999996               3
   29.0000000               3
   29.1000004               3
   29.2000008               3
   29.2999992               3
   29.3999996               3
   29.5000000               3
   29.6000004               3
   29.7000008               3
   29.7999992               3
   29.8999996               3
   30.0000000               3
   30.1000004               3
   30.2000008               3
   30.2999992               3
   30.3999996               3
   30.5000000               3
   30.6000004               3
   30.7000008               3
   30.7999992               3
   30.8999996               3
   31.0000000               3
   31.1000004               3
   31.2000008               3
   31.2999992               3
   31.3999996               3
   31.5000000               3
   31.6000004               3
   31.7000008               3
   31.7999992               3
   31.8999996               3
   32.0000000               3
   32.0999985               3
   32.2000008               3
   32.2999992               3
   32.4000015               3
   32.5000000               3
   32.5999985               3
   32.7000008               3
   32.7999992               3
   32.9000015               3
   33.0000000               3
   33.0999985               3
   33.2000008               3
   33.2999992               3
   33.4000015               3
   33.5000000               3
   33.5999985               4
   33.7000008               4
   33.7999992               4
   33.9000015               4
   34.0000000               4
   34.0999985               4
   34.2000008               4
   34.2999992               4
   34.4000015               4
   34.5000000               4
   34.5999985               4
   34.7000008               4
   34.7999992               4
   34.9000015               4
   35.0000000               4
   35.0999985               4
   35.2000008               4
   35.2999992               4
   35.4000015               4
   35.5000000               4
   35.5999985               4
   35.7000008               4
   35.7999992               4
   35.9000015               4
   36.0000000               4
   36.0999985               4
   36.2000008               4
   36.2999992               4
   36.4000015               4
   36.5000000               4
   36.5999985               4
   36.7000008               4
   36.7999992               4
   36.9000015               5
   37.0000000               5
   37.0999985               5
   37.2000008               5
   37.2999992               5
   37.4000015               5
   37.5000000               5
   37.5999985               5
   37.7000008               5
   37.7999992               5
   37.9000015               5
   38.0000000               5
   38.0999985               5
   38.2000008               5
   38.2999992               5
   38.4000015               5
   38.5000000               5
   38.5999985               5
   38.7000008               5
   38.7999992               5
   38.9000015               5
   39.0000000               5
   39.0999985               5
   39.2000008               5
   39.2999992               5
   39.4000015               5
   39.5000000               5
   39.5999985               5
   39.7000008               5
   39.7999992               5
   39.9000015               5
   40.0000000               5
   40.0999985               5
   40.2000008               5
   40.2999992               5
   40.4000015               5
   40.5000000               5
   40.5999985               5
   40.7000008               5
   40.7999992               5
   40.9000015               5
   41.0000000               5
   41.0999985               5
   41.2000008               5
   41.2999992               5
   41.4000015               5
   41.5000000               5
   41.5999985               5
   41.7000008               5
   41.7999992               5
   41.9000015               5
   42.0000000               5
   42.0999985               5
   42.2000008               5
   42.2999992               5
   42.4000015               5
   42.5000000               5
   42.5999985               5
   42.7000008               5
   42.7999992               5
   42.9000015               5
   43.0000000               5
   43.0999985               5
   43.2000008               5
   43.2999992               5
   43.4000015               5
   43.5000000               5
   43.5999985               5
   43.7000008               5
   43.7999992               5
   43.9000015               5
   44.0000000               5
   44.0999985               5
   44.2000008               5
   44.2999992               5
   44.4000015               5
   44.5000000               5
   44.5999985               5
   44.7000008               5
   44.7999992               5
   44.9000015               5
   45.0000000               5
   45.0999985               5
   45.2000008               5
   45.2999992               5
   45.4000015               5
   45.5000000               5
   45.5999985               5
   45.7000008               5
   45.7999992               5
   45.9000015               5
   46.0000000               5
   46.0999985               5
   46.2000008               5
   46.2999992               5
   46.4000015               5
   46.5000000               5
   46.5999985               5
   46.7000008               5
   46.7999992               5
   46.9000015               5
   47.0000000               5
   47.0999985               5
   47.2000008               5
   47.2999992               5
   47.4000015               5
   47.5000000               5
   47.5999985               5
   47.7000008               5
   47.7999992               5
   47.9000015               5
   48.0000000               5
   48.0999985               5
   48.2000008               5
   48.2999992               5
   48.4000015               5
   48.5000000               5
   48.5999985               5
   48.7000008               5
   48.7999992               5
   48.9000015               5
   49.0000000               5
   49.0999985               5
   49.2000008               5
   49.2999992               5
   49.4000015               5
   49.5000000               5
   49.5999985               5
   49.7000008               5
   49.7999992               5
   49.9000015               5
   50.0000000               5
   50.0999985               5
   50.2000008               5
   50.2999992               5
   50.4000015               5
   50.5000000               5
   50.5999985               5
   50.7000008               5
   50.7999992               5
   50.9000015               5
   51.0000000               5
   51.0999985               5
   51.2000008               5
   51.2999992               5
   51.4000015               5
   51.5000000               5
   51.5999985               5
   51.7000008               5
   51.7999992               5
   51.9000015               5
   52.0000000               5
   52.0999985               5
   52.2000008               5
   52.2999992               5
   52.4000015               5
   52.5000000               5
   52.5999985               5
   52.7000008               5
   52.7999992               5
   52.9000015               5
   53.0000000               5
   53.0999985               5
   53.2000008               5
   53.2999992               5
   53.4000015               5
   53.5000000               5
   53.5999985               5
   53.7000008               5
   53.7999992               5
   53.9000015               5
   54.0000000               5
   54.0999985               5
   54.2000008               5
   54.2999992               5
   54.4000015               5
   54.5000000               5
   54.5999985               5
   54.7000008               5
   54.7999992               5
   54.9000015               5
   55.0000000               5
   55.0999985               5
   55.2000008               5
   55.2999992               5
   55.4000015               5
   55.5000000               5
   55.5999985               5
   55.7000008               5
   55.7999992               5
   55.9000015               5
   56.0000000               5
   56.0999985               5
   56.2000008               5
   56.2999992               5
   56.4000015               5
   56.5000000               5
   56.5999985               5
   56.7000008               5
   56.7999992               5
   56.9000015               5
   57.0000000               5
   57.0999985               5
   57.2000008               5
   57.2999992               6
   57.4000015               6
   57.5000000               6
   57.5999985               6
   57.7000008               6
   57.7999992               6
   57.9000015               6
   58.0000000               6
   58.0999985               6
   58.2000008               6
   58.2999992               6
   58.4000015               6
   58.5000000               6
   58.5999985               6
   58.7000008               6
   58.7999992               6
   58.9000015               6
   59.0000000               6
   59.0999985               6
   59.2000008               6
   59.2999992               6
   59.4000015               6
   59.5000000               6
   59.5999985               6
   59.7000008               6
   59.7999992               6
   59.9000015               6
   60.0000000               6
   60.0999985               6
   60.2000008               6
   60.2999992               6
   60.4000015               6
   60.5000000               6
   60.5999985               6
   60.7000008               6
   60.7999992               6
   60.9000015               7
   61.0000000               7
   61.0999985               7
   61.2000008               7
   61.2999992               7
   61.4000015               7
   61.5000000               7
   61.5999985               7
   61.7000008               7
   61.7999992               7
   61.9000015               7
   62.0000000               7
   62.0999985               7
   62.2000008               7
   62.2999992               7
   62.4000015               7
   62.5000000               7
   62.5999985               7
   62.7000008               7
   62.7999992               7
   62.9000015               7
   63.0000000               7
   63.0999985               7
   63.2000008               7
   63.2999992               7
   63.4000015               7
   63.5000000               7
   63.5999985               7
   63.7000008               7
   63.7999992               7
   63.9000015               7
   64.0000000               7
   64.0999985               7
   64.1999969               7
   64.3000031               7
   64.4000015               7
   64.5000000               7
   64.5999985               7
   64.6999969               7
   64.8000031               7
   64.9000015               7
   65.0000000               7
   65.0999985               7
   65.1999969               7
   65.3000031               7
   65.4000015               7
   65.5000000               7
   65.5999985               7
   65.6999969               7
   65.8000031               7
   65.9000015               7
   66.0000000               7
   66.0999985               7
   66.1999969               7
   66.3000031               7
   66.4000015               7
   66.5000000               7
   66.5999985               7
   66.6999969               7
   66.8000031               7
   66.9000015               7
   67.0000000               7
   67.0999985               7
   67.1999969               7
   67.3000031               7
   67.4000015               7
   67.5000000               7
   67.5999985               7
   67.6999969               7
   67.8000031               7
   67.9000015               7
   68.0000000               7
   68.0999985               7
   68.1999969               7
   68.3000031               7
   68.4000015               7
   68.5000000               7
   68.5999985               7
   68.6999969               7
   68.8000031               7
   68.9000015               7
   69.0000000               7
   69.0999985               7
   69.1999969               7
   69.3000031               7
   69.4000015               7
   69.5000000               7
   69.5999985               7
   69.6999969               7
   69.8000031               7
   69.9000015               7
   70.0000000               7
   70.0999985               7
   70.1999969               7
   70.3000031               7
   70.4000015               7
   70.5000000               7
   70.5999985               7
   70.6999969               7
   70.8000031               7
   70.9000015               7
   71.0000000               7
   71.0999985               7
   71.1999969               7
   71.3000031               7
   71.4000015               7
   71.5000000               7
   71.5999985               7
   71.6999969               7
   71.8000031               7
   71.9000015               7
   72.0000000               7
   72.0999985               7
   72.1999969               7
   72.3000031               7
   72.4000015               7
   72.5000000               7
   72.5999985               7
   72.6999969               7
   72.8000031               7
   72.9000015               7
   73.0000000               7
   73.0999985               7
   73.1999969               7
   73.3000031               7
   73.4000015               7
   73.5000000               7
   73.5999985               7
   73.6999969               7
   73.8000031               7
   73.9000015               7
   74.0000000               7
   74.0999985               7
   74.1999969               7
   74.3000031               7
   74.4000015               7
   74.5000000               7
   74.5999985               7
   74.6999969               7
   74.8000031               7
   74.9000015               7
   75.0000000               7
   75.0999985               7
   75.1999969               7
   75.3000031               7
   75.4000015               7
   75.5000000               7
   75.5999985               7
   75.6999969               7
   75.8000031               7
   75.9000015               7
   76.0000000               7
   76.0999985               7
   76.1999969               7
   76.3000031               7
   76.4000015               7
   76.5000000               7
   76.5999985               7
   76.6999969               7
   76.8000031               7
   76.9000015               7
   77.0000000               7
   77.0999985               7
   77.1999969               7
   77.3000031               7
   77.4000015               7
   77.5000000               7
   77.5999985               7
   77.6999969               7
   77.8000031               7
   77.9000015               7
   78.0000000               7
   78.0999985               7
   78.1999969               7
   78.3000031               7
   78.4000015               7
   78.5000000               7
   78.5999985               7
   78.6999969               7
   78.8000031               7
   78.9000015               7
   79.0000000               7
   79.0999985               7
   79.1999969               7
   79.3000031               7
   79.4000015               7
   79.5000000               7
   79.5999985               7
   79.6999969               7
   79.8000031               8
   79.9000015               8
   80.0000000               8
   80.0999985               8
   80.1999969               8
   80.3000031               8
   80.4000015               8
   80.5000000               8
   80.5999985               8
   80.6999969               8
   80.8000031               8
   80.9000015               8
   81.0000000               8
   81.0999985               8
   81.1999969               8
   81.3000031               8
   81.4000015               8
   81.5000000               8
   81.5999985               8
   81.6999969               8
   81.8000031               8
   81.9000015               8
   82.0000000               8
   82.0999985               8
   82.1999969               8
   82.3000031               8
   82.4000015               8
   82.5000000               8
   82.5999985               8
   82.6999969               8
   82.8000031               8
   82.9000015               8
   83.0000000               8
   83.0999985               8
   83.1999969               8
   83.3000031               8
   83.4000015               8
   83.5000000               8
   83.5999985               8
   83.6999969               8
   83.8000031               8
   83.9000015               8
   84.0000000               8
   84.0999985               8
   84.1999969               8
   84.3000031               8
   84.4000015               8
   84.5000000               8
   84.5999985               8
   84.6999969               8
   84.8000031               8
   84.9000015               8
   85.0000000               8
   85.0999985               8
   85.1999969               8
   85.3000031               8
   85.4000015               8
   85.5000000               8
   85.5999985               8
   85.6999969               8
   85.8000031               8
   85.9000015               8
   86.0000000               8
   86.0999985               8
   86.1999969               8
   86.3000031               8
   86.4000015               8
   86.5000000               8
   86.5999985               8
   86.6999969               8
   86.8000031               8
   86.9000015               8
   87.0000000               8
   87.0999985               8
   87.1999969               8
   87.3000031               8
   87.4000015               8
   87.5000000               8
   87.5999985               8
   87.6999969               8
   87.8000031               8
   87.9000015               8
   88.0000000               8
   88.0999985               8
   88.1999969               8
   88.3000031               8
   88.4000015               8
   88.5000000               8
   88.5999985               8
   88.6999969               8
   88.8000031               8
   88.9000015               8
   89.0000000               8
   89.0999985               8
   89.1999969               8
   89.3000031               8
   89.4000015               8
   89.5000000               8
   89.5999985               8
   89.6999969               8
   89.8000031               8
   89.9000015               8
   90.0000000               8
   90.0999985               8
   90.1999969               8
   90.3000031               8
   90.4000015               8
   90.5000000               8
   90.5999985               8
   90.6999969               8
   90.8000031               8
   90.9000015               8
   91.0000000               8
   91.0999985               8
   91.1999969               8
   91.3000031               8
   91.4000015               8
   91.5000000               8
   91.5999985               8
   91.6999969               8
   91.8000031               8
   91.9000015               8
   92.0000000               8
   92.0999985               8
   92.1999969               8
   92.3000031               8
   92.4000015               8
   92.5000000               8
   92.5999985               8
   92.6999969               8
   92.8000031               8
   92.9000015               8
   93.0000000               8
   93.0999985               8
   93.1999969               8
   93.3000031               8
   93.4000015               8
   93.5000000               8
   93.5999985               8
   93.6999969               8
   93.8000031               8
   93.9000015               8
   94.0000000               8
   94.0999985               8
   94.1999969               8
   94.3000031               8
   94.4000015               8
   94.5000000               8
   94.5999985               8
   94.6999969               8
   94.8000031               8
   94.9000015               8
   95.0000000               8
   95.0999985               8
   95.1999969               8
   95.3000031               8
   95.4000015               8
   95.5000000               8
   95.5999985               8
   95.6999969               8
   95.8000031               8
   95.9000015               8
   96.0000000               8
   96.0999985               8
   96.1999969               8
   96.3000031               8
   96.4000015               8
   96.5000000               8
   96.5999985               8
   96.6999969               8
   96.8000031               8
   96.9000015               8
   97.0000000               8
   97.0999985               8
   97.1999969               8
   97.3000031               8
   97.4000015               8
   97.5000000               8
   97.5999985               8
   97.6999969               8
   97.8000031               8
   97.9000015               8
   98.0000000               9
   98.0999985               9
   98.1999969               9
   98.3000031               9
   98.4000015               9
   98.5000000               9
   98.5999985               9
   98.6999969               9
   98.8000031               9
   98.9000015               9
   99.0000000               9
   99.0999985               9
   99.1999969               9
   99.3000031               9
   99.4000015               9
   99.5000000               9
   99.5999985               9
   99.6999969               9
   99.8000031               9
   99.9000015               9
   100.000000               9
   100.099998               9
   100.199997               9
   100.300003               9
   100.400002               9
   100.500000               9
   100.599998               9
   100.699997               9
   100.800003               9
   100.900002               9
   101.000000               9
   101.099998               9
   101.199997               9
   101.300003               9
   101.400002               9
   101.500000               9
   101.599998               9
   101.699997               9
   101.800003               9
   101.900002               9
   102.000000               9
   102.099998               9
   102.199997               9
   102.300003               9
   102.400002               9
   102.500000               9
   102.599998               9
   102.699997               9
   102.800003               9
   102.900002               9
   103.000000               9
   103.099998               9
   103.199997               9
   103.300003               9
   103.400002               9
   103.500000               9
   103.599998               9
   103.699997               9
   103.800003               9
   103.900002               9
   104.000000               9
   104.099998               9
   104.199997               9
   104.300003               9
   104.400002               9
   104.500000               9
   104.599998               9
   104.699997               9
   104.800003               9
   104.900002               9
   105.000000               9
   105.099998               9
   105.199997               9
   105.300003               9
   105.400002               9
   105.500000               9
   105.599998               9
   105.699997               9
   105.800003               9
   105.900002               9
   106.000000               9
   106.099998               9
   106.199997               9
   106.300003               9
   106.400002               9
   106.500000               9
   106.599998               9
   106.699997               9
   106.800003               9
   106.900002               9
   107.000000               9
   107.099998               9
   107.199997               9
   107.300003               9
   107.400002               9
   107.500000               9
   107.599998               9
   107.699997               9
   107.800003               9
   107.900002               9
   108.000000               9
   108.099998               9
   108.199997               9
   108.300003               9
   108.400002               9
   108.500000               9
   108.599998               9
   108.699997               9
   108.800003               9
   108.900002               9
   109.000000               9
   109.099998               9
   109.199997               9
   109.300003               9
   109.400002               9
   109.500000               9
   109.599998               9
   109.699997               9
   109.800003               9
   109.900002               9
   110.000000               9
   110.099998               9
   110.199997               9
   110.300003               9
   110.400002               9
   110.500000               9
   110.599998               9
   110.699997               9
   110.800003               9
   110.900002               9
   111.000000               9
   111.099998               9
   111.199997               9
   111.300003               9
   111.400002               9
   111.500000               9
   111.599998               9
   111.699997               9
   111.800003               9
   111.900002               9
   112.000000               9
   112.099998               9
   112.199997               9
   112.300003               9
   112.400002               9
   112.500000               9
   112.599998               9
   112.699997               9
   112.800003               9
   112.900002               9
   113.000000               9
   113.099998               9
   113.199997               9
   113.300003               9
   113.400002               9
   113.500000               9
   113.599998               9
   113.699997               9
   113.800003               9
   113.900002               9
   114.000000               9
   114.099998               9
   114.199997               9
   114.300003               9
   114.400002               9
   114.500000               9
   114.599998               9
   114.699997               9
   114.800003               9
   114.900002               9
   115.000000               9
   115.099998               9
   115.199997               9
   115.300003               9
   115.400002               9
   115.500000               9
   115.599998               9
   115.699997               9
   115.800003               9
   115.900002               9
   116.000000               9
   116.099998               9
   116.199997               9
   116.300003               9
   116.400002               9
   116.500000               9
   116.599998               9
   116.699997               9
   116.800003               9
   116.900002               9
   117.000000               9
   117.099998               9
   117.199997               9
   117.300003               9
   117.400002               9
   117.500000               9
   117.599998               9
   117.699997               9
   117.800003               9
   117.900002               9
   118.000000               9
   118.099998               9
   118.199997               9
   118.300003               9
   118.400002               9
   118.500000               9
   118.599998               9
   118.699997               9
   118.800003               9
   118.900002               9
   119.000000               9
   119.099998               9
   119.199997               9
   119.300003               9
   119.400002               9
   119.500000               9
   119.599998               9
   119.699997               9
   119.800003               9
   119.900002               9
   120.000000               9
   120.099998               9
   120.199997               9
   120.300003               9
   120.400002               9
   120.500000               9
   120.599998               9
   120.699997               9
   120.800003               9
   120.900002               9
   121.000000               9
   121.099998               9
   121.199997               9
   121.300003               9
   121.400002               9
   121.500000               9
   121.599998               9
   121.699997               9
   121.800003               9
   121.900002               9
   122.000000               9
   122.099998               9
   122.199997               9
   122.300003               9
   122.400002               9
   122.500000               9
   122.599998               9
   122.699997               9
   122.800003               9
   122.900002               9
   123.000000               9
   123.099998               9
   123.199997               9
   123.300003               9
   123.400002               9
   123.500000               9
   123.599998               9
   123.699997               9
   123.800003               9
   123.900002               9
   124.000000               9
   124.099998               9
   124.199997               9
   124.300003               9
   124.400002               9
   124.500000               9
   124.599998               9
   124.699997               9
   124.800003               9
   124.900002               9
   125.000000               9
   125.099998               9
   125.199997               9
   125.300003               9
   125.400002               9
   125.500000               9
   125.599998               9
   125.699997               9
   125.800003               9
   125.900002               9
   126.000000               9
   126.099998               9
   126.199997               9
   126.300003               9
   126.400002               9
   126.500000               9
   126.599998               9
   126.699997               9
   126.800003               9
   126.900002               9
   127.000000               9
   127.099998               9
   127.199997               9
   127.300003               9
   127.400002               9
   127.500000               9
   127.599998               9
   127.699997               9
   127.800003               9
   127.900002               9
   128.000000               9
   128.100006               9
   128.199997               9
   128.300003               9
   128.399994               9
   128.500000               9
   128.600006               9
   128.699997               9
   128.800003               9
   128.899994               9
   129.000000               9
   129.100006               9
   129.199997               9
   129.300003               9
   129.399994               9
   129.500000               9
   129.600006               9
   129.699997               9
   129.800003               9
   129.899994               9
   130.000000               9
   130.100006               9
   130.199997               9
   130.300003               9
   130.399994               9
   130.500000               9
   130.600006               9
   130.699997               9
   130.800003               9
   130.899994               9
   131.000000               9
   131.100006               9
   131.199997               9
   131.300003               9
   131.399994               9
   131.500000               9
   131.600006               9
   131.699997               9
   131.800003               9
   131.899994               9
   132.000000               9
   132.100006               9
   132.199997               9
   132.300003               9
   132.399994               9
   132.500000               9
   132.600006               9
   132.699997               9
   132.800003               9
   132.899994               9
   133.000000               9
   133.100006               9
   133.199997               9
   133.300003               9
   133.399994               9
   133.500000               9
   133.600006               9
   133.699997               9
   133.800003               9
   133.899994               9
   134.000000               9
   134.100006               9
   134.199997               9
   134.300003               9
   134.399994               9
   134.500000               9
   134.600006               9
   134.699997               9
   134.800003               9
   134.899994               9
   135.000000               9
   135.100006               9
   135.199997               9
   135.300003               9
   135.399994               9
   135.500000               9
   135.600006               9
   135.699997               9
   135.800003               9
   135.899994               9
   136.000000               9
   136.100006               9
   136.199997               9
   136.300003               9
   136.399994               9
   136.500000               9
   136.600006               9
   136.699997               9
   136.800003               9
   136.899994               9
   137.000000               9
   137.100006               9
   137.199997               9
   137.300003               9
   137.399994               9
   137.500000               9
   137.600006               9
   137.699997               9
   137.800003               9
   137.899994               9
   138.000000               9
   138.100006               9
   138.199997               9
   138.300003               9
   138.399994               9
   138.500000               9
   138.600006               9
   138.699997               9
   138.800003               9
   138.899994               9
   139.000000               9
   139.100006               9
   139.199997               9
   139.300003               9
   139.399994               9
   139.500000               9
   139.600006               9
   139.699997               9
   139.800003               9
   139.899994               9
   140.000000               9
   140.100006               9
   140.199997               9
   140.300003               9
   140.399994               9
   140.500000               9
   140.600006               9
   140.699997               9
   140.800003               9
   140.899994               9
   141.000000               9
   141.100006               9
   141.199997               9
   141.300003               9
   141.399994               9
   141.500000               9
   141.600006               9
   141.699997               9
   141.800003               9
   141.899994               9
   142.000000               9
   142.100006               9
   142.199997               9
   142.300003               9
   142.399994               9
   142.500000               9
   142.600006               9
   142.699997               9
   142.800003               9
   142.899994               9
   143.000000               9
   143.100006               9
   143.199997               9
   143.300003               9
   143.399994               9
   143.500000               9
   143.600006               9
   143.699997               9
   143.800003               9
   143.899994               9
   144.000000               9
   144.100006               9
   144.199997               9
   144.300003               9
   144.399994               9
   144.500000               9
   144.600006               9
   144.699997               9
   144.800003               9
   144.899994               9
   145.000000               9
   145.100006               9
   145.199997               9
   145.300003               9
   145.399994               9
   145.500000               9
   145.600006               9
   145.699997               9
   145.800003               9
   145.899994               9
   146.000000               9
   146.100006               9
   146.199997               9
   146.300003               9
   146.399994               9
   146.500000               9
   146.600006               9
   146.699997               9
   146.800003               9
   146.899994               9
   147.000000               9
   147.100006               9
   147.199997               9
   147.300003               9
   147.399994               9
   147.500000               9
   147.600006               9
   147.699997               9
   147.800003               9
   147.899994               9
   148.000000               9
   148.100006               9
   148.199997               9
   148.300003               9
   148.399994               9
   148.500000               9
   148.600006               9
   148.699997               9
   148.800003               9
   148.899994               9
   149.000000               9
   149.100006               9
   149.199997               9
   149.300003               9
   149.399994               9
   149.500000               9
   149.600006               9
   149.699997               9
   149.800003               9
   149.899994               9
   150.000000               9
   150.100006               9
   150.199997               9
   150.300003               9
   150.399994               9
   150.500000               9
   150.600006               9
   150.699997               9
   150.800003               9
   150.899994               9
   151.000000               9
   151.100006               9
   151.199997               9
   151.300003               9
   151.399994               9
   151.500000               9
   151.600006               9
   151.699997               9
   151.800003               9
   151.899994               9
   152.000000               9
   152.100006               9
   152.199997               9
   152.300003               9
   152.399994               9
   152.500000               9
   152.600006               9
   152.699997               9
   152.800003               9
   152.899994               9
   153.000000               9
   153.100006               9
   153.199997               9
   153.300003               9
   153.399994               9
   153.500000               9
   153.600006               9
   153.699997               9
   153.800003               9
   153.899994               9
   154.000000               9
   154.100006               9
   154.199997               9
   154.300003               9
   154.399994               9
   154.500000               9
   154.600006               9
   154.699997               9
   154.800003               9
   154.899994               9
   155.000000               9
   155.100006               9
   155.199997               9
   155.300003               9
   155.399994               9
   155.500000               9
   155.600006               9
   155.699997               9
   155.800003               9
   155.899994               9
   156.000000               9
   156.100006               9
   156.199997               9
   156.300003               9
   156.399994               9
   156.500000               9
   156.600006               9
   156.699997               9
   156.800003               9
   156.899994               9
   157.000000               9
   157.100006               9
   157.199997               9
   157.300003               9
   157.399994               9
   157.500000               9
   157.600006               9
   157.699997               9
   157.800003               9
   157.899994               9
   158.000000               9
   158.100006               9
   158.199997               9
   158.300003               9
   158.399994               9
   158.500000               9
   158.600006               9
   158.699997               9
   158.800003               9
   158.899994               9
   159.000000               9
   159.100006               9
   159.199997               9
   159.300003               9
   159.399994               9
   159.500000               9
   159.600006               9
   159.699997               9
   159.800003               9
   159.899994               9
   160.000000               9
   160.100006               9
   160.199997               9
   160.300003               9
   160.399994               9
   160.500000               9
   160.600006               9
   160.699997               9
   160.800003               9
   160.899994               9
   161.000000               9
   161.100006               9
   161.199997               9
   161.300003               9
   161.399994               9
   161.500000               9
   161.600006               9
   161.699997               9
   161.800003               9
   161.899994               9
   162.000000               9
   162.100006               9
   162.199997               9
   162.300003               9
   162.399994               9
   162.500000               9
   162.600006               9
   162.699997               9
   162.800003               9
   162.899994               9
   163.000000               9
   163.100006               9
   163.199997               9
   163.300003               9
   163.399994               9
   163.500000               9
   163.600006               9
   163.699997               9
   163.800003               9
   163.899994               9
   164.000000               9
   164.100006               9
   164.199997               9
   164.300003               9
   164.399994               9
   164.500000               9
   164.600006               9
   164.699997               9
   164.800003               9
   164.899994               9
   165.000000               9
   165.100006               9
   165.199997               9
   165.300003               9
   165.399994               9
   165.500000               9
   165.600006               9
   165.699997               9
   165.800003               9
   165.899994               9
   166.000000               9
   166.100006               9
   166.199997               9
   166.300003               9
   166.399994               9
   166.500000               9
   166.600006               9
   166.699997               9
   166.800003               9
   166.899994               9
   167.000000               9
   167.100006               9
   167.199997               9
   167.300003               9
   167.399994               9
   167.500000               9
   167.600006               9
   167.699997               9
   167.800003               9
   167.899994               9
   168.000000               9
   168.100006               9
   168.199997               9
   168.300003               9
   168.399994               9
   168.500000               9
   168.600006              10
   168.699997              10
   168.800003              10
   168.899994              10
   169.000000              10
   169.100006              10
   169.199997              10
   169.300003              10
   169.399994              10
   169.500000              10
   169.600006              10
   169.699997              10
   169.800003              10
   169.899994              10
   170.000000              10
   170.100006              10
   170.199997              10
   170.300003              10
   170.399994              10
   170.500000              10
   170.600006              10
   170.699997              10
   170.800003              10
   170.899994              10
   171.000000              10
   171.100006              10
   171.199997              10
   171.300003              10
   171.399994              10
   171.500000              10
   171.600006              10
   171.699997              10
   171.800003              10
   171.899994              10
   172.000000              10
   172.100006              10
   172.199997              10
   172.300003              10
   172.399994              10
   172.500000              10
   172.600006              10
   172.699997              10
   172.800003              10
   172.899994              10
   173.000000              10
   173.100006              10
   173.199997              10
   173.300003              10
   173.399994              10
   173.500000              10
   173.600006              10
   173.699997              10
   173.800003              10
   173.899994              10
   174.000000              10
   174.100006              10
   174.199997              10
   174.300003              10
   174.399994              10
   174.500000              10
   174.600006              10
   174.699997              10
   174.800003              10
   174.899994              10
   175.000000              10
   175.100006              10
   175.199997              10
   175.300003              10
   175.399994              10
   175.500000              10
   175.600006              10
   175.699997              10
   175.800003              10
   175.899994              10
   176.000000              10
   176.100006              10
   176.199997              10
   176.300003              10
   176.399994              10
   176.500000              10
   176.600006              10
   176.699997              10
   176.800003              10
   176.899994              10
   177.000000              10
   177.100006              10
   177.199997              10
   177.300003              10
   177.399994              10
   177.500000              10
   177.600006              10
   177.699997              10
   177.800003              10
   177.899994              10
   178.000000              10
   178.100006              10
   178.199997              10
   178.300003              10
   178.399994              10
   178.500000              10
   178.600006              10
   178.699997              10
   178.800003              10
   178.899994              10
   179.000000              10
   179.100006              10
   179.199997              10
   179.300003              10
   179.399994              10
   179.500000              10
   179.600006              10
   179.699997              10
   179.800003              10
   179.899994              10
   180.000000              10
   180.100006              10
   180.199997              10
   180.300003              10
   180.399994              10
   180.500000              10
   180.600006              10
   180.699997              10
   180.800003              10
   180.899994              10
   181.000000              10
   181.100006              10
   181.199997              10
   181.300003              10
   181.399994              10
   181.500000              10
   181.600006              10
   181.699997              10
   181.800003              10
   181.899994              10
   182.000000              10
   182.100006              10
   182.199997              10
   182.300003              10
   182.399994              10
   182.500000              10
   182.600006              10
   182.699997              10
   182.800003              10
   182.899994              10
   183.000000              10
   183.100006              10
   183.199997              10
   183.300003              11
   183.399994              11
   183.500000              11
   183.600006              11
   183.699997              11
   183.800003              11
   183.899994              11
   184.000000              11
   184.100006              11
   184.199997              11
   184.300003              11
   184.399994              11
   184.500000              11
   184.600006              11
   184.699997              12
   184.800003              12
   184.899994              12
   185.000000              12
   185.100006              12
   185.199997              12
   185.300003              12
   185.399994              12
   185.500000              12
   185.600006              12
   185.699997              12
   185.800003              12
   185.899994              12
   186.000000              12
   186.100006              12
   186.199997              12
   186.300003              12
   186.399994              12
   186.500000              12
   186.600006              12
   186.699997              12
   186.800003              12
   186.899994              12
   187.000000              12
   187.100006              12
   187.199997              12
   187.300003              12
   187.399994              12
   187.500000              12
   187.600006              12
   187.699997              12
   187.800003              12
   187.899994              12
   188.000000              12
   188.100006              12
   188.199997              12
   188.300003              12
   188.399994              12
   188.500000              12
   188.600006              12
   188.699997              12
   188.800003              12
   188.899994              12
   189.000000              12
   189.100006              12
   189.199997              12
   189.300003              12
   189.399994              12
   189.500000              12
   189.600006              12
   189.699997              12
   189.800003              12
   189.899994              12
   190.000000              12
   190.100006              12
   190.199997              12
   190.300003              12
   190.399994              12
   190.500000              12
   190.600006              12
   190.699997              12
   190.800003              12
   190.899994              12
   191.000000              12
   191.100006              12
   191.199997              12
   191.300003              12
   191.399994              12
   191.500000              12
   191.600006              12
   191.699997              12
   191.800003              12
   191.899994              12
   192.000000              12
   192.100006              12
   192.199997              12
   192.300003              12
   192.399994              12
   192.500000              12
   192.600006              12
   192.699997              12
   192.800003              12
   192.899994              12
   193.000000              12
   193.100006              12
   193.199997              12
   193.300003              12
   193.399994              12
   193.500000              12
   193.600006              12
   193.699997              12
   193.800003              12
   193.899994              12
   194.000000              12
   194.100006              12
   194.199997              12
   194.300003              12
   194.399994              12
   194.500000              12
   194.600006              12
   194.699997              12
   194.800003              12
   194.899994              12
   195.000000              12
   195.100006              12
   195.199997              12
   195.300003              12
   195.399994              12
   195.500000              12
   195.600006              12
   195.699997              12
   195.800003              12
   195.899994              12
   196.000000              12
   196.100006              12
   196.199997              12
   196.300003              12
   196.399994              12
   196.500000              12
   196.600006              12
   196.699997              12
   196.800003              12
   196.899994              12
   197.000000              12
   197.100006              12
   197.199997              12
   197.300003              12
   197.399994              12
   197.500000              12
   197.600006              12
   197.699997              12
   197.800003              12
   197.899994              12
   198.000000              12
   198.100006              12
   198.199997              12
   198.300003              12
   198.399994              12
   198.500000              13
   198.600006              13
   198.699997              13
   198.800003              13
   198.899994              13
   199.000000              13
   199.100006              13
   199.199997              13
   199.300003              13
   199.399994              13
   199.500000              13
   199.600006              13
   199.699997              13
   199.800003              13
   199.899994              13
   200.000000              13
   200.100006              13
   200.199997              13
   200.300003              13
   200.399994              13
   200.500000              13
   200.600006              13
   200.699997              13
   200.800003              13
   200.899994              13
   201.000000              13
   201.100006              13
   201.199997              13
   201.300003              13
   201.399994              13
   201.500000              13
   201.600006              13
   201.699997              13
   201.800003              13
   201.899994              13
   202.000000              13
   202.100006              13
   202.199997              13
   202.300003              13
   202.399994              13
   202.500000              13
   202.600006              13
   202.699997              13
   202.800003              13
   202.899994              13
   203.000000              13
   203.100006              13
   203.199997              13
   203.300003              13
   203.399994              13
   203.500000              13
   203.600006              13
   203.699997              13
   203.800003              13
   203.899994              13
   204.000000              13
   204.100006              13
   204.199997              13
   204.300003              13
   204.399994              13
   204.500000              13
   204.600006              13
   204.699997              13
   204.800003              13
   204.899994              13
   205.000000              13
   205.100006              13
   205.199997              13
   205.300003              13
   205.399994              13
   205.500000              13
   205.600006              13
   205.699997              14
   205.800003              14
   205.899994              14
   206.000000              14
   206.100006              14
   206.199997              14
   206.300003              14
   206.399994              14
   206.500000              14
   206.600006              14
   206.699997              14
   206.800003              14
   206.899994              14
   207.000000              14
   207.100006              14
   207.199997              14
   207.300003              14
   207.399994              14
   207.500000              14
   207.600006              14
   207.699997              14
   207.800003              14
   207.899994              14
   208.000000              14
   208.100006              14
   208.199997              14
   208.300003              14
   208.399994              14
   208.500000              14
   208.600006              14
   208.699997              14
   208.800003              14
   208.899994              14
   209.000000              14
   209.100006              14
   209.199997              14
   209.300003              14
   209.399994              14
   209.500000              14
   209.600006              14
   209.699997              14
   209.800003              14
   209.899994              14
   210.000000              14
   210.100006              14
   210.199997              14
   210.300003              14
   210.399994              14
   210.500000              14
   210.600006              14
   210.699997              14
   210.800003              14
   210.899994              14
   211.000000              14
   211.100006              14
   211.199997              14
   211.300003              14
   211.399994              14
   211.500000              14
   211.600006              14
   211.699997              14
   211.800003              14
   211.899994              14
   212.000000              14
   212.100006              14
   212.199997              14
   212.300003              14
   212.399994              14
   212.500000              14
   212.600006              14
   212.699997              14
   212.800003              14
   212.899994              14
   213.000000              14
   213.100006              14
   213.199997              14
   213.300003              14
   213.399994              14
   213.500000              14
   213.600006              14
   213.699997              14
   213.800003              14
   213.899994              14
   214.000000              14
   214.100006              14
   214.199997              14
   214.300003              14
   214.399994              14
   214.500000              14
   214.600006              14
   214.699997              14
   214.800003              14
   214.899994              14
   215.000000              14
   215.100006              14
   215.199997              14
   215.300003              14
   215.399994              14
   215.500000              14
   215.600006              14
   215.699997              14
   215.800003              14
   215.899994              14
   216.000000              14
   216.100006              14
   216.199997              14
   216.300003              14
   216.399994              14
   216.500000              14
   216.600006              14
   216.699997              14
   216.800003              14
   216.899994              14
   217.000000              14
   217.100006              14
   217.199997              14
   217.300003              14
   217.399994              14
   217.500000              14
   217.600006              14
   217.699997              14
   217.800003              14
   217.899994              14
   218.000000              14
   218.100006              14
   218.199997              14
   218.300003              14
   218.399994              14
   218.500000              14
   218.600006              14
   218.699997              14
   218.800003              14
   218.899994              14
   219.000000              14
   219.100006              14
   219.199997              14
   219.300003              14
   219.399994              14
   219.500000              14
   219.600006              14
   219.699997              14
   219.800003              14
   219.899994              14
   220.000000              14
   220.100006              14
   220.199997              14
   220.300003              14
   220.399994              14
   220.500000              14
   220.600006              14
   220.699997              14
   220.800003              14
   220.899994              14
   221.000000              14
   221.100006              14
   221.199997              14
   221.300003              14
   221.399994              14
   221.500000              14
   221.600006              14
   221.699997              14
   221.800003              14
   221.899994              14
   222.000000              14
   222.100006              14
   222.199997              14
   222.300003              14
   222.399994              14
   222.500000              14
   222.600006              14
   222.699997              14
   222.800003              14
   222.899994              14
   223.000000              14
   223.100006              14
   223.199997              14
   223.300003              14
   223.399994              14
   223.500000              14
   223.600006              14
   223.699997              14
   223.800003              14
   223.899994              14
   224.000000              14
   224.100006              14
   224.199997              14
   224.300003              14
   224.399994              14
   224.500000              14
   224.600006              14
   224.699997              14
   224.800003              14
   224.899994              14
   225.000000              14
   225.100006              14
   225.199997              14
   225.300003              14
   225.399994              14
   225.500000              14
   225.600006              14
   225.699997              14
   225.800003              14
   225.899994              14
   226.000000              14
   226.100006              14
   226.199997              14
   226.300003              14
   226.399994              14
   226.500000              14
   226.600006              14
   226.699997              14
   226.800003              14
   226.899994              14
   227.000000              14
   227.100006              14
   227.199997              14
   227.300003              14
   227.399994              14
   227.500000              14
   227.600006              14
   227.699997              14
   227.800003              14
   227.899994              14
   228.000000              14
   228.100006              14
   228.199997              14
   228.300003              14
   228.399994              14
   228.500000              14
   228.600006              14
   228.699997              14
   228.800003              14
   228.899994              14
   229.000000              14
   229.100006              14
   229.199997              14
   229.300003              14
   229.399994              14
   229.500000              14
   229.600006              14
   229.699997              14
   229.800003              14
   229.899994              14
   230.000000              14
   230.100006              14
   230.199997              14
   230.300003              14
   230.399994              14
   230.500000              14
   230.600006              14
   230.699997              14
   230.800003              14
   230.899994              14
   231.000000              14
   231.100006              14
   231.199997              14
   231.300003              14
   231.399994              14
   231.500000              14
   231.600006              14
   231.699997              14
   231.800003              14
   231.899994              14
   232.000000              14
   232.100006              14
   232.199997              14
   232.300003              14
   232.399994              14
   232.500000              14
   232.600006              14
   232.699997              14
   232.800003              14
   232.899994              14
   233.000000              14
   233.100006              14
   233.199997              14
   233.300003              14
   233.399994              14
   233.500000              14
   233.600006              14
   233.699997              14
   233.800003              14
   233.899994              14
   234.000000              14
   234.100006              14
   234.199997              14
   234.300003              14
   234.399994              14
   234.500000              14
   234.600006              14
   234.699997              14
   234.800003              14
   234.899994              14
   235.000000              14
   235.100006              14
   235.199997              14
   235.300003              14
   235.399994              14
   235.500000              14
   235.600006              14
   235.699997              14
   235.800003              14
   235.899994              14
   236.000000              14
   236.100006              14
   236.199997              14
   236.300003              14
   236.399994              14
   236.500000              14
   236.600006              14
   236.699997              14
   236.800003              14
   236.899994              14
   237.000000              14
   237.100006              14
   237.199997              14
   237.300003              14
   237.399994              14
   237.500000              14
   237.600006              14
   237.699997              14
   237.800003              14
   237.899994              14
   238.000000              14
   238.100006              14
   238.199997              14
   238.300003              14
   238.399994              14
   238.500000              14
   238.600006              14
   238.699997              14
   238.800003              14
   238.899994              14
   239.000000              14
   239.100006              14
   239.199997              14
   239.300003              14
   239.399994              14
   239.500000              14
   239.600006              14
   239.699997              14
   239.800003              14
   239.899994              14
   240.000000              14
   240.100006              14
   240.199997              14
   240.300003              14
   240.399994              14
   240.500000              14
   240.600006              14
   240.699997              14
   240.800003              14
   240.899994              14
   241.000000              14
   241.100006              14
   241.199997              14
   241.300003              14
   241.399994              14
   241.500000              14
   241.600006              14
   241.699997              14
   241.800003              14
   241.899994              14
   242.000000              14
   242.100006              14
   242.199997              14
   242.300003              14
   242.399994              14
   242.500000              14
   242.600006              14
   242.699997              14
   242.800003              14
   242.899994              14
   243.000000              14
   243.100006              14
   243.199997              14
   243.300003              14
   243.399994              14
   243.500000              14
   243.600006              14
   243.699997              14
   243.800003              14
   243.899994              14
   244.000000              14
   244.100006              14
   244.199997              14
   244.300003              14
   244.399994              14
   244.500000              14
   244.600006              14
   244.699997              14
   244.800003              14
   244.899994              14
   245.000000              14
   245.100006              14
   245.199997              14
   245.300003              14
   245.399994              14
   245.500000              14
   245.600006              14
   245.699997              14
   245.800003              14
   245.899994              14
   246.000000              14
   246.100006              14
   246.199997              14
   246.300003              14
   246.399994              14
   246.500000              14
   246.600006              14
   246.699997              14
   246.800003              14
   246.899994              14
   247.000000              14
   247.100006              14
   247.199997              14
   247.300003              14
   247.399994              14
   247.500000              14
   247.600006              14
   247.699997              14
   247.800003              14
   247.899994              14
   248.000000              14
   248.100006              14
   248.199997              14
   248.300003              14
   248.399994              14
   248.500000              14
   248.600006              14
   248.699997              14
   248.800003              14
   248.899994              14
   249.000000              14
   249.100006              14
   249.199997              14
   249.300003              14
   249.399994              14
   249.500000              14
   249.600006              14
   249.699997              14
   249.800003              14
   249.899994              14
   250.000000              14
   250.100006              14
   250.199997              14
   250.300003              14
   250.399994              14
   250.500000              14
   250.600006              14
   250.699997              14
   250.800003              14
   250.899994              14
   251.000000              14
   251.100006              14
   251.199997              14
   251.300003              14
   251.399994              14
   251.500000              14
   251.600006              14
   251.699997              14
   251.800003              14
   251.899994              14
   252.000000              14
   252.100006              14
   252.199997              14
   252.300003              14
   252.399994              14
   252.500000              14
   252.600006              14
   252.699997              14
   252.800003              14
   252.899994              14
   253.000000              14
   253.100006              14
   253.199997              14
   253.300003              14
   253.399994              14
   253.500000              14
   253.600006              14
   253.699997              14
   253.800003              14
   253.899994              14
   254.000000              14
   254.100006              14
   254.199997              14
   254.300003              14
   254.399994              14
   254.500000              14
   254.600006              14
   254.699997              14
   254.800003              14
   254.899994              14
   255.000000              14
   255.100006              14
   255.199997              14
   255.300003              14
   255.399994              14
   255.500000              14
   255.600006              14
   255.699997              14
   255.800003              14
   255.899994              14
   256.000000              14
   256.100006              14
   256.200012              14
   256.299988              14
   256.399994              14
   256.500000              14
   256.600006              14
   256.700012              14
   256.799988              14
   256.899994              14
   257.000000              14
   257.100006              14
   257.200012              14
   257.299988              14
   257.399994              14
   257.500000              14
   257.600006              14
   257.700012              14
   257.799988              14
   257.899994              14
   258.000000              14
   258.100006              14
   258.200012              14
   258.299988              14
   258.399994              14
   258.500000              14
   258.600006              14
   258.700012              14
   258.799988              14
   258.899994              14
   259.000000              14
   259.100006              14
   259.200012              14
   259.299988              14
   259.399994              14
   259.500000              14
   259.600006              14
   259.700012              14
   259.799988              14
   259.899994              14
   260.000000              14
   260.100006              14
   260.200012              14
   260.299988              14
   260.399994              14
   260.500000              14
   260.600006              14
   260.700012              14
   260.799988              14
   260.899994              14
   261.000000              14
   261.100006              14
   261.200012              14
   261.299988              14
   261.399994              14
   261.500000              14
   261.600006              14
   261.700012              14
   261.799988              14
   261.899994              14
   262.000000              14
   262.100006              14
   262.200012              14
   262.299988              14
   262.399994              14
   262.500000              14
   262.600006              14
   262.700012              14
   262.799988              14
   262.899994              14
   263.000000              14
   263.100006              14
   263.200012              14
   263.299988              14
   263.399994              14
   263.500000              14
   263.600006              14
   263.700012              14
   263.799988              14
   263.899994              14
   264.000000              14
   264.100006              14
   264.200012              14
   264.299988              14
   264.399994              14
   264.500000              14
   264.600006              14
   264.700012              14
   264.799988              14
   264.899994              14
   265.000000              14
   265.100006              14
   265.200012              14
   265.299988              14
   265.399994              14
   265.500000              14
   265.600006              14
   265.700012              14
   265.799988              14
   265.899994              14
   266.000000              14
   266.100006              14
   266.200012              14
   266.299988              14
   266.399994              14
   266.500000              14
   266.600006              14
   266.700012              14
   266.799988              14
   266.899994              14
   267.000000              14
   267.100006              14
   267.200012              14
   267.299988              14
   267.399994              14
   267.500000              14
   267.600006              14
   267.700012              14
   267.799988              14
   267.899994              14
   268.000000              14
   268.100006              14
   268.200012              14
   268.299988              14
   268.399994              14
   268.500000              14
   268.600006              14
   268.700012              14
   268.799988              14
   268.899994              14
   269.000000              14
   269.100006              14
   269.200012              14
   269.299988              14
   269.399994              14
   269.500000              14
   269.600006              14
   269.700012              14
   269.799988              14
   269.899994              14
   270.000000              14
   270.100006              14
   270.200012              14
   270.299988              14
   270.399994              14
   270.500000              14
   270.600006              14
   270.700012              14
   270.799988              14
   270.899994              14
   271.000000              14
   271.100006              14
   271.200012              14
   271.299988              14
   271.399994              14
   271.500000              14
   271.600006              14
   271.700012              14
   271.799988              14
   271.899994              14
   272.000000              14
   272.100006              14
   272.200012              14
   272.299988              14
   272.399994              14
   272.500000              14
   272.600006              14
   272.700012              14
   272.799988              14
   272.899994              14
   273.000000              14
   273.100006              14
   273.200012              14
   273.299988              14
   273.399994              14
   273.500000              14
   273.600006              14
   273.700012              14
   273.799988              14
   273.899994              14
   274.000000              14
   274.100006              14
   274.200012              14
   274.299988              14
   274.399994              14
   274.500000              14
   274.600006              14
   274.700012              14
   274.799988              14
   274.899994              14
   275.000000              14
   275.100006              14
   275.200012              14
   275.299988              14
   275.399994              14
   275.500000              14
   275.600006              14
   275.700012              14
   275.799988              14
   275.899994              14
   276.000000              14
   276.100006              14
   276.200012              14
   276.299988              14
   276.399994              14
   276.500000              14
   276.600006              14
   276.700012              14
   276.799988              14
   276.899994              14
   277.000000              14
   277.100006              14
   277.200012              14
   277.299988              14
   277.399994              14
   277.500000              14
   277.600006              14
   277.700012              14
   277.799988              14
   277.899994              14
   278.000000              14
   278.100006              14
   278.200012              14
   278.299988              14
   278.399994              14
   278.500000              14
   278.600006              14
   278.700012              14
   278.799988              14
   278.899994              14
   279.000000              14
   279.100006              14
   279.200012              14
   279.299988              14
   279.399994              14
   279.500000              14
   279.600006              14
   279.700012              14
   279.799988              14
   279.899994              14
   280.000000              14
   280.100006              14
   280.200012              14
   280.299988              14
   280.399994              14
   280.500000              14
   280.600006              14
   280.700012              14
   280.799988              14
   280.899994              14
   281.000000              14
   281.100006              14
   281.200012              14
   281.299988              14
   281.399994              14
   281.500000              14
   281.600006              14
   281.700012              14
   281.799988              14
   281.899994              14
   282.000000              14
   282.100006              14
   282.200012              14
   282.299988              14
   282.399994              14
   282.500000              14
   282.600006              14
   282.700012              14
   282.799988              14
   282.899994              14
   283.000000              14
   283.100006              14
   283.200012              14
   283.299988              14
   283.399994              14
   283.500000              14
   283.600006              14
   283.700012              14
   283.799988              14
   283.899994              14
   284.000000              14
   284.100006              14
   284.200012              14
   284.299988              14
   284.399994              14
   284.500000              14
   284.600006              14
   284.700012              14
   284.799988              14
   284.899994              14
   285.000000              14
   285.100006              14
   285.200012              14
   285.299988              14
   285.399994              14
   285.500000              14
   285.600006              14
   285.700012              14
   285.799988              14
   285.899994              14
   286.000000              14
   286.100006              14
   286.200012              14
   286.299988              14
   286.399994              14
   286.500000              14
   286.600006              14
   286.700012              14
   286.799988              14
   286.899994              14
   287.000000              14
   287.100006              14
   287.200012              14
   287.299988              14
   287.399994              14
   287.500000              14
   287.600006              14
   287.700012              14
   287.799988              14
   287.899994              14
   288.000000              14
   288.100006              14
   288.200012              14
   288.299988              14
   288.399994              14
   288.500000              14
   288.600006              14
   288.700012              14
   288.799988              14
   288.899994              14
   289.000000              14
   289.100006              14
   289.200012              14
   289.299988              14
   289.399994              14
   289.500000              14
   289.600006              14
   289.700012              14
   289.799988              14
   289.899994              14
   290.000000              14
   290.100006              14
   290.200012              14
   290.299988              14
   290.399994              14
   290.500000              14
   290.600006              14
   290.700012              14
   290.799988              14
   290.899994              14
   291.000000              14
   291.100006              14
   291.200012              14
   291.299988              14
   291.399994              14
   291.500000              14
   291.600006              14
   291.700012              14
   291.799988              14
   291.899994              14
   292.000000              14
   292.100006              14
   292.200012              14
   292.299988              14
   292.399994              14
   292.500000              14
   292.600006              14
   292.700012              14
   292.799988              14
   292.899994              14
   293.000000              14
   293.100006              14
   293.200012              14
   293.299988              14
   293.399994              14
   293.500000              14
   293.600006              14
   293.700012              14
   293.799988              14
   293.899994              14
   294.000000              14
   294.100006              14
   294.200012              14
   294.299988              14
   294.399994              14
   294.500000              14
   294.600006              14
   294.700012              14
   294.799988              14
   294.899994              14
   295.000000              14
   295.100006              14
   295.200012              14
   295.299988              14
   295.399994              14
   295.500000              14
   295.600006              14
   295.700012              14
   295.799988              14
   295.899994              14
   296.000000              14
   296.100006              14
   296.200012              14
   296.299988              14
   296.399994              14
   296.500000              14
   296.600006              14
   296.700012              14
   296.799988              14
   296.899994              14
   297.000000              14
   297.100006              14
   297.200012              14
   297.299988              14
   297.399994              14
   297.500000              14
   297.600006              14
   297.700012              14
   297.799988              14
   297.899994              14
   298.000000              14
   298.100006              14
   298.200012              14
   298.299988              14
   298.399994              14
   298.500000              14
   298.600006              14
   298.700012              14
   298.799988              14
   298.899994              14
   299.000000              14
   299.100006              14
   299.200012              14
   299.299988              14
   299.399994              14
   299.500000              14
   299.600006              14
   299.700012              14
   299.799988              14
   299.899994              14
