 Permeation events over simulation time.
 t(ns) Number of events
   0.00000000               0
   1.00000000               0
   2.00000000               0
   3.00000000               0
   4.00000000               0
   5.00000000               0
   6.00000000               0
   7.00000000               0
   8.00000000               2
   9.00000000               5
   10.0000000               8
   11.0000000               9
   12.0000000               9
   13.0000000              10
   14.0000000              11
   15.0000000              11
   16.0000000              11
   17.0000000              11
   18.0000000              11
   19.0000000              12
   20.0000000              13
   21.0000000              15
   22.0000000              18
   23.0000000              19
   24.0000000              19
   25.0000000              21
   26.0000000              22
   27.0000000              23
   28.0000000              24
   29.0000000              25
   30.0000000              25
   31.0000000              26
   32.0000000              27
   33.0000000              28
   34.0000000              29
   35.0000000              30
   36.0000000              30
   37.0000000              30
   38.0000000              30
   39.0000000              31
   40.0000000              32
   41.0000000              33
   42.0000000              34
   43.0000000              34
   44.0000000              35
   45.0000000              36
   46.0000000              36
   47.0000000              37
   48.0000000              38
   49.0000000              40
   50.0000000              41
   51.0000000              41
   52.0000000              41
   53.0000000              41
   54.0000000              41
   55.0000000              41
   56.0000000              41
   57.0000000              43
   58.0000000              46
   59.0000000              49
   60.0000000              51
   61.0000000              52
   62.0000000              53
   63.0000000              54
   64.0000000              55
   65.0000000              57
   66.0000000              61
   67.0000000              63
   68.0000000              70
   69.0000000              76
   70.0000000              77
   71.0000000              77
   72.0000000              79
   73.0000000              83
   74.0000000              86
   75.0000000              87
   76.0000000              88
   77.0000000              90
   78.0000000              92
   79.0000000              94
   80.0000000              95
   81.0000000              95
   82.0000000              95
   83.0000000              95
   84.0000000              96
   85.0000000              96
   86.0000000              96
   87.0000000              97
   88.0000000             100
   89.0000000             101
   90.0000000             101
   91.0000000             102
   92.0000000             104
   93.0000000             106
   94.0000000             106
   95.0000000             107
   96.0000000             110
   97.0000000             112
   98.0000000             112
   99.0000000             112
   100.000000             112
   101.000000             113
   102.000000             114
   103.000000             116
   104.000000             119
   105.000000             119
   106.000000             119
   107.000000             123
   108.000000             127
   109.000000             129
   110.000000             131
   111.000000             132
   112.000000             132
   113.000000             133
   114.000000             135
   115.000000             136
   116.000000             137
   117.000000             138
   118.000000             140
   119.000000             140
   120.000000             140
   121.000000             141
   122.000000             141
   123.000000             141
   124.000000             142
   125.000000             146
   126.000000             148
   127.000000             148
   128.000000             149
   129.000000             150
   130.000000             151
   131.000000             153
   132.000000             154
   133.000000             154
   134.000000             154
   135.000000             156
   136.000000             157
   137.000000             157
   138.000000             158
   139.000000             159
   140.000000             161
   141.000000             163
   142.000000             166
   143.000000             167
   144.000000             169
   145.000000             170
   146.000000             170
   147.000000             171
   148.000000             173
   149.000000             173
   150.000000             174
   151.000000             174
   152.000000             174
   153.000000             175
   154.000000             176
   155.000000             177
   156.000000             178
   157.000000             178
   158.000000             178
   159.000000             179
   160.000000             179
   161.000000             179
   162.000000             180
   163.000000             180
   164.000000             181
   165.000000             182
   166.000000             182
   167.000000             183
   168.000000             185
   169.000000             186
   170.000000             188
   171.000000             190
   172.000000             190
   173.000000             191
   174.000000             192
   175.000000             192
   176.000000             192
   177.000000             192
   178.000000             193
   179.000000             196
   180.000000             197
   181.000000             198
   182.000000             199
   183.000000             202
   184.000000             204
   185.000000             205
   186.000000             206
   187.000000             208
   188.000000             208
   189.000000             208
   190.000000             208
   191.000000             208
   192.000000             208
   193.000000             208
   194.000000             208
   195.000000             208
   196.000000             208
   197.000000             211
   198.000000             214
   199.000000             215
   200.000000             216
   201.000000             216
   202.000000             217
   203.000000             217
   204.000000             217
   205.000000             217
   206.000000             218
   207.000000             219
   208.000000             219
   209.000000             219
   210.000000             219
   211.000000             220
   212.000000             221
   213.000000             221
   214.000000             221
   215.000000             222
   216.000000             222
   217.000000             223
   218.000000             225
   219.000000             227
   220.000000             227
   221.000000             229
   222.000000             230
   223.000000             231
   224.000000             234
   225.000000             236
   226.000000             236
   227.000000             236
   228.000000             237
   229.000000             239
   230.000000             241
   231.000000             242
   232.000000             242
   233.000000             242
   234.000000             244
   235.000000             246
   236.000000             247
   237.000000             249
   238.000000             250
   239.000000             251
   240.000000             252
   241.000000             253
   242.000000             253
   243.000000             256
   244.000000             258
   245.000000             258
   246.000000             258
   247.000000             259
   248.000000             259
   249.000000             259
   250.000000             259
   251.000000             260
   252.000000             261
   253.000000             261
   254.000000             261
   255.000000             261
   256.000000             261
   257.000000             262
   258.000000             264
   259.000000             265
   260.000000             265
   261.000000             265
   262.000000             265
   263.000000             265
   264.000000             265
   265.000000             266
   266.000000             268
   267.000000             269
   268.000000             270
   269.000000             270
   270.000000             270
   271.000000             270
   272.000000             270
   273.000000             271
   274.000000             271
   275.000000             271
   276.000000             271
   277.000000             271
   278.000000             271
   279.000000             271
   280.000000             271
   281.000000             272
   282.000000             272
   283.000000             272
   284.000000             273
   285.000000             274
   286.000000             275
   287.000000             276
   288.000000             278
   289.000000             278
   290.000000             280
   291.000000             282
   292.000000             284
   293.000000             286
   294.000000             288
   295.000000             289
   296.000000             289
   297.000000             291
   298.000000             293
   299.000000             293
   300.000000             296
   301.000000             298
   302.000000             298
   303.000000             298
   304.000000             298
   305.000000             299
   306.000000             301
   307.000000             301
   308.000000             301
   309.000000             301
   310.000000             301
   311.000000             301
   312.000000             302
   313.000000             304
   314.000000             307
   315.000000             308
   316.000000             309
   317.000000             310
   318.000000             310
   319.000000             310
   320.000000             310
   321.000000             310
   322.000000             310
   323.000000             313
   324.000000             314
   325.000000             316
   326.000000             318
   327.000000             318
   328.000000             318
   329.000000             320
   330.000000             323
   331.000000             325
   332.000000             327
   333.000000             329
   334.000000             330
   335.000000             330
   336.000000             330
   337.000000             331
   338.000000             332
   339.000000             333
   340.000000             334
   341.000000             335
   342.000000             335
   343.000000             336
   344.000000             338
   345.000000             339
   346.000000             343
   347.000000             346
   348.000000             347
   349.000000             348
   350.000000             349
   351.000000             350
   352.000000             351
   353.000000             352
   354.000000             353
   355.000000             353
   356.000000             354
   357.000000             356
   358.000000             358
   359.000000             360
   360.000000             360
   361.000000             361
   362.000000             362
   363.000000             362
   364.000000             362
   365.000000             362
   366.000000             364
   367.000000             365
   368.000000             365
   369.000000             365
   370.000000             367
   371.000000             368
   372.000000             368
   373.000000             370
   374.000000             372
   375.000000             373
   376.000000             375
   377.000000             375
   378.000000             375
   379.000000             375
   380.000000             375
   381.000000             377
   382.000000             378
   383.000000             378
   384.000000             379
   385.000000             380
   386.000000             381
   387.000000             381
   388.000000             382
   389.000000             384
   390.000000             385
   391.000000             385
   392.000000             386
   393.000000             387
   394.000000             387
   395.000000             388
   396.000000             389
   397.000000             389
   398.000000             390
   399.000000             390
   400.000000             391
   401.000000             391
   402.000000             391
   403.000000             391
   404.000000             391
   405.000000             393
   406.000000             395
   407.000000             396
   408.000000             396
   409.000000             396
   410.000000             396
   411.000000             396
   412.000000             398
   413.000000             400
   414.000000             400
   415.000000             400
   416.000000             400
   417.000000             400
   418.000000             404
   419.000000             408
   420.000000             408
   421.000000             408
   422.000000             409
   423.000000             410
   424.000000             411
   425.000000             411
   426.000000             411
   427.000000             412
   428.000000             413
   429.000000             414
   430.000000             414
   431.000000             416
   432.000000             418
   433.000000             419
   434.000000             422
   435.000000             425
   436.000000             426
   437.000000             427
   438.000000             427
   439.000000             427
   440.000000             428
   441.000000             429
   442.000000             431
   443.000000             432
   444.000000             433
   445.000000             434
   446.000000             434
   447.000000             435
   448.000000             437
   449.000000             439
   450.000000             440
   451.000000             441
   452.000000             442
   453.000000             442
   454.000000             442
   455.000000             442
   456.000000             442
   457.000000             443
   458.000000             446
   459.000000             447
   460.000000             452
   461.000000             456
   462.000000             457
   463.000000             458
   464.000000             459
   465.000000             459
   466.000000             459
   467.000000             459
   468.000000             462
   469.000000             464
   470.000000             465
   471.000000             466
   472.000000             467
   473.000000             469
   474.000000             471
   475.000000             472
   476.000000             474
   477.000000             476
   478.000000             476
   479.000000             476
   480.000000             476
   481.000000             476
   482.000000             478
   483.000000             481
   484.000000             485
   485.000000             487
   486.000000             488
   487.000000             489
   488.000000             489
   489.000000             489
   490.000000             489
   491.000000             489
   492.000000             489
   493.000000             490
   494.000000             491
   495.000000             494
   496.000000             496
   497.000000             497
   498.000000             498
   499.000000             498
   500.000000             502
   501.000000             506
   502.000000             506
   503.000000             506
   504.000000             506
   505.000000             506
   506.000000             506
   507.000000             507
   508.000000             509
   509.000000             509
   510.000000             509
   511.000000             510
   512.000000             512
   513.000000             513
   514.000000             514
   515.000000             515
   516.000000             518
   517.000000             520
   518.000000             520
   519.000000             522
   520.000000             527
   521.000000             529
   522.000000             529
   523.000000             531
   524.000000             533
   525.000000             535
   526.000000             537
   527.000000             539
   528.000000             541
   529.000000             544
   530.000000             547
   531.000000             549
   532.000000             550
   533.000000             551
   534.000000             552
   535.000000             553
   536.000000             554
   537.000000             556
   538.000000             556
   539.000000             556
   540.000000             556
   541.000000             556
   542.000000             557
   543.000000             558
   544.000000             559
   545.000000             560
   546.000000             561
   547.000000             563
   548.000000             565
   549.000000             566
   550.000000             566
   551.000000             566
   552.000000             567
   553.000000             570
   554.000000             572
   555.000000             573
   556.000000             574
   557.000000             574
   558.000000             574
   559.000000             575
   560.000000             578
   561.000000             580
   562.000000             580
   563.000000             580
   564.000000             583
   565.000000             584
   566.000000             585
   567.000000             586
   568.000000             586
   569.000000             586
   570.000000             586
   571.000000             586
   572.000000             588
   573.000000             590
   574.000000             590
   575.000000             591
   576.000000             594
   577.000000             596
   578.000000             599
   579.000000             602
   580.000000             606
   581.000000             610
   582.000000             611
   583.000000             612
   584.000000             614
   585.000000             614
   586.000000             614
   587.000000             615
   588.000000             617
   589.000000             618
   590.000000             622
   591.000000             624
   592.000000             625
   593.000000             626
   594.000000             627
   595.000000             628
   596.000000             629
   597.000000             629
   598.000000             629
   599.000000             629
   600.000000             631
   601.000000             632
   602.000000             634
   603.000000             635
   604.000000             636
   605.000000             639
   606.000000             643
   607.000000             645
   608.000000             648
   609.000000             649
   610.000000             649
   611.000000             650
   612.000000             651
   613.000000             651
   614.000000             651
   615.000000             651
   616.000000             652
   617.000000             655
   618.000000             656
   619.000000             656
   620.000000             659
   621.000000             661
   622.000000             663
   623.000000             665
   624.000000             666
   625.000000             667
   626.000000             668
   627.000000             669
   628.000000             669
   629.000000             670
   630.000000             672
   631.000000             673
   632.000000             674
   633.000000             675
   634.000000             675
   635.000000             680
   636.000000             685
   637.000000             686
   638.000000             688
   639.000000             689
   640.000000             689
   641.000000             689
   642.000000             689
   643.000000             690
   644.000000             691
   645.000000             692
   646.000000             693
   647.000000             694
   648.000000             695
   649.000000             695
   650.000000             695
   651.000000             696
   652.000000             698
   653.000000             699
   654.000000             699
   655.000000             699
   656.000000             702
   657.000000             704
   658.000000             704
   659.000000             704
   660.000000             704
   661.000000             705
   662.000000             705
   663.000000             705
   664.000000             705
   665.000000             705
   666.000000             706
   667.000000             707
   668.000000             709
   669.000000             714
   670.000000             719
   671.000000             720
   672.000000             720
   673.000000             720
   674.000000             721
   675.000000             724
   676.000000             726
   677.000000             726
   678.000000             726
   679.000000             728
   680.000000             730
   681.000000             730
   682.000000             730
   683.000000             730
   684.000000             732
   685.000000             735
   686.000000             737
   687.000000             738
   688.000000             740
   689.000000             741
   690.000000             741
   691.000000             741
   692.000000             741
   693.000000             742
   694.000000             743
   695.000000             744
   696.000000             745
   697.000000             746
   698.000000             747
   699.000000             748
   700.000000             750
   701.000000             752
   702.000000             753
   703.000000             754
   704.000000             754
   705.000000             758
   706.000000             762
   707.000000             762
   708.000000             763
   709.000000             764
   710.000000             765
   711.000000             766
   712.000000             766
   713.000000             766
   714.000000             768
   715.000000             771
   716.000000             772
   717.000000             772
   718.000000             773
   719.000000             775
   720.000000             776
   721.000000             776
   722.000000             776
   723.000000             776
   724.000000             776
   725.000000             778
   726.000000             780
   727.000000             782
   728.000000             783
   729.000000             783
   730.000000             783
   731.000000             783
   732.000000             784
   733.000000             785
   734.000000             786
   735.000000             787
   736.000000             788
   737.000000             788
   738.000000             789
   739.000000             790
   740.000000             792
   741.000000             794
   742.000000             797
   743.000000             799
   744.000000             800
   745.000000             801
   746.000000             801
   747.000000             802
   748.000000             804
   749.000000             805
   750.000000             806
   751.000000             808
   752.000000             809
   753.000000             810
   754.000000             812
   755.000000             813
   756.000000             813
   757.000000             814
   758.000000             815
   759.000000             816
   760.000000             816
   761.000000             817
   762.000000             819
   763.000000             821
   764.000000             824
   765.000000             825
   766.000000             825
   767.000000             826
   768.000000             828
   769.000000             830
   770.000000             831
   771.000000             834
   772.000000             836
   773.000000             836
   774.000000             837
   775.000000             838
   776.000000             839
   777.000000             840
   778.000000             840
   779.000000             841
   780.000000             842
   781.000000             844
   782.000000             848
   783.000000             852
   784.000000             853
   785.000000             854
   786.000000             854
   787.000000             855
   788.000000             857
   789.000000             857
   790.000000             858
   791.000000             859
   792.000000             860
   793.000000             861
   794.000000             862
   795.000000             862
   796.000000             864
   797.000000             865
   798.000000             866
   799.000000             867
   800.000000             867
   801.000000             869
   802.000000             873
   803.000000             878
   804.000000             881
   805.000000             882
   806.000000             884
   807.000000             885
   808.000000             887
   809.000000             888
   810.000000             888
   811.000000             889
   812.000000             890
   813.000000             891
   814.000000             893
   815.000000             894
   816.000000             895
   817.000000             895
   818.000000             895
   819.000000             895
   820.000000             895
   821.000000             895
   822.000000             895
   823.000000             896
   824.000000             897
   825.000000             898
   826.000000             900
   827.000000             902
   828.000000             903
   829.000000             904
   830.000000             904
   831.000000             904
   832.000000             904
   833.000000             905
   834.000000             906
   835.000000             906
   836.000000             907
   837.000000             909
   838.000000             912
   839.000000             913
   840.000000             914
   841.000000             918
   842.000000             922
   843.000000             924
   844.000000             925
   845.000000             925
   846.000000             925
   847.000000             928
   848.000000             931
   849.000000             932
   850.000000             932
   851.000000             932
   852.000000             932
   853.000000             933
   854.000000             935
   855.000000             936
   856.000000             936
   857.000000             938
   858.000000             941
   859.000000             942
   860.000000             942
   861.000000             942
   862.000000             942
   863.000000             942
   864.000000             943
   865.000000             944
   866.000000             944
   867.000000             944
   868.000000             944
   869.000000             944
   870.000000             944
   871.000000             945
   872.000000             946
   873.000000             946
   874.000000             947
   875.000000             950
   876.000000             952
   877.000000             953
   878.000000             956
   879.000000             959
   880.000000             959
   881.000000             960
   882.000000             960
   883.000000             961
   884.000000             963
   885.000000             964
   886.000000             966
   887.000000             969
   888.000000             972
   889.000000             973
   890.000000             973
   891.000000             973
   892.000000             973
   893.000000             974
   894.000000             976
   895.000000             977
   896.000000             977
   897.000000             977
   898.000000             977
   899.000000             977
   900.000000             979
   901.000000             980
   902.000000             980
   903.000000             981
   904.000000             982
   905.000000             982
   906.000000             983
   907.000000             984
   908.000000             986
   909.000000             989
   910.000000             991
   911.000000             992
   912.000000             992
   913.000000             993
   914.000000             995
   915.000000             996
   916.000000             998
   917.000000             998
   918.000000             998
   919.000000             999
   920.000000            1002
   921.000000            1004
   922.000000            1006
   923.000000            1008
   924.000000            1009
   925.000000            1011
   926.000000            1012
   927.000000            1013
   928.000000            1015
   929.000000            1019
   930.000000            1019
   931.000000            1019
   932.000000            1020
   933.000000            1020
   934.000000            1020
   935.000000            1021
   936.000000            1022
   937.000000            1023
   938.000000            1024
   939.000000            1025
   940.000000            1025
   941.000000            1026
   942.000000            1027
   943.000000            1027
   944.000000            1027
   945.000000            1029
   946.000000            1031
   947.000000            1031
   948.000000            1031
   949.000000            1034
   950.000000            1036
   951.000000            1037
   952.000000            1037
   953.000000            1037
   954.000000            1037
   955.000000            1038
   956.000000            1040
   957.000000            1041
   958.000000            1042
   959.000000            1045
   960.000000            1045
   961.000000            1045
   962.000000            1047
   963.000000            1050
   964.000000            1053
   965.000000            1054
   966.000000            1057
   967.000000            1061
   968.000000            1065
   969.000000            1068
   970.000000            1069
   971.000000            1069
   972.000000            1070
   973.000000            1070
   974.000000            1070
   975.000000            1071
   976.000000            1072
   977.000000            1072
   978.000000            1072
   979.000000            1073
   980.000000            1074
   981.000000            1076
   982.000000            1078
   983.000000            1081
   984.000000            1081
   985.000000            1081
   986.000000            1081
   987.000000            1082
   988.000000            1083
   989.000000            1084
   990.000000            1084
   991.000000            1084
   992.000000            1085
   993.000000            1086
   994.000000            1088
   995.000000            1090
   996.000000            1090
   997.000000            1090
   998.000000            1090
   999.000000            1090
   1000.00000            1090
