 Permeation events over simulation time.
 t(ns) Number of events
   0.00000000               0
   1.00000000               0
   2.00000000               0
   3.00000000               0
   4.00000000               0
   5.00000000               0
   6.00000000               0
   7.00000000               0
   8.00000000               0
   9.00000000               0
   10.0000000               0
   11.0000000               0
   12.0000000               0
   13.0000000               0
   14.0000000               0
   15.0000000               0
   16.0000000               0
   17.0000000               0
   18.0000000               0
   19.0000000               0
   20.0000000               0
   21.0000000               0
   22.0000000               1
   23.0000000               2
   24.0000000               2
   25.0000000               2
   26.0000000               2
   27.0000000               3
   28.0000000               4
   29.0000000               4
   30.0000000               5
   31.0000000               6
   32.0000000               6
   33.0000000               6
   34.0000000               6
   35.0000000               7
   36.0000000               7
   37.0000000               7
   38.0000000               7
   39.0000000               7
   40.0000000               7
   41.0000000               7
   42.0000000               7
   43.0000000               7
   44.0000000               9
   45.0000000              10
   46.0000000              10
   47.0000000              11
   48.0000000              12
   49.0000000              13
   50.0000000              13
   51.0000000              14
   52.0000000              14
   53.0000000              14
   54.0000000              14
   55.0000000              14
   56.0000000              14
   57.0000000              14
   58.0000000              14
   59.0000000              14
   60.0000000              14
   61.0000000              14
   62.0000000              14
   63.0000000              14
   64.0000000              14
   65.0000000              14
   66.0000000              14
   67.0000000              14
   68.0000000              14
   69.0000000              14
   70.0000000              14
   71.0000000              15
   72.0000000              16
   73.0000000              16
   74.0000000              16
   75.0000000              18
   76.0000000              20
   77.0000000              20
   78.0000000              20
   79.0000000              20
   80.0000000              21
   81.0000000              21
   82.0000000              21
   83.0000000              21
   84.0000000              21
   85.0000000              21
   86.0000000              21
   87.0000000              21
   88.0000000              21
   89.0000000              21
   90.0000000              21
   91.0000000              21
   92.0000000              21
   93.0000000              21
   94.0000000              21
   95.0000000              21
   96.0000000              22
   97.0000000              23
   98.0000000              23
   99.0000000              23
   100.000000              23
   101.000000              23
   102.000000              23
   103.000000              23
   104.000000              23
   105.000000              23
   106.000000              23
   107.000000              23
   108.000000              23
   109.000000              23
   110.000000              23
   111.000000              23
   112.000000              23
   113.000000              23
   114.000000              23
   115.000000              23
   116.000000              23
   117.000000              23
   118.000000              23
   119.000000              23
   120.000000              23
   121.000000              25
   122.000000              26
   123.000000              26
   124.000000              27
   125.000000              27
   126.000000              27
   127.000000              27
   128.000000              27
   129.000000              27
   130.000000              27
   131.000000              27
   132.000000              27
   133.000000              27
   134.000000              27
   135.000000              28
   136.000000              29
   137.000000              29
   138.000000              30
   139.000000              31
   140.000000              31
   141.000000              31
   142.000000              31
   143.000000              31
   144.000000              32
   145.000000              34
   146.000000              36
   147.000000              36
   148.000000              36
   149.000000              36
   150.000000              36
   151.000000              36
   152.000000              36
   153.000000              36
   154.000000              36
   155.000000              36
   156.000000              36
   157.000000              36
   158.000000              36
   159.000000              36
   160.000000              36
   161.000000              36
   162.000000              36
   163.000000              36
   164.000000              36
   165.000000              37
   166.000000              38
   167.000000              40
   168.000000              41
   169.000000              41
   170.000000              41
   171.000000              41
   172.000000              41
   173.000000              41
   174.000000              41
   175.000000              41
   176.000000              42
   177.000000              42
   178.000000              42
   179.000000              42
   180.000000              42
   181.000000              42
   182.000000              42
   183.000000              42
   184.000000              42
   185.000000              42
   186.000000              42
   187.000000              42
   188.000000              42
   189.000000              43
   190.000000              44
   191.000000              44
   192.000000              44
   193.000000              44
   194.000000              44
   195.000000              44
   196.000000              44
   197.000000              44
   198.000000              44
   199.000000              45
   200.000000              45
   201.000000              45
   202.000000              45
   203.000000              46
   204.000000              48
   205.000000              48
   206.000000              48
   207.000000              48
   208.000000              48
   209.000000              48
   210.000000              49
   211.000000              50
   212.000000              50
   213.000000              50
   214.000000              50
   215.000000              50
   216.000000              50
   217.000000              50
   218.000000              50
   219.000000              50
   220.000000              50
   221.000000              50
   222.000000              50
   223.000000              50
   224.000000              50
   225.000000              50
   226.000000              50
   227.000000              50
   228.000000              50
   229.000000              51
   230.000000              52
   231.000000              52
   232.000000              52
   233.000000              53
   234.000000              54
   235.000000              54
   236.000000              54
   237.000000              54
   238.000000              54
   239.000000              54
   240.000000              54
   241.000000              54
   242.000000              55
   243.000000              56
   244.000000              56
   245.000000              56
   246.000000              56
   247.000000              56
   248.000000              58
   249.000000              59
   250.000000              59
   251.000000              59
   252.000000              59
   253.000000              59
   254.000000              59
   255.000000              59
   256.000000              59
   257.000000              60
   258.000000              60
   259.000000              60
   260.000000              60
   261.000000              60
   262.000000              60
   263.000000              60
   264.000000              60
   265.000000              60
   266.000000              60
   267.000000              61
   268.000000              62
   269.000000              62
   270.000000              62
   271.000000              62
   272.000000              62
   273.000000              62
   274.000000              62
   275.000000              62
   276.000000              62
   277.000000              62
   278.000000              62
   279.000000              62
   280.000000              62
   281.000000              62
   282.000000              62
   283.000000              62
   284.000000              62
   285.000000              62
   286.000000              62
   287.000000              62
   288.000000              62
   289.000000              62
   290.000000              63
   291.000000              64
   292.000000              64
   293.000000              64
   294.000000              64
   295.000000              64
   296.000000              64
   297.000000              64
   298.000000              64
   299.000000              64
   300.000000              65
   301.000000              66
   302.000000              66
   303.000000              67
   304.000000              67
   305.000000              67
   306.000000              67
   307.000000              67
   308.000000              67
   309.000000              67
   310.000000              67
   311.000000              67
   312.000000              67
   313.000000              68
   314.000000              68
   315.000000              68
   316.000000              68
   317.000000              68
   318.000000              68
   319.000000              69
   320.000000              69
   321.000000              70
   322.000000              70
   323.000000              70
   324.000000              70
   325.000000              70
   326.000000              70
   327.000000              70
   328.000000              70
   329.000000              70
   330.000000              70
   331.000000              70
   332.000000              70
   333.000000              70
   334.000000              70
   335.000000              70
   336.000000              70
   337.000000              70
   338.000000              70
   339.000000              70
   340.000000              70
   341.000000              70
   342.000000              70
   343.000000              70
   344.000000              70
   345.000000              70
   346.000000              70
   347.000000              71
   348.000000              71
   349.000000              71
   350.000000              72
   351.000000              72
   352.000000              72
   353.000000              72
   354.000000              72
   355.000000              72
   356.000000              72
   357.000000              72
   358.000000              72
   359.000000              72
   360.000000              72
   361.000000              72
   362.000000              72
   363.000000              72
   364.000000              72
   365.000000              72
   366.000000              72
   367.000000              72
   368.000000              73
   369.000000              74
   370.000000              74
   371.000000              75
   372.000000              76
   373.000000              77
   374.000000              77
   375.000000              77
   376.000000              77
   377.000000              77
   378.000000              77
   379.000000              77
   380.000000              77
   381.000000              77
   382.000000              77
   383.000000              77
   384.000000              77
   385.000000              77
   386.000000              77
   387.000000              77
   388.000000              77
   389.000000              77
   390.000000              77
   391.000000              78
   392.000000              79
   393.000000              79
   394.000000              79
   395.000000              79
   396.000000              79
   397.000000              79
   398.000000              79
   399.000000              79
   400.000000              79
   401.000000              80
   402.000000              81
   403.000000              82
   404.000000              84
   405.000000              85
   406.000000              85
   407.000000              85
   408.000000              85
   409.000000              85
   410.000000              85
   411.000000              85
   412.000000              86
   413.000000              86
   414.000000              87
   415.000000              87
   416.000000              87
   417.000000              87
   418.000000              87
   419.000000              87
   420.000000              87
   421.000000              87
   422.000000              87
   423.000000              88
   424.000000              88
   425.000000              88
   426.000000              88
   427.000000              88
   428.000000              88
   429.000000              88
   430.000000              88
   431.000000              88
   432.000000              88
   433.000000              88
   434.000000              89
   435.000000              90
   436.000000              90
   437.000000              90
   438.000000              90
   439.000000              90
   440.000000              90
   441.000000              90
   442.000000              90
   443.000000              91
   444.000000              91
   445.000000              91
   446.000000              91
   447.000000              91
   448.000000              91
   449.000000              91
   450.000000              91
   451.000000              91
   452.000000              91
   453.000000              91
   454.000000              91
   455.000000              91
   456.000000              91
   457.000000              91
   458.000000              91
   459.000000              91
   460.000000              91
   461.000000              91
   462.000000              92
   463.000000              93
   464.000000              93
   465.000000              93
   466.000000              93
   467.000000              93
   468.000000              93
   469.000000              93
   470.000000              93
   471.000000              93
   472.000000              93
   473.000000              93
   474.000000              93
   475.000000              93
   476.000000              93
   477.000000              93
   478.000000              93
   479.000000              94
   480.000000              94
   481.000000              94
   482.000000              96
   483.000000              98
   484.000000              99
   485.000000              99
   486.000000              99
   487.000000              99
   488.000000              99
   489.000000              99
   490.000000              99
   491.000000              99
   492.000000              99
   493.000000              99
   494.000000             100
   495.000000             100
   496.000000             101
   497.000000             101
   498.000000             103
   499.000000             105
   500.000000             105
   501.000000             105
   502.000000             105
   503.000000             105
   504.000000             105
   505.000000             105
   506.000000             105
   507.000000             105
   508.000000             105
   509.000000             105
   510.000000             105
   511.000000             105
   512.000000             105
   513.000000             105
   514.000000             106
   515.000000             107
   516.000000             107
   517.000000             107
   518.000000             107
   519.000000             107
   520.000000             107
   521.000000             107
   522.000000             107
   523.000000             107
   524.000000             107
   525.000000             107
   526.000000             107
   527.000000             107
   528.000000             107
   529.000000             107
   530.000000             107
   531.000000             107
   532.000000             107
   533.000000             108
   534.000000             108
   535.000000             109
   536.000000             110
   537.000000             110
   538.000000             110
   539.000000             111
   540.000000             112
   541.000000             112
   542.000000             112
   543.000000             112
   544.000000             112
   545.000000             112
   546.000000             112
   547.000000             112
   548.000000             112
   549.000000             112
   550.000000             112
   551.000000             112
   552.000000             112
   553.000000             112
   554.000000             112
   555.000000             112
   556.000000             112
   557.000000             112
   558.000000             112
   559.000000             112
   560.000000             112
   561.000000             112
   562.000000             113
   563.000000             114
   564.000000             114
   565.000000             115
   566.000000             115
   567.000000             115
   568.000000             115
   569.000000             115
   570.000000             115
   571.000000             115
   572.000000             115
   573.000000             115
   574.000000             115
   575.000000             115
   576.000000             116
   577.000000             117
   578.000000             117
   579.000000             117
   580.000000             117
   581.000000             117
   582.000000             117
   583.000000             117
   584.000000             117
   585.000000             117
   586.000000             117
   587.000000             117
   588.000000             117
   589.000000             118
   590.000000             119
   591.000000             119
   592.000000             119
   593.000000             119
   594.000000             119
   595.000000             119
   596.000000             120
   597.000000             122
   598.000000             123
   599.000000             123
   600.000000             123
   601.000000             123
   602.000000             123
   603.000000             123
   604.000000             123
   605.000000             123
   606.000000             123
   607.000000             123
   608.000000             123
   609.000000             123
   610.000000             123
   611.000000             123
   612.000000             123
   613.000000             123
   614.000000             123
   615.000000             123
   616.000000             123
   617.000000             123
   618.000000             123
   619.000000             123
   620.000000             124
   621.000000             124
   622.000000             124
   623.000000             124
   624.000000             124
   625.000000             124
   626.000000             124
   627.000000             124
   628.000000             125
   629.000000             126
   630.000000             126
   631.000000             126
   632.000000             126
   633.000000             127
   634.000000             127
   635.000000             127
   636.000000             127
   637.000000             127
   638.000000             128
   639.000000             129
   640.000000             129
   641.000000             129
   642.000000             129
   643.000000             129
   644.000000             129
   645.000000             129
   646.000000             129
   647.000000             129
   648.000000             129
   649.000000             129
   650.000000             129
   651.000000             129
   652.000000             129
   653.000000             129
   654.000000             129
   655.000000             129
   656.000000             129
   657.000000             129
   658.000000             129
   659.000000             130
   660.000000             130
   661.000000             130
   662.000000             130
   663.000000             131
   664.000000             133
   665.000000             135
   666.000000             135
   667.000000             135
   668.000000             135
   669.000000             135
   670.000000             135
   671.000000             135
   672.000000             136
   673.000000             137
   674.000000             137
   675.000000             137
   676.000000             137
   677.000000             137
   678.000000             137
   679.000000             137
   680.000000             137
   681.000000             137
   682.000000             137
   683.000000             137
   684.000000             137
   685.000000             137
   686.000000             137
   687.000000             137
   688.000000             137
   689.000000             138
   690.000000             138
   691.000000             138
   692.000000             139
   693.000000             140
   694.000000             141
   695.000000             141
   696.000000             143
   697.000000             145
   698.000000             147
   699.000000             148
   700.000000             148
   701.000000             148
   702.000000             148
   703.000000             148
   704.000000             148
   705.000000             148
   706.000000             148
   707.000000             148
   708.000000             148
   709.000000             148
   710.000000             148
   711.000000             148
   712.000000             148
   713.000000             148
   714.000000             148
   715.000000             148
   716.000000             148
   717.000000             149
   718.000000             150
   719.000000             150
   720.000000             150
   721.000000             150
   722.000000             150
   723.000000             150
   724.000000             150
   725.000000             150
   726.000000             150
   727.000000             150
   728.000000             150
   729.000000             150
   730.000000             150
   731.000000             150
   732.000000             150
   733.000000             151
   734.000000             152
   735.000000             152
   736.000000             152
   737.000000             152
   738.000000             152
   739.000000             152
   740.000000             152
   741.000000             152
   742.000000             152
   743.000000             152
   744.000000             152
   745.000000             152
   746.000000             153
   747.000000             153
   748.000000             153
   749.000000             153
   750.000000             153
   751.000000             153
   752.000000             153
   753.000000             153
   754.000000             154
   755.000000             154
   756.000000             154
   757.000000             154
   758.000000             154
   759.000000             154
   760.000000             154
   761.000000             154
   762.000000             154
   763.000000             154
   764.000000             154
   765.000000             154
   766.000000             154
   767.000000             154
   768.000000             154
   769.000000             154
   770.000000             154
   771.000000             154
   772.000000             154
   773.000000             154
   774.000000             154
   775.000000             154
   776.000000             154
   777.000000             154
   778.000000             154
   779.000000             155
   780.000000             156
   781.000000             156
   782.000000             156
   783.000000             156
   784.000000             156
   785.000000             156
   786.000000             156
   787.000000             156
   788.000000             156
   789.000000             156
   790.000000             156
   791.000000             156
   792.000000             156
   793.000000             156
   794.000000             156
   795.000000             156
   796.000000             156
   797.000000             156
   798.000000             157
   799.000000             159
   800.000000             159
   801.000000             160
   802.000000             160
   803.000000             160
   804.000000             160
   805.000000             160
   806.000000             160
   807.000000             160
   808.000000             160
   809.000000             161
   810.000000             162
   811.000000             162
   812.000000             163
   813.000000             165
   814.000000             167
   815.000000             167
   816.000000             167
   817.000000             167
   818.000000             167
   819.000000             167
   820.000000             167
   821.000000             167
   822.000000             167
   823.000000             167
   824.000000             168
   825.000000             169
   826.000000             169
   827.000000             169
   828.000000             169
   829.000000             169
   830.000000             170
   831.000000             172
   832.000000             173
   833.000000             173
   834.000000             173
   835.000000             173
   836.000000             173
   837.000000             173
   838.000000             173
   839.000000             173
   840.000000             173
   841.000000             173
   842.000000             173
   843.000000             173
   844.000000             173
   845.000000             173
   846.000000             173
   847.000000             174
   848.000000             174
   849.000000             174
   850.000000             175
   851.000000             176
   852.000000             176
   853.000000             176
   854.000000             176
   855.000000             177
   856.000000             178
   857.000000             178
   858.000000             179
   859.000000             181
   860.000000             182
   861.000000             182
   862.000000             182
   863.000000             182
   864.000000             182
   865.000000             182
   866.000000             182
   867.000000             182
   868.000000             182
   869.000000             182
   870.000000             182
   871.000000             182
   872.000000             182
   873.000000             182
   874.000000             182
   875.000000             182
   876.000000             182
   877.000000             182
   878.000000             182
   879.000000             182
   880.000000             182
   881.000000             182
   882.000000             182
   883.000000             182
   884.000000             182
   885.000000             182
   886.000000             182
   887.000000             182
   888.000000             183
   889.000000             184
   890.000000             184
   891.000000             184
   892.000000             185
   893.000000             186
   894.000000             186
   895.000000             186
   896.000000             186
   897.000000             186
   898.000000             186
   899.000000             186
   900.000000             186
