 Permeation events over simulation time.
 t(ns) Number of events
   0.00000000               0
   5.00000007E-02           0
  0.100000001               0
  0.150000006               0
  0.200000003               0
  0.250000000               0
  0.300000012               0
  0.349999994               0
  0.400000006               0
  0.449999988               0
  0.500000000               0
  0.550000012               0
  0.600000024               0
  0.649999976               0
  0.699999988               0
  0.750000000               0
  0.800000012               0
  0.850000024               0
  0.899999976               0
  0.949999988               0
   1.00000000               0
   1.04999995               0
   1.10000002               0
   1.14999998               0
   1.20000005               0
   1.25000000               0
   1.29999995               0
   1.35000002               0
   1.39999998               0
   1.45000005               0
   1.50000000               0
   1.54999995               0
   1.60000002               0
   1.64999998               0
   1.70000005               0
   1.75000000               0
   1.79999995               0
   1.85000002               0
   1.89999998               0
   1.95000005               0
   2.00000000               0
   2.04999995               0
   2.09999990               0
   2.15000010               0
   2.20000005               0
   2.25000000               0
   2.29999995               0
   2.34999990               0
   2.40000010               0
   2.45000005               0
   2.50000000               0
   2.54999995               0
   2.59999990               0
   2.65000010               0
   2.70000005               0
   2.75000000               0
   2.79999995               0
   2.84999990               0
   2.90000010               0
   2.95000005               0
   3.00000000               0
   3.04999995               0
   3.09999990               0
   3.15000010               0
   3.20000005               0
   3.25000000               0
   3.29999995               0
   3.34999990               0
   3.40000010               0
   3.45000005               0
   3.50000000               0
   3.54999995               0
   3.59999990               0
   3.65000010               0
   3.70000005               0
   3.75000000               0
   3.79999995               0
   3.84999990               0
   3.90000010               0
   3.95000005               0
   4.00000000               0
   4.05000019               0
   4.09999990               0
   4.15000010               0
   4.19999981               0
   4.25000000               0
   4.30000019               0
   4.34999990               0
   4.40000010               0
   4.44999981               0
   4.50000000               0
   4.55000019               0
   4.59999990               0
   4.65000010               0
   4.69999981               0
   4.75000000               0
   4.80000019               0
   4.84999990               0
   4.90000010               0
   4.94999981               0
   5.00000000               0
   5.05000019               0
   5.09999990               0
   5.15000010               0
   5.19999981               0
   5.25000000               0
   5.30000019               0
   5.34999990               0
   5.40000010               0
   5.44999981               0
   5.50000000               0
   5.55000019               0
   5.59999990               0
   5.65000010               0
   5.69999981               0
   5.75000000               0
   5.80000019               0
   5.84999990               0
   5.90000010               0
   5.94999981               0
   6.00000000               0
   6.05000019               0
   6.09999990               0
   6.15000010               0
   6.19999981               0
   6.25000000               0
   6.30000019               0
   6.34999990               0
   6.40000010               0
   6.44999981               0
   6.50000000               0
   6.55000019               0
   6.59999990               0
   6.65000010               0
   6.69999981               0
   6.75000000               0
   6.80000019               0
   6.84999990               0
   6.90000010               0
   6.94999981               0
   7.00000000               0
   7.05000019               0
   7.09999990               0
   7.15000010               0
   7.19999981               0
   7.25000000               0
   7.30000019               0
   7.34999990               0
   7.40000010               0
   7.44999981               0
   7.50000000               0
   7.55000019               0
   7.59999990               0
   7.65000010               0
   7.69999981               0
   7.75000000               0
   7.80000019               0
   7.84999990               0
   7.90000010               0
   7.94999981               0
   8.00000000               0
   8.05000019               0
   8.10000038               0
   8.14999962               0
   8.19999981               0
   8.25000000               0
   8.30000019               0
   8.35000038               0
   8.39999962               1
   8.44999981               1
   8.50000000               1
   8.55000019               1
   8.60000038               1
   8.64999962               1
   8.69999981               1
   8.75000000               1
   8.80000019               1
   8.85000038               1
   8.89999962               1
   8.94999981               1
   9.00000000               1
   9.05000019               1
   9.10000038               1
   9.14999962               1
   9.19999981               1
   9.25000000               1
   9.30000019               1
   9.35000038               1
   9.39999962               1
   9.44999981               1
   9.50000000               1
   9.55000019               1
   9.60000038               1
   9.64999962               1
   9.69999981               1
   9.75000000               1
   9.80000019               1
   9.85000038               1
   9.89999962               1
   9.94999981               1
   10.0000000               1
   10.0500002               1
   10.1000004               1
   10.1499996               1
   10.1999998               1
   10.2500000               1
   10.3000002               1
   10.3500004               1
   10.3999996               1
   10.4499998               1
   10.5000000               1
   10.5500002               1
   10.6000004               1
   10.6499996               1
   10.6999998               1
   10.7500000               1
   10.8000002               1
   10.8500004               1
   10.8999996               1
   10.9499998               1
   11.0000000               1
   11.0500002               1
   11.1000004               1
   11.1499996               1
   11.1999998               1
   11.2500000               1
   11.3000002               1
   11.3500004               1
   11.3999996               1
   11.4499998               1
   11.5000000               1
   11.5500002               1
   11.6000004               1
   11.6499996               1
   11.6999998               1
   11.7500000               1
   11.8000002               1
   11.8500004               1
   11.8999996               1
   11.9499998               1
   12.0000000               1
   12.0500002               1
   12.1000004               1
   12.1499996               1
   12.1999998               1
   12.2500000               1
   12.3000002               1
   12.3500004               1
   12.3999996               1
   12.4499998               1
   12.5000000               1
   12.5500002               1
   12.6000004               1
   12.6499996               1
   12.6999998               1
   12.7500000               1
   12.8000002               1
   12.8500004               1
   12.8999996               1
   12.9499998               1
   13.0000000               1
   13.0500002               1
   13.1000004               1
   13.1499996               1
   13.1999998               1
   13.2500000               1
   13.3000002               1
   13.3500004               1
   13.3999996               1
   13.4499998               1
   13.5000000               1
   13.5500002               1
   13.6000004               1
   13.6499996               1
   13.6999998               1
   13.7500000               1
   13.8000002               1
   13.8500004               1
   13.8999996               1
   13.9499998               1
   14.0000000               1
   14.0500002               1
   14.1000004               1
   14.1499996               1
   14.1999998               1
   14.2500000               1
   14.3000002               1
   14.3500004               1
   14.3999996               1
   14.4499998               1
   14.5000000               1
   14.5500002               1
   14.6000004               1
   14.6499996               1
   14.6999998               1
   14.7500000               1
   14.8000002               1
   14.8500004               1
   14.8999996               1
   14.9499998               1
   15.0000000               1
   15.0500002               1
   15.1000004               1
   15.1499996               1
   15.1999998               1
   15.2500000               1
   15.3000002               1
   15.3500004               1
   15.3999996               1
   15.4499998               1
   15.5000000               1
   15.5500002               1
   15.6000004               1
   15.6499996               1
   15.6999998               1
   15.7500000               1
   15.8000002               1
   15.8500004               1
   15.8999996               1
   15.9499998               1
   16.0000000               1
   16.0499992               1
   16.1000004               1
   16.1499996               1
   16.2000008               1
   16.2500000               1
   16.2999992               1
   16.3500004               1
   16.3999996               1
   16.4500008               1
   16.5000000               1
   16.5499992               1
   16.6000004               1
   16.6499996               1
   16.7000008               1
   16.7500000               1
   16.7999992               1
   16.8500004               1
   16.8999996               1
   16.9500008               1
   17.0000000               1
   17.0499992               1
   17.1000004               1
   17.1499996               1
   17.2000008               1
   17.2500000               1
   17.2999992               1
   17.3500004               1
   17.3999996               1
   17.4500008               1
   17.5000000               1
   17.5499992               1
   17.6000004               1
   17.6499996               1
   17.7000008               1
   17.7500000               1
   17.7999992               1
   17.8500004               1
   17.8999996               1
   17.9500008               1
   18.0000000               1
   18.0499992               1
   18.1000004               1
   18.1499996               1
   18.2000008               1
   18.2500000               1
   18.2999992               1
   18.3500004               1
   18.3999996               1
   18.4500008               1
   18.5000000               1
   18.5499992               1
   18.6000004               1
   18.6499996               1
   18.7000008               1
   18.7500000               1
   18.7999992               1
   18.8500004               1
   18.8999996               1
   18.9500008               1
   19.0000000               1
   19.0499992               1
   19.1000004               1
   19.1499996               1
   19.2000008               1
   19.2500000               1
   19.2999992               1
   19.3500004               1
   19.3999996               1
   19.4500008               1
   19.5000000               1
   19.5499992               1
   19.6000004               1
   19.6499996               1
   19.7000008               1
   19.7500000               1
   19.7999992               1
   19.8500004               1
   19.8999996               1
   19.9500008               1
   20.0000000               1
   20.0499992               1
   20.1000004               1
   20.1499996               1
   20.2000008               1
   20.2500000               1
   20.2999992               1
   20.3500004               1
   20.3999996               1
   20.4500008               1
   20.5000000               1
   20.5499992               1
   20.6000004               1
   20.6499996               1
   20.7000008               1
   20.7500000               1
   20.7999992               1
   20.8500004               1
   20.8999996               1
   20.9500008               1
   21.0000000               1
   21.0499992               1
   21.1000004               1
   21.1499996               1
   21.2000008               1
   21.2500000               1
   21.2999992               1
   21.3500004               1
   21.3999996               1
   21.4500008               1
   21.5000000               1
   21.5499992               1
   21.6000004               1
   21.6499996               1
   21.7000008               1
   21.7500000               1
   21.7999992               1
   21.8500004               1
   21.8999996               1
   21.9500008               1
   22.0000000               1
   22.0499992               1
   22.1000004               1
   22.1499996               1
   22.2000008               1
   22.2500000               1
   22.2999992               1
   22.3500004               1
   22.3999996               1
   22.4500008               1
   22.5000000               1
   22.5499992               1
   22.6000004               1
   22.6499996               1
   22.7000008               1
   22.7500000               1
   22.7999992               1
   22.8500004               1
   22.8999996               1
   22.9500008               1
   23.0000000               1
   23.0499992               1
   23.1000004               1
   23.1499996               1
   23.2000008               1
   23.2500000               1
   23.2999992               1
   23.3500004               1
   23.3999996               1
   23.4500008               1
   23.5000000               1
   23.5499992               1
   23.6000004               1
   23.6499996               1
   23.7000008               1
   23.7500000               1
   23.7999992               1
   23.8500004               1
   23.8999996               1
   23.9500008               1
   24.0000000               1
   24.0499992               1
   24.1000004               1
   24.1499996               1
   24.2000008               1
   24.2500000               1
   24.2999992               1
   24.3500004               1
   24.3999996               1
   24.4500008               1
   24.5000000               1
   24.5499992               1
   24.6000004               1
   24.6499996               1
   24.7000008               1
   24.7500000               1
   24.7999992               1
   24.8500004               1
   24.8999996               1
   24.9500008               1
   25.0000000               1
   25.0499992               1
   25.1000004               1
   25.1499996               1
   25.2000008               1
   25.2500000               1
   25.2999992               1
   25.3500004               1
   25.3999996               1
   25.4500008               1
   25.5000000               1
   25.5499992               1
   25.6000004               1
   25.6499996               1
   25.7000008               1
   25.7500000               1
   25.7999992               1
   25.8500004               1
   25.8999996               1
   25.9500008               1
   26.0000000               1
   26.0499992               1
   26.1000004               1
   26.1499996               1
   26.2000008               1
   26.2500000               1
   26.2999992               1
   26.3500004               1
   26.3999996               1
   26.4500008               1
   26.5000000               1
   26.5499992               1
   26.6000004               1
   26.6499996               1
   26.7000008               1
   26.7500000               1
   26.7999992               1
   26.8500004               1
   26.8999996               1
   26.9500008               1
   27.0000000               1
   27.0499992               1
   27.1000004               1
   27.1499996               1
   27.2000008               1
   27.2500000               1
   27.2999992               1
   27.3500004               1
   27.3999996               1
   27.4500008               1
   27.5000000               1
   27.5499992               1
   27.6000004               1
   27.6499996               1
   27.7000008               1
   27.7500000               1
   27.7999992               1
   27.8500004               1
   27.8999996               1
   27.9500008               1
   28.0000000               1
   28.0499992               1
   28.1000004               1
   28.1499996               1
   28.2000008               1
   28.2500000               1
   28.2999992               1
   28.3500004               1
   28.3999996               1
   28.4500008               1
   28.5000000               1
   28.5499992               1
   28.6000004               1
   28.6499996               1
   28.7000008               1
   28.7500000               1
   28.7999992               1
   28.8500004               1
   28.8999996               1
   28.9500008               1
   29.0000000               1
   29.0499992               1
   29.1000004               1
   29.1499996               1
   29.2000008               1
   29.2500000               1
   29.2999992               1
   29.3500004               1
   29.3999996               1
   29.4500008               1
   29.5000000               1
   29.5499992               1
   29.6000004               1
   29.6499996               1
   29.7000008               1
   29.7500000               1
   29.7999992               1
   29.8500004               1
   29.8999996               1
   29.9500008               1
   30.0000000               1
   30.0499992               1
   30.1000004               1
   30.1499996               1
   30.2000008               1
   30.2500000               1
   30.2999992               1
   30.3500004               1
   30.3999996               1
   30.4500008               1
   30.5000000               1
   30.5499992               1
   30.6000004               1
   30.6499996               1
   30.7000008               1
   30.7500000               1
   30.7999992               1
   30.8500004               1
   30.8999996               1
   30.9500008               1
   31.0000000               1
   31.0499992               1
   31.1000004               1
   31.1499996               1
   31.2000008               1
   31.2500000               1
   31.2999992               1
   31.3500004               1
   31.3999996               1
   31.4500008               1
   31.5000000               1
   31.5499992               1
   31.6000004               1
   31.6499996               1
   31.7000008               1
   31.7500000               1
   31.7999992               1
   31.8500004               1
   31.8999996               1
   31.9500008               1
   32.0000000               1
   32.0499992               1
   32.0999985               1
   32.1500015               1
   32.2000008               1
   32.2500000               1
   32.2999992               1
   32.3499985               1
   32.4000015               1
   32.4500008               1
   32.5000000               2
   32.5499992               2
   32.5999985               2
   32.6500015               2
   32.7000008               2
   32.7500000               2
   32.7999992               2
   32.8499985               2
   32.9000015               2
   32.9500008               2
   33.0000000               2
   33.0499992               2
   33.0999985               2
   33.1500015               2
   33.2000008               2
   33.2500000               2
   33.2999992               2
   33.3499985               2
   33.4000015               2
   33.4500008               2
   33.5000000               2
   33.5499992               2
   33.5999985               2
   33.6500015               2
   33.7000008               2
   33.7500000               2
   33.7999992               2
   33.8499985               2
   33.9000015               2
   33.9500008               2
   34.0000000               2
   34.0499992               2
   34.0999985               2
   34.1500015               2
   34.2000008               2
   34.2500000               2
   34.2999992               2
   34.3499985               2
   34.4000015               2
   34.4500008               2
   34.5000000               2
   34.5499992               2
   34.5999985               2
   34.6500015               2
   34.7000008               2
   34.7500000               2
   34.7999992               2
   34.8499985               2
   34.9000015               2
   34.9500008               2
   35.0000000               2
   35.0499992               2
   35.0999985               2
   35.1500015               2
   35.2000008               2
   35.2500000               2
   35.2999992               2
   35.3499985               2
   35.4000015               2
   35.4500008               2
   35.5000000               2
   35.5499992               2
   35.5999985               2
   35.6500015               3
   35.7000008               3
   35.7500000               3
   35.7999992               3
   35.8499985               3
   35.9000015               3
   35.9500008               3
   36.0000000               3
   36.0499992               3
   36.0999985               3
   36.1500015               3
   36.2000008               3
   36.2500000               3
   36.2999992               3
   36.3499985               3
   36.4000015               3
   36.4500008               3
   36.5000000               3
   36.5499992               3
   36.5999985               3
   36.6500015               3
   36.7000008               3
   36.7500000               3
   36.7999992               3
   36.8499985               3
   36.9000015               3
   36.9500008               3
   37.0000000               3
   37.0499992               3
   37.0999985               3
   37.1500015               3
   37.2000008               3
   37.2500000               3
   37.2999992               3
   37.3499985               3
   37.4000015               3
   37.4500008               3
   37.5000000               3
   37.5499992               3
   37.5999985               3
   37.6500015               3
   37.7000008               3
   37.7500000               3
   37.7999992               3
   37.8499985               3
   37.9000015               3
   37.9500008               3
   38.0000000               3
   38.0499992               3
   38.0999985               3
   38.1500015               3
   38.2000008               3
   38.2500000               3
   38.2999992               3
   38.3499985               3
   38.4000015               3
   38.4500008               3
   38.5000000               3
   38.5499992               3
   38.5999985               3
   38.6500015               3
   38.7000008               3
   38.7500000               3
   38.7999992               3
   38.8499985               3
   38.9000015               3
   38.9500008               3
   39.0000000               3
   39.0499992               3
   39.0999985               3
   39.1500015               3
   39.2000008               3
   39.2500000               3
   39.2999992               3
   39.3499985               3
   39.4000015               3
   39.4500008               3
   39.5000000               3
   39.5499992               3
   39.5999985               3
   39.6500015               3
   39.7000008               3
   39.7500000               3
   39.7999992               3
   39.8499985               3
   39.9000015               3
   39.9500008               3
   40.0000000               3
   40.0499992               3
   40.0999985               3
   40.1500015               3
   40.2000008               3
   40.2500000               3
   40.2999992               3
   40.3499985               3
   40.4000015               3
   40.4500008               3
   40.5000000               3
   40.5499992               3
   40.5999985               3
   40.6500015               3
   40.7000008               3
   40.7500000               3
   40.7999992               3
   40.8499985               3
   40.9000015               3
   40.9500008               3
   41.0000000               3
   41.0499992               3
   41.0999985               3
   41.1500015               3
   41.2000008               3
   41.2500000               3
   41.2999992               3
   41.3499985               3
   41.4000015               3
   41.4500008               3
   41.5000000               3
   41.5499992               3
   41.5999985               3
   41.6500015               3
   41.7000008               3
   41.7500000               3
   41.7999992               3
   41.8499985               3
   41.9000015               3
   41.9500008               3
   42.0000000               3
   42.0499992               3
   42.0999985               3
   42.1500015               3
   42.2000008               3
   42.2500000               3
   42.2999992               3
   42.3499985               3
   42.4000015               3
   42.4500008               3
   42.5000000               3
   42.5499992               3
   42.5999985               3
   42.6500015               3
   42.7000008               3
   42.7500000               3
   42.7999992               3
   42.8499985               3
   42.9000015               3
   42.9500008               3
   43.0000000               3
   43.0499992               3
   43.0999985               3
   43.1500015               3
   43.2000008               3
   43.2500000               3
   43.2999992               3
   43.3499985               3
   43.4000015               3
   43.4500008               3
   43.5000000               3
   43.5499992               3
   43.5999985               3
   43.6500015               3
   43.7000008               3
   43.7500000               3
   43.7999992               3
   43.8499985               3
   43.9000015               3
   43.9500008               3
   44.0000000               3
   44.0499992               3
   44.0999985               3
   44.1500015               3
   44.2000008               3
   44.2500000               3
   44.2999992               3
   44.3499985               3
   44.4000015               3
   44.4500008               3
   44.5000000               3
   44.5499992               3
   44.5999985               3
   44.6500015               3
   44.7000008               3
   44.7500000               3
   44.7999992               3
   44.8499985               3
   44.9000015               3
   44.9500008               3
   45.0000000               3
   45.0499992               3
   45.0999985               3
   45.1500015               3
   45.2000008               3
   45.2500000               3
   45.2999992               3
   45.3499985               3
   45.4000015               3
   45.4500008               3
   45.5000000               3
   45.5499992               3
   45.5999985               3
   45.6500015               3
   45.7000008               3
   45.7500000               3
   45.7999992               3
   45.8499985               3
   45.9000015               3
   45.9500008               3
   46.0000000               3
   46.0499992               3
   46.0999985               3
   46.1500015               3
   46.2000008               3
   46.2500000               3
   46.2999992               3
   46.3499985               3
   46.4000015               3
   46.4500008               3
   46.5000000               3
   46.5499992               3
   46.5999985               3
   46.6500015               3
   46.7000008               3
   46.7500000               3
   46.7999992               3
   46.8499985               3
   46.9000015               3
   46.9500008               3
   47.0000000               3
   47.0499992               3
   47.0999985               3
   47.1500015               3
   47.2000008               3
   47.2500000               3
   47.2999992               3
   47.3499985               3
   47.4000015               3
   47.4500008               3
   47.5000000               3
   47.5499992               3
   47.5999985               3
   47.6500015               3
   47.7000008               3
   47.7500000               3
   47.7999992               3
   47.8499985               3
   47.9000015               3
   47.9500008               3
   48.0000000               3
   48.0499992               3
   48.0999985               3
   48.1500015               3
   48.2000008               3
   48.2500000               3
   48.2999992               3
   48.3499985               3
   48.4000015               3
   48.4500008               3
   48.5000000               3
   48.5499992               3
   48.5999985               3
   48.6500015               3
   48.7000008               3
   48.7500000               3
   48.7999992               3
   48.8499985               3
   48.9000015               3
   48.9500008               3
   49.0000000               3
   49.0499992               3
   49.0999985               3
   49.1500015               3
   49.2000008               3
   49.2500000               3
   49.2999992               3
   49.3499985               3
   49.4000015               3
   49.4500008               3
   49.5000000               3
   49.5499992               3
   49.5999985               3
   49.6500015               3
   49.7000008               3
   49.7500000               3
   49.7999992               3
   49.8499985               3
   49.9000015               3
   49.9500008               3
   50.0000000               3
   50.0499992               3
   50.0999985               3
   50.1500015               3
   50.2000008               3
   50.2500000               3
   50.2999992               3
   50.3499985               3
   50.4000015               3
   50.4500008               3
   50.5000000               3
   50.5499992               3
   50.5999985               3
   50.6500015               3
   50.7000008               3
   50.7500000               3
   50.7999992               3
   50.8499985               3
   50.9000015               3
   50.9500008               3
   51.0000000               3
   51.0499992               3
   51.0999985               3
   51.1500015               3
   51.2000008               3
   51.2500000               3
   51.2999992               3
   51.3499985               3
   51.4000015               3
   51.4500008               3
   51.5000000               3
   51.5499992               3
   51.5999985               3
   51.6500015               3
   51.7000008               3
   51.7500000               3
   51.7999992               3
   51.8499985               3
   51.9000015               3
   51.9500008               3
   52.0000000               3
   52.0499992               3
   52.0999985               3
   52.1500015               3
   52.2000008               3
   52.2500000               3
   52.2999992               3
   52.3499985               3
   52.4000015               3
   52.4500008               3
   52.5000000               3
   52.5499992               3
   52.5999985               3
   52.6500015               3
   52.7000008               3
   52.7500000               3
   52.7999992               3
   52.8499985               3
   52.9000015               3
   52.9500008               3
   53.0000000               3
   53.0499992               3
   53.0999985               3
   53.1500015               3
   53.2000008               3
   53.2500000               3
   53.2999992               3
   53.3499985               3
   53.4000015               3
   53.4500008               3
   53.5000000               3
   53.5499992               3
   53.5999985               3
   53.6500015               3
   53.7000008               3
   53.7500000               3
   53.7999992               3
   53.8499985               3
   53.9000015               3
   53.9500008               3
   54.0000000               3
   54.0499992               3
   54.0999985               3
   54.1500015               3
   54.2000008               3
   54.2500000               3
   54.2999992               3
   54.3499985               3
   54.4000015               3
   54.4500008               3
   54.5000000               3
   54.5499992               3
   54.5999985               3
   54.6500015               3
   54.7000008               3
   54.7500000               3
   54.7999992               3
   54.8499985               3
   54.9000015               3
   54.9500008               3
   55.0000000               3
   55.0499992               3
   55.0999985               3
   55.1500015               3
   55.2000008               3
   55.2500000               3
   55.2999992               3
   55.3499985               3
   55.4000015               3
   55.4500008               3
   55.5000000               3
   55.5499992               3
   55.5999985               3
   55.6500015               3
   55.7000008               3
   55.7500000               3
   55.7999992               3
   55.8499985               3
   55.9000015               3
   55.9500008               3
   56.0000000               3
   56.0499992               3
   56.0999985               3
   56.1500015               3
   56.2000008               3
   56.2500000               3
   56.2999992               3
   56.3499985               3
   56.4000015               3
   56.4500008               3
   56.5000000               3
   56.5499992               3
   56.5999985               3
   56.6500015               3
   56.7000008               3
   56.7500000               3
   56.7999992               3
   56.8499985               3
   56.9000015               3
   56.9500008               3
   57.0000000               3
   57.0499992               3
   57.0999985               3
   57.1500015               3
   57.2000008               3
   57.2500000               3
   57.2999992               3
   57.3499985               3
   57.4000015               3
   57.4500008               3
   57.5000000               3
   57.5499992               3
   57.5999985               3
   57.6500015               3
   57.7000008               3
   57.7500000               3
   57.7999992               3
   57.8499985               3
   57.9000015               3
   57.9500008               3
   58.0000000               3
   58.0499992               3
   58.0999985               3
   58.1500015               3
   58.2000008               3
   58.2500000               3
   58.2999992               3
   58.3499985               3
   58.4000015               3
   58.4500008               3
   58.5000000               3
   58.5499992               3
   58.5999985               3
   58.6500015               3
   58.7000008               3
   58.7500000               3
   58.7999992               3
   58.8499985               3
   58.9000015               3
   58.9500008               3
   59.0000000               3
   59.0499992               3
   59.0999985               3
   59.1500015               3
   59.2000008               3
   59.2500000               3
   59.2999992               3
   59.3499985               3
   59.4000015               3
   59.4500008               3
   59.5000000               3
   59.5499992               3
   59.5999985               3
   59.6500015               3
   59.7000008               3
   59.7500000               3
   59.7999992               3
   59.8499985               3
   59.9000015               3
   59.9500008               3
   60.0000000               3
   60.0499992               3
   60.0999985               3
   60.1500015               3
   60.2000008               3
   60.2500000               3
   60.2999992               3
   60.3499985               3
   60.4000015               3
   60.4500008               3
   60.5000000               3
   60.5499992               3
   60.5999985               3
   60.6500015               3
   60.7000008               3
   60.7500000               3
   60.7999992               3
   60.8499985               3
   60.9000015               3
   60.9500008               3
   61.0000000               3
   61.0499992               3
   61.0999985               3
   61.1500015               3
   61.2000008               3
   61.2500000               3
   61.2999992               3
   61.3499985               3
   61.4000015               3
   61.4500008               3
   61.5000000               3
   61.5499992               3
   61.5999985               3
   61.6500015               3
   61.7000008               3
   61.7500000               3
   61.7999992               3
   61.8499985               3
   61.9000015               3
   61.9500008               3
   62.0000000               3
   62.0499992               3
   62.0999985               3
   62.1500015               3
   62.2000008               3
   62.2500000               3
   62.2999992               3
   62.3499985               3
   62.4000015               3
   62.4500008               3
   62.5000000               3
   62.5499992               3
   62.5999985               3
   62.6500015               3
   62.7000008               3
   62.7500000               3
   62.7999992               3
   62.8499985               3
   62.9000015               3
   62.9500008               3
   63.0000000               3
   63.0499992               3
   63.0999985               3
   63.1500015               3
   63.2000008               3
   63.2500000               3
   63.2999992               3
   63.3499985               3
   63.4000015               3
   63.4500008               3
   63.5000000               3
   63.5499992               3
   63.5999985               3
   63.6500015               3
   63.7000008               3
   63.7500000               3
   63.7999992               3
   63.8499985               3
   63.9000015               3
   63.9500008               3
   64.0000000               3
   64.0500031               3
   64.0999985               3
   64.1500015               3
   64.1999969               3
   64.2500000               3
   64.3000031               3
   64.3499985               3
   64.4000015               3
   64.4499969               3
   64.5000000               3
   64.5500031               3
   64.5999985               3
   64.6500015               3
   64.6999969               3
   64.7500000               3
   64.8000031               3
   64.8499985               3
   64.9000015               3
   64.9499969               3
   65.0000000               3
   65.0500031               3
   65.0999985               3
   65.1500015               3
   65.1999969               3
   65.2500000               3
   65.3000031               3
   65.3499985               3
   65.4000015               3
   65.4499969               3
   65.5000000               3
   65.5500031               3
   65.5999985               3
   65.6500015               3
   65.6999969               3
   65.7500000               3
   65.8000031               3
   65.8499985               3
   65.9000015               3
   65.9499969               3
   66.0000000               3
   66.0500031               3
   66.0999985               3
   66.1500015               3
   66.1999969               3
   66.2500000               3
   66.3000031               3
   66.3499985               3
   66.4000015               3
   66.4499969               3
   66.5000000               3
   66.5500031               3
   66.5999985               3
   66.6500015               3
   66.6999969               3
   66.7500000               3
   66.8000031               3
   66.8499985               3
   66.9000015               3
   66.9499969               3
   67.0000000               3
   67.0500031               3
   67.0999985               3
   67.1500015               3
   67.1999969               3
   67.2500000               3
   67.3000031               3
   67.3499985               3
   67.4000015               3
   67.4499969               3
   67.5000000               3
   67.5500031               3
   67.5999985               3
   67.6500015               3
   67.6999969               3
   67.7500000               3
   67.8000031               3
   67.8499985               3
   67.9000015               3
   67.9499969               3
   68.0000000               3
   68.0500031               3
   68.0999985               3
   68.1500015               3
   68.1999969               3
   68.2500000               3
   68.3000031               3
   68.3499985               3
   68.4000015               3
   68.4499969               3
   68.5000000               3
   68.5500031               3
   68.5999985               3
   68.6500015               3
   68.6999969               3
   68.7500000               3
   68.8000031               3
   68.8499985               3
   68.9000015               3
   68.9499969               3
   69.0000000               3
   69.0500031               3
   69.0999985               3
   69.1500015               3
   69.1999969               3
   69.2500000               3
   69.3000031               3
   69.3499985               3
   69.4000015               3
   69.4499969               3
   69.5000000               3
   69.5500031               3
   69.5999985               3
   69.6500015               3
   69.6999969               3
   69.7500000               3
   69.8000031               3
   69.8499985               3
   69.9000015               3
   69.9499969               3
   70.0000000               3
   70.0500031               3
   70.0999985               3
   70.1500015               3
   70.1999969               3
   70.2500000               3
   70.3000031               3
   70.3499985               3
   70.4000015               3
   70.4499969               3
   70.5000000               3
   70.5500031               3
   70.5999985               3
   70.6500015               3
   70.6999969               3
   70.7500000               3
   70.8000031               3
   70.8499985               3
   70.9000015               3
   70.9499969               3
   71.0000000               3
   71.0500031               3
   71.0999985               3
   71.1500015               3
   71.1999969               3
   71.2500000               3
   71.3000031               3
   71.3499985               3
   71.4000015               3
   71.4499969               3
   71.5000000               3
   71.5500031               3
   71.5999985               3
   71.6500015               3
   71.6999969               3
   71.7500000               3
   71.8000031               3
   71.8499985               3
   71.9000015               3
   71.9499969               3
   72.0000000               3
   72.0500031               3
   72.0999985               3
   72.1500015               3
   72.1999969               3
   72.2500000               3
   72.3000031               3
   72.3499985               3
   72.4000015               3
   72.4499969               3
   72.5000000               3
   72.5500031               3
   72.5999985               3
   72.6500015               3
   72.6999969               3
   72.7500000               3
   72.8000031               3
   72.8499985               3
   72.9000015               3
   72.9499969               3
   73.0000000               3
   73.0500031               3
   73.0999985               3
   73.1500015               3
   73.1999969               3
   73.2500000               3
   73.3000031               3
   73.3499985               3
   73.4000015               3
   73.4499969               3
   73.5000000               3
   73.5500031               3
   73.5999985               3
   73.6500015               3
   73.6999969               3
   73.7500000               3
   73.8000031               3
   73.8499985               3
   73.9000015               3
   73.9499969               3
   74.0000000               3
   74.0500031               3
   74.0999985               3
   74.1500015               3
   74.1999969               3
   74.2500000               3
   74.3000031               3
   74.3499985               3
   74.4000015               3
   74.4499969               3
   74.5000000               3
   74.5500031               3
   74.5999985               3
   74.6500015               3
   74.6999969               3
   74.7500000               4
   74.8000031               4
   74.8499985               4
   74.9000015               4
   74.9499969               4
   75.0000000               4
   75.0500031               4
   75.0999985               4
   75.1500015               4
   75.1999969               4
   75.2500000               4
   75.3000031               4
   75.3499985               4
   75.4000015               4
   75.4499969               4
   75.5000000               4
   75.5500031               4
   75.5999985               4
   75.6500015               4
   75.6999969               4
   75.7500000               4
   75.8000031               4
   75.8499985               4
   75.9000015               4
   75.9499969               4
   76.0000000               4
   76.0500031               4
   76.0999985               4
   76.1500015               4
   76.1999969               4
   76.2500000               4
   76.3000031               4
   76.3499985               4
   76.4000015               4
   76.4499969               4
   76.5000000               4
   76.5500031               4
   76.5999985               4
   76.6500015               4
   76.6999969               4
   76.7500000               4
   76.8000031               4
   76.8499985               4
   76.9000015               4
   76.9499969               4
   77.0000000               4
   77.0500031               4
   77.0999985               4
   77.1500015               4
   77.1999969               4
   77.2500000               4
   77.3000031               4
   77.3499985               4
   77.4000015               4
   77.4499969               4
   77.5000000               4
   77.5500031               4
   77.5999985               4
   77.6500015               4
   77.6999969               4
   77.7500000               4
   77.8000031               4
   77.8499985               4
   77.9000015               4
   77.9499969               4
   78.0000000               4
   78.0500031               4
   78.0999985               4
   78.1500015               4
   78.1999969               4
   78.2500000               4
   78.3000031               4
   78.3499985               4
   78.4000015               4
   78.4499969               4
   78.5000000               4
   78.5500031               4
   78.5999985               4
   78.6500015               4
   78.6999969               4
   78.7500000               4
   78.8000031               4
   78.8499985               4
   78.9000015               4
   78.9499969               4
   79.0000000               4
   79.0500031               4
   79.0999985               4
   79.1500015               4
   79.1999969               4
   79.2500000               4
   79.3000031               4
   79.3499985               4
   79.4000015               5
   79.4499969               5
   79.5000000               5
   79.5500031               5
   79.5999985               5
   79.6500015               5
   79.6999969               5
   79.7500000               5
   79.8000031               5
   79.8499985               5
   79.9000015               5
   79.9499969               5
   80.0000000               5
   80.0500031               5
   80.0999985               5
   80.1500015               5
   80.1999969               5
   80.2500000               5
   80.3000031               5
   80.3499985               5
   80.4000015               5
   80.4499969               5
   80.5000000               5
   80.5500031               5
   80.5999985               5
   80.6500015               5
   80.6999969               5
   80.7500000               5
   80.8000031               5
   80.8499985               5
   80.9000015               5
   80.9499969               5
   81.0000000               5
   81.0500031               5
   81.0999985               5
   81.1500015               5
   81.1999969               5
   81.2500000               5
   81.3000031               5
   81.3499985               5
   81.4000015               5
   81.4499969               5
   81.5000000               5
   81.5500031               5
   81.5999985               5
   81.6500015               5
   81.6999969               5
   81.7500000               5
   81.8000031               5
   81.8499985               5
   81.9000015               5
   81.9499969               5
   82.0000000               5
   82.0500031               5
   82.0999985               5
   82.1500015               5
   82.1999969               5
   82.2500000               5
   82.3000031               5
   82.3499985               5
   82.4000015               5
   82.4499969               5
   82.5000000               5
   82.5500031               5
   82.5999985               5
   82.6500015               5
   82.6999969               5
   82.7500000               5
   82.8000031               5
   82.8499985               5
   82.9000015               5
   82.9499969               5
   83.0000000               5
   83.0500031               5
   83.0999985               5
   83.1500015               5
   83.1999969               5
   83.2500000               5
   83.3000031               5
   83.3499985               5
   83.4000015               5
   83.4499969               5
   83.5000000               5
   83.5500031               5
   83.5999985               5
   83.6500015               5
   83.6999969               5
   83.7500000               5
   83.8000031               5
   83.8499985               5
   83.9000015               5
   83.9499969               5
   84.0000000               5
   84.0500031               5
   84.0999985               5
   84.1500015               5
   84.1999969               5
   84.2500000               5
   84.3000031               5
   84.3499985               5
   84.4000015               5
   84.4499969               5
   84.5000000               5
   84.5500031               5
   84.5999985               5
   84.6500015               5
   84.6999969               5
   84.7500000               5
   84.8000031               5
   84.8499985               5
   84.9000015               5
   84.9499969               5
   85.0000000               5
   85.0500031               5
   85.0999985               5
   85.1500015               5
   85.1999969               5
   85.2500000               5
   85.3000031               5
   85.3499985               5
   85.4000015               5
   85.4499969               5
   85.5000000               5
   85.5500031               5
   85.5999985               5
   85.6500015               5
   85.6999969               5
   85.7500000               5
   85.8000031               5
   85.8499985               5
   85.9000015               5
   85.9499969               5
   86.0000000               5
   86.0500031               5
   86.0999985               5
   86.1500015               5
   86.1999969               5
   86.2500000               5
   86.3000031               5
   86.3499985               5
   86.4000015               5
   86.4499969               5
   86.5000000               5
   86.5500031               5
   86.5999985               5
   86.6500015               5
   86.6999969               5
   86.7500000               5
   86.8000031               5
   86.8499985               5
   86.9000015               5
   86.9499969               5
   87.0000000               5
   87.0500031               5
   87.0999985               5
   87.1500015               5
   87.1999969               5
   87.2500000               5
   87.3000031               5
   87.3499985               5
   87.4000015               5
   87.4499969               5
   87.5000000               5
   87.5500031               5
   87.5999985               5
   87.6500015               5
   87.6999969               5
   87.7500000               5
   87.8000031               5
   87.8499985               5
   87.9000015               5
   87.9499969               5
   88.0000000               5
   88.0500031               5
   88.0999985               5
   88.1500015               5
   88.1999969               5
   88.2500000               5
   88.3000031               5
   88.3499985               5
   88.4000015               5
   88.4499969               5
   88.5000000               5
   88.5500031               5
   88.5999985               5
   88.6500015               5
   88.6999969               5
   88.7500000               5
   88.8000031               5
   88.8499985               5
   88.9000015               5
   88.9499969               5
   89.0000000               5
   89.0500031               5
   89.0999985               5
   89.1500015               5
   89.1999969               5
   89.2500000               5
   89.3000031               5
   89.3499985               5
   89.4000015               5
   89.4499969               5
   89.5000000               5
   89.5500031               5
   89.5999985               5
   89.6500015               5
   89.6999969               5
   89.7500000               5
   89.8000031               5
   89.8499985               5
   89.9000015               5
   89.9499969               5
   90.0000000               5
   90.0500031               5
   90.0999985               5
   90.1500015               5
   90.1999969               5
   90.2500000               5
   90.3000031               5
   90.3499985               5
   90.4000015               5
   90.4499969               5
   90.5000000               5
   90.5500031               5
   90.5999985               5
   90.6500015               5
   90.6999969               5
   90.7500000               5
   90.8000031               5
   90.8499985               5
   90.9000015               5
   90.9499969               5
   91.0000000               5
   91.0500031               5
   91.0999985               5
   91.1500015               5
   91.1999969               5
   91.2500000               5
   91.3000031               5
   91.3499985               5
   91.4000015               5
   91.4499969               5
   91.5000000               5
   91.5500031               5
   91.5999985               5
   91.6500015               5
   91.6999969               5
   91.7500000               5
   91.8000031               5
   91.8499985               5
   91.9000015               5
   91.9499969               5
   92.0000000               5
   92.0500031               5
   92.0999985               5
   92.1500015               5
   92.1999969               5
   92.2500000               5
   92.3000031               5
   92.3499985               5
   92.4000015               5
   92.4499969               5
   92.5000000               5
   92.5500031               5
   92.5999985               5
   92.6500015               5
   92.6999969               5
   92.7500000               5
   92.8000031               5
   92.8499985               5
   92.9000015               5
   92.9499969               5
   93.0000000               5
   93.0500031               5
   93.0999985               5
   93.1500015               5
   93.1999969               5
   93.2500000               5
   93.3000031               5
   93.3499985               5
   93.4000015               5
   93.4499969               5
   93.5000000               5
   93.5500031               5
   93.5999985               5
   93.6500015               5
   93.6999969               5
   93.7500000               5
   93.8000031               5
   93.8499985               5
   93.9000015               5
   93.9499969               5
   94.0000000               5
   94.0500031               5
   94.0999985               5
   94.1500015               5
   94.1999969               5
   94.2500000               5
   94.3000031               5
   94.3499985               5
   94.4000015               5
   94.4499969               5
   94.5000000               5
   94.5500031               5
   94.5999985               5
   94.6500015               5
   94.6999969               5
   94.7500000               5
   94.8000031               5
   94.8499985               5
   94.9000015               5
   94.9499969               5
   95.0000000               5
   95.0500031               5
   95.0999985               5
   95.1500015               5
   95.1999969               5
   95.2500000               5
   95.3000031               5
   95.3499985               5
   95.4000015               5
   95.4499969               5
   95.5000000               5
   95.5500031               5
   95.5999985               5
   95.6500015               5
   95.6999969               5
   95.7500000               5
   95.8000031               5
   95.8499985               5
   95.9000015               5
   95.9499969               5
   96.0000000               5
   96.0500031               5
   96.0999985               5
   96.1500015               5
   96.1999969               5
   96.2500000               5
   96.3000031               5
   96.3499985               5
   96.4000015               5
   96.4499969               5
   96.5000000               5
   96.5500031               5
   96.5999985               5
   96.6500015               5
   96.6999969               5
   96.7500000               5
   96.8000031               5
   96.8499985               5
   96.9000015               5
   96.9499969               5
   97.0000000               5
   97.0500031               5
   97.0999985               5
   97.1500015               5
   97.1999969               5
   97.2500000               5
   97.3000031               5
   97.3499985               5
   97.4000015               5
   97.4499969               5
   97.5000000               5
   97.5500031               5
   97.5999985               5
   97.6500015               5
   97.6999969               5
   97.7500000               5
   97.8000031               5
   97.8499985               5
   97.9000015               5
   97.9499969               5
   98.0000000               5
   98.0500031               5
   98.0999985               5
   98.1500015               5
   98.1999969               5
   98.2500000               5
   98.3000031               5
   98.3499985               5
   98.4000015               5
   98.4499969               5
   98.5000000               5
   98.5500031               5
   98.5999985               5
   98.6500015               5
   98.6999969               5
   98.7500000               5
   98.8000031               5
   98.8499985               5
   98.9000015               5
   98.9499969               5
   99.0000000               5
   99.0500031               5
   99.0999985               5
   99.1500015               5
   99.1999969               5
   99.2500000               5
   99.3000031               5
   99.3499985               5
   99.4000015               5
   99.4499969               5
   99.5000000               5
   99.5500031               5
   99.5999985               5
   99.6500015               5
   99.6999969               5
   99.7500000               5
   99.8000031               5
   99.8499985               5
   99.9000015               5
   99.9499969               5
