 Permeation events over simulation time.
 t(ns) Number of events
   0.00000000               0
   1.00000000               0
   2.00000000               0
   3.00000000               0
   4.00000000               0
   5.00000000               0
   6.00000000               0
   7.00000000               0
   8.00000000               0
   9.00000000               0
   10.0000000               0
   11.0000000               0
   12.0000000               0
   13.0000000               0
   14.0000000               0
   15.0000000               0
   16.0000000               0
   17.0000000               0
   18.0000000               0
   19.0000000               0
   20.0000000               0
   21.0000000               0
   22.0000000               0
   23.0000000               0
   24.0000000               0
   25.0000000               0
   26.0000000               0
   27.0000000               0
   28.0000000               0
   29.0000000               0
   30.0000000               0
   31.0000000               0
   32.0000000               0
   33.0000000               0
   34.0000000               0
   35.0000000               0
   36.0000000               0
   37.0000000               0
   38.0000000               1
   39.0000000               2
   40.0000000               3
   41.0000000               3
   42.0000000               3
   43.0000000               3
   44.0000000               3
   45.0000000               3
   46.0000000               3
   47.0000000               3
   48.0000000               3
   49.0000000               3
   50.0000000               3
   51.0000000               3
   52.0000000               3
   53.0000000               3
   54.0000000               3
   55.0000000               3
   56.0000000               3
   57.0000000               3
   58.0000000               3
   59.0000000               3
   60.0000000               3
   61.0000000               3
   62.0000000               3
   63.0000000               3
   64.0000000               3
   65.0000000               3
   66.0000000               3
   67.0000000               3
   68.0000000               3
   69.0000000               3
   70.0000000               3
   71.0000000               3
   72.0000000               3
   73.0000000               3
   74.0000000               3
   75.0000000               3
   76.0000000               3
   77.0000000               3
   78.0000000               3
   79.0000000               3
   80.0000000               3
   81.0000000               3
   82.0000000               3
   83.0000000               3
   84.0000000               3
   85.0000000               3
   86.0000000               3
   87.0000000               3
   88.0000000               3
   89.0000000               3
   90.0000000               3
   91.0000000               3
   92.0000000               3
   93.0000000               3
   94.0000000               3
   95.0000000               3
   96.0000000               3
   97.0000000               3
   98.0000000               3
   99.0000000               3
   100.000000               3
   101.000000               3
   102.000000               3
   103.000000               3
   104.000000               3
   105.000000               3
   106.000000               3
   107.000000               3
   108.000000               3
   109.000000               3
   110.000000               3
   111.000000               3
   112.000000               3
   113.000000               3
   114.000000               3
   115.000000               3
   116.000000               3
   117.000000               3
   118.000000               4
   119.000000               5
   120.000000               6
   121.000000               6
   122.000000               6
   123.000000               6
   124.000000               6
   125.000000               6
   126.000000               6
   127.000000               6
   128.000000               6
   129.000000               6
   130.000000               6
   131.000000               6
   132.000000               6
   133.000000               6
   134.000000               6
   135.000000               6
   136.000000               6
   137.000000               6
   138.000000               6
   139.000000               6
   140.000000               6
   141.000000               6
   142.000000               6
   143.000000               6
   144.000000               6
   145.000000               6
   146.000000               6
   147.000000               6
   148.000000               6
   149.000000               6
   150.000000               6
   151.000000               6
   152.000000               7
   153.000000               8
   154.000000               9
   155.000000               9
   156.000000               9
   157.000000               9
   158.000000               9
   159.000000               9
   160.000000               9
   161.000000               9
   162.000000               9
   163.000000               9
   164.000000               9
   165.000000               9
   166.000000               9
   167.000000               9
   168.000000               9
   169.000000               9
   170.000000               9
   171.000000               9
   172.000000               9
   173.000000               9
   174.000000               9
   175.000000               9
   176.000000               9
   177.000000               9
   178.000000               9
   179.000000               9
   180.000000               9
   181.000000               9
   182.000000               9
   183.000000               9
   184.000000               9
   185.000000               9
   186.000000               9
   187.000000               9
   188.000000               9
   189.000000               9
   190.000000               9
   191.000000               9
   192.000000               9
   193.000000               9
   194.000000               9
   195.000000               9
   196.000000               9
   197.000000               9
   198.000000               9
   199.000000               9
   200.000000               9
   201.000000               9
   202.000000               9
   203.000000               9
   204.000000               9
   205.000000               9
   206.000000               9
   207.000000               9
   208.000000               9
   209.000000               9
   210.000000               9
   211.000000               9
   212.000000               9
   213.000000               9
   214.000000               9
   215.000000               9
   216.000000               9
   217.000000               9
   218.000000               9
   219.000000               9
   220.000000               9
   221.000000               9
   222.000000               9
   223.000000               9
   224.000000               9
   225.000000               9
   226.000000               9
   227.000000               9
   228.000000               9
   229.000000               9
   230.000000               9
   231.000000               9
   232.000000               9
   233.000000               9
   234.000000               9
   235.000000               9
   236.000000               9
   237.000000               9
   238.000000               9
   239.000000               9
   240.000000               9
   241.000000               9
   242.000000               9
   243.000000               9
   244.000000               9
   245.000000               9
   246.000000               9
   247.000000               9
   248.000000               9
   249.000000               9
   250.000000               9
   251.000000               9
   252.000000               9
   253.000000               9
   254.000000               9
   255.000000               9
   256.000000               9
   257.000000               9
   258.000000               9
   259.000000               9
   260.000000               9
   261.000000              10
   262.000000              11
   263.000000              12
   264.000000              13
   265.000000              13
   266.000000              13
   267.000000              13
   268.000000              13
   269.000000              13
   270.000000              13
   271.000000              13
   272.000000              13
   273.000000              13
   274.000000              13
   275.000000              13
   276.000000              13
   277.000000              13
   278.000000              13
   279.000000              13
   280.000000              13
   281.000000              13
   282.000000              13
   283.000000              13
   284.000000              13
   285.000000              13
   286.000000              13
   287.000000              13
   288.000000              13
   289.000000              13
   290.000000              13
   291.000000              13
   292.000000              13
   293.000000              13
   294.000000              13
   295.000000              13
   296.000000              13
   297.000000              13
   298.000000              13
   299.000000              13
   300.000000              13
   301.000000              13
   302.000000              13
   303.000000              13
   304.000000              13
   305.000000              13
   306.000000              13
   307.000000              13
   308.000000              13
   309.000000              13
   310.000000              13
   311.000000              13
   312.000000              13
   313.000000              13
   314.000000              13
   315.000000              13
   316.000000              13
   317.000000              13
   318.000000              13
   319.000000              13
   320.000000              13
   321.000000              13
   322.000000              13
   323.000000              13
   324.000000              13
   325.000000              13
   326.000000              13
   327.000000              13
   328.000000              13
   329.000000              13
   330.000000              13
   331.000000              13
   332.000000              13
   333.000000              13
   334.000000              13
   335.000000              13
   336.000000              13
   337.000000              13
   338.000000              13
   339.000000              13
   340.000000              13
   341.000000              13
   342.000000              13
   343.000000              13
   344.000000              13
   345.000000              13
   346.000000              13
   347.000000              13
   348.000000              13
   349.000000              13
   350.000000              13
   351.000000              13
   352.000000              13
   353.000000              13
   354.000000              13
   355.000000              13
   356.000000              13
   357.000000              13
   358.000000              13
   359.000000              13
   360.000000              13
   361.000000              13
   362.000000              13
   363.000000              13
   364.000000              13
   365.000000              13
   366.000000              13
   367.000000              13
   368.000000              13
   369.000000              13
   370.000000              13
   371.000000              13
   372.000000              14
   373.000000              15
   374.000000              16
   375.000000              16
   376.000000              16
   377.000000              16
   378.000000              16
   379.000000              16
   380.000000              16
   381.000000              16
   382.000000              16
   383.000000              16
   384.000000              16
   385.000000              16
   386.000000              16
   387.000000              16
   388.000000              16
   389.000000              16
   390.000000              16
   391.000000              16
   392.000000              16
   393.000000              16
   394.000000              16
   395.000000              16
   396.000000              16
   397.000000              16
   398.000000              16
   399.000000              16
   400.000000              16
   401.000000              17
   402.000000              18
   403.000000              19
   404.000000              19
   405.000000              19
   406.000000              19
   407.000000              19
   408.000000              19
   409.000000              19
   410.000000              19
   411.000000              19
   412.000000              19
   413.000000              19
   414.000000              19
   415.000000              19
   416.000000              19
   417.000000              19
   418.000000              19
   419.000000              19
   420.000000              19
   421.000000              19
   422.000000              19
   423.000000              19
   424.000000              19
   425.000000              19
   426.000000              19
   427.000000              19
   428.000000              19
   429.000000              19
   430.000000              19
   431.000000              19
   432.000000              19
   433.000000              19
   434.000000              19
   435.000000              19
   436.000000              19
   437.000000              19
   438.000000              19
   439.000000              19
   440.000000              19
   441.000000              19
   442.000000              19
   443.000000              19
   444.000000              19
   445.000000              19
   446.000000              19
   447.000000              19
   448.000000              19
   449.000000              19
   450.000000              19
   451.000000              19
   452.000000              19
   453.000000              19
   454.000000              19
   455.000000              19
   456.000000              19
   457.000000              19
   458.000000              19
   459.000000              19
   460.000000              19
   461.000000              19
   462.000000              19
   463.000000              19
   464.000000              19
   465.000000              19
   466.000000              19
   467.000000              19
   468.000000              19
   469.000000              19
   470.000000              19
   471.000000              19
   472.000000              19
   473.000000              19
   474.000000              19
   475.000000              19
   476.000000              19
   477.000000              19
   478.000000              19
   479.000000              19
   480.000000              19
   481.000000              19
   482.000000              19
   483.000000              19
   484.000000              19
   485.000000              19
   486.000000              19
   487.000000              19
   488.000000              19
   489.000000              19
   490.000000              20
   491.000000              21
   492.000000              22
   493.000000              22
   494.000000              22
   495.000000              22
   496.000000              22
   497.000000              22
   498.000000              22
   499.000000              22
   500.000000              22
   501.000000              22
   502.000000              22
   503.000000              22
   504.000000              22
   505.000000              22
   506.000000              22
   507.000000              22
   508.000000              22
   509.000000              22
   510.000000              22
   511.000000              22
   512.000000              22
   513.000000              22
   514.000000              22
   515.000000              22
   516.000000              22
   517.000000              22
   518.000000              22
   519.000000              22
   520.000000              22
   521.000000              22
   522.000000              22
   523.000000              22
   524.000000              22
   525.000000              22
   526.000000              22
   527.000000              22
   528.000000              22
   529.000000              22
   530.000000              22
   531.000000              22
   532.000000              22
   533.000000              22
   534.000000              22
   535.000000              22
   536.000000              22
   537.000000              22
   538.000000              22
   539.000000              22
   540.000000              22
   541.000000              22
   542.000000              22
   543.000000              22
   544.000000              22
   545.000000              22
   546.000000              22
   547.000000              22
   548.000000              22
   549.000000              22
   550.000000              22
   551.000000              22
   552.000000              22
   553.000000              22
   554.000000              22
   555.000000              22
   556.000000              22
   557.000000              22
   558.000000              22
   559.000000              22
   560.000000              22
   561.000000              22
   562.000000              22
   563.000000              22
   564.000000              22
   565.000000              22
   566.000000              22
   567.000000              22
   568.000000              22
   569.000000              22
   570.000000              22
   571.000000              22
   572.000000              22
   573.000000              22
   574.000000              23
   575.000000              24
   576.000000              25
   577.000000              25
   578.000000              25
   579.000000              25
   580.000000              25
   581.000000              25
   582.000000              25
   583.000000              25
   584.000000              25
   585.000000              25
   586.000000              25
   587.000000              25
   588.000000              25
   589.000000              25
   590.000000              25
   591.000000              25
   592.000000              25
   593.000000              25
   594.000000              25
   595.000000              25
   596.000000              25
   597.000000              25
   598.000000              25
   599.000000              25
   600.000000              25
   601.000000              25
   602.000000              25
   603.000000              25
   604.000000              25
   605.000000              25
   606.000000              25
   607.000000              25
   608.000000              25
   609.000000              25
   610.000000              25
   611.000000              25
   612.000000              25
   613.000000              25
   614.000000              25
   615.000000              25
   616.000000              25
   617.000000              25
   618.000000              25
   619.000000              25
   620.000000              25
   621.000000              25
   622.000000              25
   623.000000              25
   624.000000              25
   625.000000              25
   626.000000              25
   627.000000              25
   628.000000              25
   629.000000              25
   630.000000              25
   631.000000              25
   632.000000              25
   633.000000              25
   634.000000              25
   635.000000              25
   636.000000              25
   637.000000              25
   638.000000              25
   639.000000              25
   640.000000              25
   641.000000              25
   642.000000              25
   643.000000              25
   644.000000              25
   645.000000              25
   646.000000              25
   647.000000              25
   648.000000              25
   649.000000              25
   650.000000              25
   651.000000              25
   652.000000              25
   653.000000              25
   654.000000              25
   655.000000              25
   656.000000              25
   657.000000              25
   658.000000              25
   659.000000              25
   660.000000              25
   661.000000              25
   662.000000              25
   663.000000              25
   664.000000              25
   665.000000              25
   666.000000              25
   667.000000              25
   668.000000              25
   669.000000              25
   670.000000              25
   671.000000              25
   672.000000              25
   673.000000              25
   674.000000              25
   675.000000              25
   676.000000              25
   677.000000              25
   678.000000              25
   679.000000              25
   680.000000              25
   681.000000              25
   682.000000              25
   683.000000              25
   684.000000              25
   685.000000              25
   686.000000              25
   687.000000              25
   688.000000              25
   689.000000              25
   690.000000              25
   691.000000              25
   692.000000              25
   693.000000              25
   694.000000              25
   695.000000              25
   696.000000              25
   697.000000              25
   698.000000              25
   699.000000              25
   700.000000              25
   701.000000              25
   702.000000              25
   703.000000              25
   704.000000              25
   705.000000              25
   706.000000              25
   707.000000              25
   708.000000              25
   709.000000              25
   710.000000              25
   711.000000              25
   712.000000              25
   713.000000              25
   714.000000              25
   715.000000              25
   716.000000              25
   717.000000              25
   718.000000              25
   719.000000              26
   720.000000              27
   721.000000              28
   722.000000              28
   723.000000              28
   724.000000              28
   725.000000              28
   726.000000              28
   727.000000              28
   728.000000              28
   729.000000              28
   730.000000              28
   731.000000              28
   732.000000              28
   733.000000              28
   734.000000              28
   735.000000              28
   736.000000              28
   737.000000              28
   738.000000              28
   739.000000              28
   740.000000              28
   741.000000              28
   742.000000              28
   743.000000              28
   744.000000              28
   745.000000              28
   746.000000              28
   747.000000              28
   748.000000              28
   749.000000              28
   750.000000              28
   751.000000              28
   752.000000              28
   753.000000              28
   754.000000              28
   755.000000              28
   756.000000              28
   757.000000              28
   758.000000              28
   759.000000              28
   760.000000              28
   761.000000              28
   762.000000              28
   763.000000              28
   764.000000              28
   765.000000              28
   766.000000              28
   767.000000              28
   768.000000              28
   769.000000              28
   770.000000              28
   771.000000              28
   772.000000              28
   773.000000              28
   774.000000              28
   775.000000              28
   776.000000              28
   777.000000              29
   778.000000              30
   779.000000              31
   780.000000              32
   781.000000              33
   782.000000              34
   783.000000              35
   784.000000              35
   785.000000              35
   786.000000              35
   787.000000              35
   788.000000              35
   789.000000              35
   790.000000              35
   791.000000              35
   792.000000              35
   793.000000              35
   794.000000              35
   795.000000              35
   796.000000              35
   797.000000              35
   798.000000              35
   799.000000              35
   800.000000              35
   801.000000              35
   802.000000              35
   803.000000              35
   804.000000              35
   805.000000              35
   806.000000              35
   807.000000              35
   808.000000              35
   809.000000              35
   810.000000              35
   811.000000              35
   812.000000              35
   813.000000              35
   814.000000              35
   815.000000              35
   816.000000              35
   817.000000              35
   818.000000              35
   819.000000              35
   820.000000              35
   821.000000              35
   822.000000              35
   823.000000              35
   824.000000              35
   825.000000              35
   826.000000              35
   827.000000              35
   828.000000              35
   829.000000              35
   830.000000              35
   831.000000              36
   832.000000              37
   833.000000              38
   834.000000              38
   835.000000              38
   836.000000              38
   837.000000              38
   838.000000              38
   839.000000              38
   840.000000              38
   841.000000              38
   842.000000              38
   843.000000              38
   844.000000              38
   845.000000              38
   846.000000              38
   847.000000              38
   848.000000              38
   849.000000              38
   850.000000              38
   851.000000              38
   852.000000              38
   853.000000              38
   854.000000              38
   855.000000              38
   856.000000              38
   857.000000              38
   858.000000              38
   859.000000              38
   860.000000              38
   861.000000              38
   862.000000              38
   863.000000              38
   864.000000              38
   865.000000              38
   866.000000              38
   867.000000              38
   868.000000              38
   869.000000              38
   870.000000              38
   871.000000              38
   872.000000              38
   873.000000              38
   874.000000              38
   875.000000              38
   876.000000              38
   877.000000              38
   878.000000              38
   879.000000              38
   880.000000              38
   881.000000              38
   882.000000              38
   883.000000              38
   884.000000              38
   885.000000              38
   886.000000              38
   887.000000              38
   888.000000              38
   889.000000              39
   890.000000              40
   891.000000              41
   892.000000              41
   893.000000              41
   894.000000              41
   895.000000              41
   896.000000              41
   897.000000              41
   898.000000              41
   899.000000              41
   900.000000              41
   901.000000              41
   902.000000              41
   903.000000              41
   904.000000              41
   905.000000              41
   906.000000              41
   907.000000              41
   908.000000              41
   909.000000              41
   910.000000              41
   911.000000              41
   912.000000              41
   913.000000              41
   914.000000              41
   915.000000              41
   916.000000              41
   917.000000              41
   918.000000              41
   919.000000              41
   920.000000              41
   921.000000              41
   922.000000              41
   923.000000              41
   924.000000              41
   925.000000              41
   926.000000              41
   927.000000              41
   928.000000              41
   929.000000              42
   930.000000              43
   931.000000              44
   932.000000              44
   933.000000              44
   934.000000              44
   935.000000              44
   936.000000              44
   937.000000              44
   938.000000              44
   939.000000              44
   940.000000              44
   941.000000              44
   942.000000              44
   943.000000              44
   944.000000              44
   945.000000              44
   946.000000              44
   947.000000              44
   948.000000              44
   949.000000              44
   950.000000              44
   951.000000              44
   952.000000              44
   953.000000              44
   954.000000              44
   955.000000              44
   956.000000              44
   957.000000              44
   958.000000              44
   959.000000              44
   960.000000              44
   961.000000              44
   962.000000              44
   963.000000              44
   964.000000              44
   965.000000              44
   966.000000              44
   967.000000              44
   968.000000              44
   969.000000              44
   970.000000              44
   971.000000              44
   972.000000              44
   973.000000              44
   974.000000              44
   975.000000              44
   976.000000              44
   977.000000              44
   978.000000              44
   979.000000              44
   980.000000              44
   981.000000              45
   982.000000              46
   983.000000              47
   984.000000              47
   985.000000              47
   986.000000              47
   987.000000              47
   988.000000              47
   989.000000              47
   990.000000              47
   991.000000              47
   992.000000              47
   993.000000              47
   994.000000              47
   995.000000              47
   996.000000              47
   997.000000              47
   998.000000              47
   999.000000              47
   1000.00000              47
