 Permeation events over simulation time.
 t(ns) Number of events
   0.00000000               0
   1.00000000               0
   2.00000000               0
   3.00000000               0
   4.00000000               0
   5.00000000               0
   6.00000000               0
   7.00000000               0
   8.00000000               0
   9.00000000               0
   10.0000000               0
   11.0000000               0
   12.0000000               0
   13.0000000               0
   14.0000000               0
   15.0000000               0
   16.0000000               0
   17.0000000               0
   18.0000000               0
   19.0000000               0
   20.0000000               0
   21.0000000               0
   22.0000000               0
   23.0000000               0
   24.0000000               0
   25.0000000               0
   26.0000000               0
   27.0000000               0
   28.0000000               0
   29.0000000               0
   30.0000000               0
   31.0000000               0
   32.0000000               0
   33.0000000               0
   34.0000000               0
   35.0000000               0
   36.0000000               0
   37.0000000               0
   38.0000000               0
   39.0000000               0
   40.0000000               0
   41.0000000               0
   42.0000000               0
   43.0000000               0
   44.0000000               0
   45.0000000               0
   46.0000000               0
   47.0000000               0
   48.0000000               0
   49.0000000               0
   50.0000000               0
   51.0000000               0
   52.0000000               0
   53.0000000               0
   54.0000000               0
   55.0000000               0
   56.0000000               0
   57.0000000               0
   58.0000000               0
   59.0000000               0
   60.0000000               0
   61.0000000               0
   62.0000000               0
   63.0000000               0
   64.0000000               0
   65.0000000               0
   66.0000000               0
   67.0000000               0
   68.0000000               0
   69.0000000               0
   70.0000000               0
   71.0000000               0
   72.0000000               0
   73.0000000               0
   74.0000000               0
   75.0000000               0
   76.0000000               0
   77.0000000               0
   78.0000000               0
   79.0000000               0
   80.0000000               0
   81.0000000               0
   82.0000000               0
   83.0000000               0
   84.0000000               0
   85.0000000               0
   86.0000000               0
   87.0000000               0
   88.0000000               0
   89.0000000               1
   90.0000000               1
   91.0000000               1
   92.0000000               1
   93.0000000               1
   94.0000000               1
   95.0000000               1
   96.0000000               1
   97.0000000               1
   98.0000000               1
   99.0000000               1
   100.000000               1
   101.000000               1
   102.000000               1
   103.000000               2
   104.000000               2
   105.000000               2
   106.000000               2
   107.000000               2
   108.000000               2
   109.000000               2
   110.000000               2
   111.000000               2
   112.000000               2
   113.000000               2
   114.000000               2
   115.000000               2
   116.000000               2
   117.000000               2
   118.000000               2
   119.000000               2
   120.000000               2
   121.000000               2
   122.000000               2
   123.000000               2
   124.000000               2
   125.000000               2
   126.000000               2
   127.000000               2
   128.000000               2
   129.000000               2
   130.000000               2
   131.000000               2
   132.000000               2
   133.000000               2
   134.000000               2
   135.000000               2
   136.000000               2
   137.000000               2
   138.000000               2
   139.000000               2
   140.000000               2
   141.000000               2
   142.000000               2
   143.000000               2
   144.000000               2
   145.000000               2
   146.000000               2
   147.000000               2
   148.000000               2
   149.000000               2
   150.000000               2
   151.000000               2
   152.000000               2
   153.000000               2
   154.000000               2
   155.000000               4
   156.000000               4
   157.000000               4
   158.000000               4
   159.000000               4
   160.000000               4
   161.000000               4
   162.000000               4
   163.000000               4
   164.000000               4
   165.000000               4
   166.000000               4
   167.000000               4
   168.000000               4
   169.000000               4
   170.000000               4
   171.000000               4
   172.000000               4
   173.000000               4
   174.000000               4
   175.000000               4
   176.000000               4
   177.000000               4
   178.000000               4
   179.000000               4
   180.000000               4
   181.000000               4
   182.000000               4
   183.000000               4
   184.000000               4
   185.000000               4
   186.000000               4
   187.000000               4
   188.000000               4
   189.000000               4
   190.000000               4
   191.000000               4
   192.000000               4
   193.000000               4
   194.000000               4
   195.000000               4
   196.000000               4
   197.000000               4
   198.000000               4
   199.000000               4
   200.000000               4
   201.000000               4
   202.000000               4
   203.000000               4
   204.000000               4
   205.000000               4
   206.000000               4
   207.000000               4
   208.000000               4
   209.000000               4
   210.000000               4
   211.000000               4
   212.000000               4
   213.000000               4
   214.000000               4
   215.000000               4
   216.000000               4
   217.000000               4
   218.000000               5
   219.000000               5
   220.000000               5
   221.000000               5
   222.000000               5
   223.000000               5
   224.000000               5
   225.000000               5
   226.000000               5
   227.000000               5
   228.000000               5
   229.000000               5
   230.000000               5
   231.000000               5
   232.000000               5
   233.000000               5
   234.000000               5
   235.000000               5
   236.000000               5
   237.000000               5
   238.000000               5
   239.000000               5
   240.000000               5
   241.000000               5
   242.000000               5
   243.000000               5
   244.000000               6
   245.000000               6
   246.000000               6
   247.000000               6
   248.000000               6
   249.000000               6
   250.000000               6
   251.000000               6
   252.000000               7
   253.000000               7
   254.000000               7
   255.000000               7
   256.000000               7
   257.000000               7
   258.000000               7
   259.000000               7
   260.000000               7
   261.000000               7
   262.000000               7
   263.000000               7
   264.000000               7
   265.000000               7
   266.000000               7
   267.000000               7
   268.000000               7
   269.000000               7
   270.000000               7
   271.000000               7
   272.000000               7
   273.000000               7
   274.000000               7
   275.000000               7
   276.000000               7
   277.000000               7
   278.000000               7
   279.000000               7
   280.000000               7
   281.000000               7
   282.000000               7
   283.000000               7
   284.000000               7
   285.000000               7
   286.000000               7
   287.000000               7
   288.000000               7
   289.000000               7
   290.000000               7
   291.000000               7
   292.000000               7
   293.000000               7
   294.000000               7
   295.000000               7
   296.000000               7
   297.000000               7
   298.000000               7
   299.000000               7
   300.000000               7
   301.000000               7
   302.000000               7
   303.000000               7
   304.000000               7
   305.000000               7
   306.000000               7
   307.000000               7
   308.000000               7
   309.000000               7
   310.000000               7
   311.000000               7
   312.000000               7
   313.000000               7
   314.000000               7
   315.000000               7
   316.000000               7
   317.000000               7
   318.000000               7
   319.000000               7
   320.000000               7
   321.000000               7
   322.000000               7
   323.000000               7
   324.000000               7
   325.000000               7
   326.000000               7
   327.000000               7
   328.000000               7
   329.000000               7
   330.000000               7
   331.000000               7
   332.000000               7
   333.000000               7
   334.000000               7
   335.000000               7
   336.000000               7
   337.000000               7
   338.000000               7
   339.000000               7
   340.000000               7
   341.000000               7
   342.000000               7
   343.000000               7
   344.000000               7
   345.000000               7
   346.000000               7
   347.000000               7
   348.000000               7
   349.000000               7
   350.000000               7
   351.000000               7
   352.000000               7
   353.000000               7
   354.000000               7
   355.000000               7
   356.000000               8
   357.000000               8
   358.000000               8
   359.000000               8
   360.000000               8
   361.000000               8
   362.000000               8
   363.000000               8
   364.000000               8
   365.000000               8
   366.000000               8
   367.000000               8
   368.000000               8
   369.000000               8
   370.000000               8
   371.000000               8
   372.000000               8
   373.000000               8
   374.000000               8
   375.000000               8
   376.000000               8
   377.000000               8
   378.000000               8
   379.000000               8
   380.000000               8
   381.000000               8
   382.000000               8
   383.000000               8
   384.000000               8
   385.000000               8
   386.000000               8
   387.000000               8
   388.000000               8
   389.000000               8
   390.000000               8
   391.000000               8
   392.000000               8
   393.000000               8
   394.000000               8
   395.000000               8
   396.000000               8
   397.000000               8
   398.000000               8
   399.000000               9
   400.000000               9
   401.000000               9
   402.000000               9
   403.000000               9
   404.000000               9
   405.000000               9
   406.000000               9
   407.000000               9
   408.000000               9
   409.000000               9
   410.000000               9
   411.000000               9
   412.000000              10
   413.000000              10
   414.000000              10
   415.000000              10
   416.000000              10
   417.000000              10
   418.000000              10
   419.000000              10
   420.000000              10
   421.000000              10
   422.000000              10
   423.000000              10
   424.000000              10
   425.000000              10
   426.000000              10
   427.000000              10
   428.000000              10
   429.000000              10
   430.000000              10
   431.000000              10
   432.000000              10
   433.000000              10
   434.000000              10
   435.000000              10
   436.000000              10
   437.000000              10
   438.000000              10
   439.000000              10
   440.000000              10
   441.000000              10
   442.000000              10
   443.000000              10
   444.000000              12
   445.000000              12
   446.000000              12
   447.000000              12
   448.000000              12
   449.000000              12
   450.000000              12
   451.000000              12
   452.000000              12
   453.000000              12
   454.000000              12
   455.000000              12
   456.000000              12
   457.000000              12
   458.000000              12
   459.000000              12
   460.000000              12
   461.000000              12
   462.000000              12
   463.000000              12
   464.000000              12
   465.000000              12
   466.000000              12
   467.000000              12
   468.000000              12
   469.000000              12
   470.000000              12
   471.000000              12
   472.000000              12
   473.000000              12
   474.000000              12
   475.000000              12
   476.000000              12
   477.000000              12
   478.000000              12
   479.000000              12
   480.000000              12
   481.000000              12
   482.000000              12
   483.000000              12
   484.000000              12
   485.000000              13
   486.000000              13
   487.000000              13
   488.000000              13
   489.000000              13
   490.000000              13
   491.000000              14
   492.000000              14
   493.000000              14
   494.000000              14
   495.000000              14
   496.000000              14
   497.000000              14
   498.000000              14
   499.000000              14
   500.000000              14
   501.000000              14
   502.000000              14
   503.000000              14
   504.000000              14
   505.000000              14
   506.000000              14
   507.000000              14
   508.000000              14
   509.000000              14
   510.000000              14
   511.000000              14
   512.000000              14
   513.000000              14
   514.000000              14
   515.000000              14
   516.000000              14
   517.000000              14
   518.000000              14
   519.000000              14
   520.000000              14
   521.000000              14
   522.000000              14
   523.000000              14
   524.000000              14
   525.000000              14
   526.000000              14
   527.000000              14
   528.000000              14
   529.000000              14
   530.000000              14
   531.000000              14
   532.000000              14
   533.000000              14
   534.000000              14
   535.000000              14
   536.000000              14
   537.000000              14
   538.000000              14
   539.000000              14
   540.000000              14
   541.000000              14
   542.000000              14
   543.000000              14
   544.000000              14
   545.000000              14
   546.000000              14
   547.000000              14
   548.000000              14
   549.000000              14
   550.000000              14
   551.000000              14
   552.000000              14
   553.000000              14
   554.000000              14
   555.000000              14
   556.000000              14
   557.000000              14
   558.000000              14
   559.000000              14
   560.000000              14
   561.000000              14
   562.000000              14
   563.000000              14
   564.000000              15
   565.000000              15
   566.000000              15
   567.000000              15
   568.000000              15
   569.000000              15
   570.000000              15
   571.000000              15
   572.000000              15
   573.000000              15
   574.000000              15
   575.000000              15
   576.000000              15
   577.000000              15
   578.000000              15
   579.000000              15
   580.000000              15
   581.000000              15
   582.000000              15
   583.000000              15
   584.000000              15
   585.000000              15
   586.000000              15
   587.000000              15
   588.000000              15
   589.000000              15
   590.000000              15
   591.000000              15
   592.000000              15
   593.000000              15
   594.000000              16
   595.000000              16
   596.000000              16
   597.000000              16
   598.000000              16
   599.000000              16
   600.000000              16
   601.000000              16
   602.000000              16
   603.000000              16
   604.000000              16
   605.000000              16
   606.000000              16
   607.000000              16
   608.000000              16
   609.000000              16
   610.000000              16
   611.000000              16
   612.000000              16
   613.000000              18
   614.000000              18
   615.000000              18
   616.000000              20
   617.000000              20
   618.000000              20
   619.000000              20
   620.000000              20
   621.000000              20
   622.000000              20
   623.000000              20
   624.000000              20
   625.000000              20
   626.000000              20
   627.000000              20
   628.000000              20
   629.000000              20
   630.000000              20
   631.000000              20
   632.000000              20
   633.000000              20
   634.000000              20
   635.000000              20
   636.000000              20
   637.000000              20
   638.000000              20
   639.000000              20
   640.000000              20
   641.000000              20
   642.000000              20
   643.000000              20
   644.000000              20
   645.000000              20
   646.000000              20
   647.000000              20
   648.000000              20
   649.000000              20
   650.000000              20
   651.000000              20
   652.000000              20
   653.000000              20
   654.000000              20
   655.000000              20
   656.000000              20
   657.000000              20
   658.000000              20
   659.000000              20
   660.000000              20
   661.000000              20
   662.000000              20
   663.000000              20
   664.000000              21
   665.000000              21
   666.000000              21
   667.000000              21
   668.000000              21
   669.000000              21
   670.000000              21
   671.000000              21
   672.000000              21
   673.000000              21
   674.000000              21
   675.000000              21
   676.000000              21
   677.000000              21
   678.000000              21
   679.000000              21
   680.000000              21
   681.000000              21
   682.000000              21
   683.000000              21
   684.000000              21
   685.000000              21
   686.000000              21
   687.000000              21
   688.000000              21
   689.000000              21
   690.000000              21
   691.000000              21
   692.000000              21
   693.000000              21
   694.000000              21
   695.000000              21
   696.000000              21
   697.000000              21
   698.000000              21
   699.000000              21
   700.000000              21
   701.000000              21
   702.000000              21
   703.000000              21
   704.000000              21
   705.000000              21
   706.000000              21
   707.000000              21
   708.000000              21
   709.000000              21
   710.000000              21
   711.000000              21
   712.000000              21
   713.000000              21
   714.000000              21
   715.000000              21
   716.000000              21
   717.000000              21
   718.000000              21
   719.000000              21
   720.000000              21
   721.000000              21
   722.000000              21
   723.000000              21
   724.000000              21
   725.000000              21
   726.000000              21
   727.000000              21
   728.000000              21
   729.000000              21
   730.000000              21
   731.000000              21
   732.000000              22
   733.000000              22
   734.000000              22
   735.000000              22
   736.000000              22
   737.000000              22
   738.000000              22
   739.000000              22
   740.000000              22
   741.000000              22
   742.000000              22
   743.000000              22
   744.000000              22
   745.000000              22
   746.000000              22
   747.000000              22
   748.000000              22
   749.000000              22
   750.000000              22
   751.000000              22
   752.000000              22
   753.000000              22
   754.000000              22
   755.000000              22
   756.000000              22
   757.000000              22
   758.000000              22
   759.000000              22
   760.000000              22
   761.000000              22
   762.000000              22
   763.000000              22
   764.000000              22
   765.000000              22
   766.000000              22
   767.000000              22
   768.000000              22
   769.000000              22
   770.000000              22
   771.000000              22
   772.000000              22
   773.000000              22
   774.000000              22
   775.000000              22
   776.000000              22
   777.000000              22
   778.000000              22
   779.000000              22
   780.000000              22
   781.000000              22
   782.000000              22
   783.000000              22
   784.000000              22
   785.000000              22
   786.000000              22
   787.000000              22
   788.000000              22
   789.000000              22
   790.000000              22
   791.000000              22
   792.000000              22
   793.000000              22
   794.000000              22
   795.000000              22
   796.000000              22
   797.000000              22
   798.000000              22
   799.000000              22
   800.000000              22
   801.000000              22
   802.000000              22
   803.000000              22
   804.000000              22
   805.000000              22
   806.000000              22
   807.000000              22
   808.000000              22
   809.000000              22
   810.000000              22
   811.000000              22
   812.000000              22
   813.000000              22
   814.000000              22
   815.000000              22
   816.000000              22
   817.000000              22
   818.000000              22
   819.000000              22
   820.000000              22
   821.000000              22
   822.000000              22
   823.000000              22
   824.000000              22
   825.000000              22
   826.000000              22
   827.000000              22
   828.000000              22
   829.000000              22
   830.000000              22
   831.000000              22
   832.000000              22
   833.000000              22
   834.000000              22
   835.000000              22
   836.000000              22
   837.000000              22
   838.000000              22
   839.000000              22
   840.000000              22
   841.000000              22
   842.000000              23
   843.000000              23
   844.000000              23
   845.000000              23
   846.000000              23
   847.000000              23
   848.000000              23
   849.000000              23
   850.000000              23
   851.000000              23
   852.000000              23
   853.000000              23
   854.000000              23
   855.000000              24
   856.000000              24
   857.000000              24
   858.000000              24
   859.000000              24
   860.000000              24
   861.000000              25
   862.000000              25
   863.000000              25
   864.000000              25
   865.000000              25
   866.000000              25
   867.000000              25
   868.000000              25
   869.000000              25
   870.000000              25
   871.000000              25
   872.000000              25
   873.000000              25
   874.000000              25
   875.000000              25
   876.000000              25
   877.000000              25
   878.000000              25
   879.000000              25
   880.000000              25
   881.000000              25
   882.000000              25
   883.000000              25
   884.000000              25
   885.000000              25
   886.000000              25
   887.000000              25
   888.000000              25
   889.000000              25
   890.000000              25
   891.000000              25
   892.000000              25
   893.000000              25
   894.000000              25
   895.000000              25
   896.000000              25
   897.000000              25
   898.000000              26
   899.000000              26
   900.000000              26
   901.000000              26
   902.000000              26
   903.000000              26
   904.000000              26
   905.000000              26
   906.000000              26
   907.000000              26
   908.000000              26
   909.000000              26
   910.000000              26
   911.000000              26
   912.000000              26
   913.000000              26
   914.000000              26
   915.000000              26
   916.000000              26
   917.000000              26
   918.000000              26
   919.000000              26
   920.000000              26
   921.000000              26
   922.000000              26
   923.000000              26
   924.000000              26
   925.000000              26
   926.000000              26
   927.000000              26
   928.000000              26
   929.000000              26
   930.000000              26
   931.000000              26
   932.000000              26
   933.000000              26
   934.000000              26
   935.000000              26
   936.000000              26
   937.000000              26
   938.000000              26
   939.000000              27
   940.000000              27
   941.000000              27
   942.000000              27
   943.000000              27
   944.000000              27
   945.000000              27
   946.000000              27
   947.000000              27
   948.000000              27
   949.000000              27
   950.000000              27
   951.000000              27
   952.000000              27
   953.000000              27
   954.000000              27
   955.000000              27
   956.000000              27
   957.000000              27
   958.000000              27
   959.000000              27
   960.000000              27
   961.000000              27
   962.000000              27
   963.000000              27
   964.000000              27
   965.000000              27
   966.000000              27
   967.000000              28
   968.000000              29
   969.000000              29
   970.000000              29
   971.000000              29
   972.000000              29
   973.000000              29
   974.000000              29
   975.000000              29
   976.000000              29
   977.000000              29
   978.000000              29
   979.000000              29
   980.000000              29
   981.000000              29
   982.000000              29
   983.000000              29
   984.000000              29
   985.000000              29
   986.000000              29
   987.000000              29
   988.000000              29
   989.000000              29
   990.000000              29
   991.000000              29
   992.000000              29
   993.000000              29
   994.000000              29
   995.000000              29
   996.000000              29
   997.000000              29
   998.000000              29
   999.000000              29
   1000.00000              29
