 Permeation events over simulation time.
 t(ns) Number of events
   0.00000000               0
  0.100000001               0
  0.200000003               0
  0.300000012               0
  0.400000006               0
  0.500000000               0
  0.600000024               0
  0.699999988               0
  0.800000012               0
  0.899999976               0
   1.00000000               0
   1.10000002               0
   1.20000005               0
   1.29999995               0
   1.39999998               0
   1.50000000               0
   1.60000002               0
   1.70000005               0
   1.79999995               0
   1.89999998               0
   2.00000000               0
   2.09999990               0
   2.20000005               0
   2.29999995               0
   2.40000010               0
   2.50000000               0
   2.59999990               0
   2.70000005               0
   2.79999995               0
   2.90000010               0
   3.00000000               0
   3.09999990               0
   3.20000005               0
   3.29999995               0
   3.40000010               0
   3.50000000               0
   3.59999990               0
   3.70000005               0
   3.79999995               0
   3.90000010               0
   4.00000000               0
   4.09999990               0
   4.19999981               0
   4.30000019               0
   4.40000010               0
   4.50000000               0
   4.59999990               0
   4.69999981               0
   4.80000019               0
   4.90000010               0
   5.00000000               0
   5.09999990               0
   5.19999981               0
   5.30000019               0
   5.40000010               0
   5.50000000               0
   5.59999990               0
   5.69999981               0
   5.80000019               0
   5.90000010               0
   6.00000000               0
   6.09999990               0
   6.19999981               0
   6.30000019               0
   6.40000010               0
   6.50000000               0
   6.59999990               0
   6.69999981               0
   6.80000019               0
   6.90000010               0
   7.00000000               0
   7.09999990               0
   7.19999981               0
   7.30000019               0
   7.40000010               1
   7.50000000               1
   7.59999990               1
   7.69999981               1
   7.80000019               1
   7.90000010               1
   8.00000000               1
   8.10000038               1
   8.19999981               1
   8.30000019               1
   8.39999962               1
   8.50000000               1
   8.60000038               1
   8.69999981               1
   8.80000019               1
   8.89999962               1
   9.00000000               1
   9.10000038               1
   9.19999981               1
   9.30000019               1
   9.39999962               1
   9.50000000               1
   9.60000038               1
   9.69999981               1
   9.80000019               1
   9.89999962               1
   10.0000000               1
   10.1000004               2
   10.1999998               2
   10.3000002               2
   10.3999996               2
   10.5000000               2
   10.6000004               2
   10.6999998               2
   10.8000002               2
   10.8999996               2
   11.0000000               2
   11.1000004               2
   11.1999998               2
   11.3000002               2
   11.3999996               2
   11.5000000               2
   11.6000004               2
   11.6999998               2
   11.8000002               2
   11.8999996               2
   12.0000000               2
   12.1000004               2
   12.1999998               2
   12.3000002               2
   12.3999996               2
   12.5000000               2
   12.6000004               2
   12.6999998               2
   12.8000002               2
   12.8999996               2
   13.0000000               2
   13.1000004               2
   13.1999998               2
   13.3000002               2
   13.3999996               2
   13.5000000               2
   13.6000004               2
   13.6999998               2
   13.8000002               2
   13.8999996               2
   14.0000000               2
   14.1000004               2
   14.1999998               2
   14.3000002               2
   14.3999996               2
   14.5000000               3
   14.6000004               3
   14.6999998               3
   14.8000002               3
   14.8999996               3
   15.0000000               3
   15.1000004               3
   15.1999998               3
   15.3000002               3
   15.3999996               3
   15.5000000               3
   15.6000004               3
   15.6999998               3
   15.8000002               3
   15.8999996               3
   16.0000000               3
   16.1000004               3
   16.2000008               3
   16.2999992               3
   16.3999996               3
   16.5000000               3
   16.6000004               3
   16.7000008               3
   16.7999992               3
   16.8999996               3
   17.0000000               3
   17.1000004               3
   17.2000008               3
   17.2999992               3
   17.3999996               3
   17.5000000               3
   17.6000004               3
   17.7000008               3
   17.7999992               3
   17.8999996               3
   18.0000000               3
   18.1000004               3
   18.2000008               3
   18.2999992               3
   18.3999996               3
   18.5000000               3
   18.6000004               3
   18.7000008               3
   18.7999992               3
   18.8999996               3
   19.0000000               3
   19.1000004               3
   19.2000008               3
   19.2999992               3
   19.3999996               3
   19.5000000               3
   19.6000004               4
   19.7000008               4
   19.7999992               4
   19.8999996               4
   20.0000000               4
   20.1000004               4
   20.2000008               4
   20.2999992               4
   20.3999996               4
   20.5000000               4
   20.6000004               4
   20.7000008               4
   20.7999992               4
   20.8999996               4
   21.0000000               4
   21.1000004               4
   21.2000008               4
   21.2999992               4
   21.3999996               4
   21.5000000               4
   21.6000004               4
   21.7000008               4
   21.7999992               4
   21.8999996               4
   22.0000000               4
   22.1000004               4
   22.2000008               4
   22.2999992               4
   22.3999996               4
   22.5000000               4
   22.6000004               4
   22.7000008               4
   22.7999992               4
   22.8999996               4
   23.0000000               4
   23.1000004               4
   23.2000008               4
   23.2999992               4
   23.3999996               4
   23.5000000               4
   23.6000004               4
   23.7000008               5
   23.7999992               5
   23.8999996               5
   24.0000000               5
   24.1000004               5
   24.2000008               5
   24.2999992               5
   24.3999996               5
   24.5000000               5
   24.6000004               5
   24.7000008               5
   24.7999992               5
   24.8999996               5
   25.0000000               5
   25.1000004               5
   25.2000008               5
   25.2999992               5
   25.3999996               5
   25.5000000               5
   25.6000004               5
   25.7000008               5
   25.7999992               5
   25.8999996               5
   26.0000000               5
   26.1000004               5
   26.2000008               5
   26.2999992               5
   26.3999996               5
   26.5000000               5
   26.6000004               5
   26.7000008               5
   26.7999992               5
   26.8999996               5
   27.0000000               5
   27.1000004               5
   27.2000008               5
   27.2999992               5
   27.3999996               5
   27.5000000               5
   27.6000004               5
   27.7000008               5
   27.7999992               5
   27.8999996               5
   28.0000000               5
   28.1000004               5
   28.2000008               5
   28.2999992               5
   28.3999996               5
   28.5000000               5
   28.6000004               5
   28.7000008               5
   28.7999992               5
   28.8999996               5
   29.0000000               5
   29.1000004               5
   29.2000008               5
   29.2999992               5
   29.3999996               5
   29.5000000               5
   29.6000004               5
   29.7000008               5
   29.7999992               5
   29.8999996               5
   30.0000000               6
   30.1000004               6
   30.2000008               6
   30.2999992               6
   30.3999996               6
   30.5000000               6
   30.6000004               6
   30.7000008               6
   30.7999992               6
   30.8999996               6
   31.0000000               6
   31.1000004               6
   31.2000008               6
   31.2999992               6
   31.3999996               6
   31.5000000               6
   31.6000004               6
   31.7000008               6
   31.7999992               6
   31.8999996               6
   32.0000000               6
   32.0999985               6
   32.2000008               6
   32.2999992               6
   32.4000015               6
   32.5000000               6
   32.5999985               6
   32.7000008               6
   32.7999992               6
   32.9000015               6
   33.0000000               6
   33.0999985               6
   33.2000008               6
   33.2999992               6
   33.4000015               6
   33.5000000               6
   33.5999985               6
   33.7000008               6
   33.7999992               6
   33.9000015               6
   34.0000000               6
   34.0999985               6
   34.2000008               6
   34.2999992               6
   34.4000015               6
   34.5000000               6
   34.5999985               6
   34.7000008               6
   34.7999992               6
   34.9000015               6
   35.0000000               6
   35.0999985               6
   35.2000008               6
   35.2999992               6
   35.4000015               6
   35.5000000               6
   35.5999985               6
   35.7000008               6
   35.7999992               6
   35.9000015               6
   36.0000000               6
   36.0999985               6
   36.2000008               6
   36.2999992               6
   36.4000015               6
   36.5000000               6
   36.5999985               6
   36.7000008               6
   36.7999992               6
   36.9000015               6
   37.0000000               6
   37.0999985               6
   37.2000008               6
   37.2999992               6
   37.4000015               6
   37.5000000               6
   37.5999985               6
   37.7000008               6
   37.7999992               6
   37.9000015               6
   38.0000000               6
   38.0999985               6
   38.2000008               6
   38.2999992               6
   38.4000015               6
   38.5000000               6
   38.5999985               6
   38.7000008               6
   38.7999992               6
   38.9000015               6
   39.0000000               6
   39.0999985               6
   39.2000008               6
   39.2999992               6
   39.4000015               6
   39.5000000               6
   39.5999985               6
   39.7000008               6
   39.7999992               6
   39.9000015               6
   40.0000000               6
   40.0999985               6
   40.2000008               6
   40.2999992               6
   40.4000015               6
   40.5000000               6
   40.5999985               6
   40.7000008               6
   40.7999992               6
   40.9000015               6
   41.0000000               6
   41.0999985               6
   41.2000008               6
   41.2999992               6
   41.4000015               6
   41.5000000               6
   41.5999985               6
   41.7000008               6
   41.7999992               6
   41.9000015               6
   42.0000000               6
   42.0999985               6
   42.2000008               6
   42.2999992               6
   42.4000015               6
   42.5000000               6
   42.5999985               6
   42.7000008               6
   42.7999992               6
   42.9000015               6
   43.0000000               6
   43.0999985               6
   43.2000008               6
   43.2999992               6
   43.4000015               7
   43.5000000               7
   43.5999985               7
   43.7000008               7
   43.7999992               7
   43.9000015               7
   44.0000000               7
   44.0999985               7
   44.2000008               7
   44.2999992               7
   44.4000015               7
   44.5000000               7
   44.5999985               7
   44.7000008               7
   44.7999992               7
   44.9000015               7
   45.0000000               7
   45.0999985               7
   45.2000008               7
   45.2999992               7
   45.4000015               7
   45.5000000               7
   45.5999985               7
   45.7000008               7
   45.7999992               7
   45.9000015               7
   46.0000000               7
   46.0999985               7
   46.2000008               7
   46.2999992               7
   46.4000015               7
   46.5000000               7
   46.5999985               7
   46.7000008               7
   46.7999992               7
   46.9000015               7
   47.0000000               7
   47.0999985               7
   47.2000008               7
   47.2999992               7
   47.4000015               7
   47.5000000               7
   47.5999985               7
   47.7000008               7
   47.7999992               7
   47.9000015               7
   48.0000000               7
   48.0999985               7
   48.2000008               7
   48.2999992               7
   48.4000015               7
   48.5000000               7
   48.5999985               7
   48.7000008               7
   48.7999992               7
   48.9000015               7
   49.0000000               7
   49.0999985               8
   49.2000008               8
   49.2999992               8
   49.4000015               8
   49.5000000               8
   49.5999985               8
   49.7000008               8
   49.7999992               8
   49.9000015               8
   50.0000000               8
   50.0999985               8
   50.2000008               8
   50.2999992               8
   50.4000015               8
   50.5000000               8
   50.5999985               8
   50.7000008               8
   50.7999992               8
   50.9000015               8
   51.0000000               8
   51.0999985               8
   51.2000008               8
   51.2999992               8
   51.4000015               8
   51.5000000               8
   51.5999985               8
   51.7000008               8
   51.7999992               8
   51.9000015               8
   52.0000000               8
   52.0999985               8
   52.2000008               8
   52.2999992               8
   52.4000015               8
   52.5000000               8
   52.5999985               8
   52.7000008               8
   52.7999992               8
   52.9000015               8
   53.0000000               8
   53.0999985               8
   53.2000008               8
   53.2999992               9
   53.4000015               9
   53.5000000               9
   53.5999985               9
   53.7000008               9
   53.7999992               9
   53.9000015               9
   54.0000000               9
   54.0999985               9
   54.2000008               9
   54.2999992               9
   54.4000015               9
   54.5000000               9
   54.5999985               9
   54.7000008               9
   54.7999992               9
   54.9000015               9
   55.0000000               9
   55.0999985               9
   55.2000008               9
   55.2999992               9
   55.4000015               9
   55.5000000               9
   55.5999985               9
   55.7000008               9
   55.7999992               9
   55.9000015               9
   56.0000000               9
   56.0999985               9
   56.2000008               9
   56.2999992               9
   56.4000015               9
   56.5000000               9
   56.5999985               9
   56.7000008               9
   56.7999992               9
   56.9000015               9
   57.0000000               9
   57.0999985               9
   57.2000008               9
   57.2999992               9
   57.4000015               9
   57.5000000               9
   57.5999985               9
   57.7000008               9
   57.7999992               9
   57.9000015               9
   58.0000000               9
   58.0999985               9
   58.2000008               9
   58.2999992               9
   58.4000015               9
   58.5000000               9
   58.5999985               9
   58.7000008               9
   58.7999992               9
   58.9000015               9
   59.0000000               9
   59.0999985               9
   59.2000008               9
   59.2999992               9
   59.4000015               9
   59.5000000               9
   59.5999985               9
   59.7000008               9
   59.7999992               9
   59.9000015               9
   60.0000000               9
   60.0999985               9
   60.2000008               9
   60.2999992               9
   60.4000015               9
   60.5000000               9
   60.5999985               9
   60.7000008               9
   60.7999992               9
   60.9000015               9
   61.0000000               9
   61.0999985               9
   61.2000008               9
   61.2999992               9
   61.4000015               9
   61.5000000               9
   61.5999985               9
   61.7000008               9
   61.7999992               9
   61.9000015               9
   62.0000000               9
   62.0999985               9
   62.2000008               9
   62.2999992               9
   62.4000015               9
   62.5000000               9
   62.5999985               9
   62.7000008               9
   62.7999992               9
   62.9000015               9
   63.0000000               9
   63.0999985               9
   63.2000008               9
   63.2999992               9
   63.4000015               9
   63.5000000               9
   63.5999985               9
   63.7000008               9
   63.7999992               9
   63.9000015               9
   64.0000000               9
   64.0999985               9
   64.1999969               9
   64.3000031               9
   64.4000015               9
   64.5000000               9
   64.5999985               9
   64.6999969               9
   64.8000031               9
   64.9000015               9
   65.0000000               9
   65.0999985               9
   65.1999969               9
   65.3000031               9
   65.4000015               9
   65.5000000               9
   65.5999985               9
   65.6999969               9
   65.8000031               9
   65.9000015               9
   66.0000000               9
   66.0999985               9
   66.1999969               9
   66.3000031               9
   66.4000015               9
   66.5000000               9
   66.5999985               9
   66.6999969               9
   66.8000031               9
   66.9000015               9
   67.0000000               9
   67.0999985               9
   67.1999969               9
   67.3000031               9
   67.4000015               9
   67.5000000               9
   67.5999985               9
   67.6999969               9
   67.8000031               9
   67.9000015               9
   68.0000000               9
   68.0999985               9
   68.1999969               9
   68.3000031               9
   68.4000015               9
   68.5000000               9
   68.5999985               9
   68.6999969               9
   68.8000031               9
   68.9000015               9
   69.0000000               9
   69.0999985               9
   69.1999969               9
   69.3000031               9
   69.4000015               9
   69.5000000               9
   69.5999985               9
   69.6999969               9
   69.8000031               9
   69.9000015               9
   70.0000000               9
   70.0999985               9
   70.1999969               9
   70.3000031               9
   70.4000015               9
   70.5000000               9
   70.5999985               9
   70.6999969               9
   70.8000031               9
   70.9000015               9
   71.0000000               9
   71.0999985               9
   71.1999969               9
   71.3000031               9
   71.4000015               9
   71.5000000               9
   71.5999985               9
   71.6999969               9
   71.8000031               9
   71.9000015               9
   72.0000000               9
   72.0999985               9
   72.1999969               9
   72.3000031               9
   72.4000015               9
   72.5000000               9
   72.5999985               9
   72.6999969               9
   72.8000031               9
   72.9000015               9
   73.0000000               9
   73.0999985               9
   73.1999969               9
   73.3000031               9
   73.4000015               9
   73.5000000               9
   73.5999985               9
   73.6999969               9
   73.8000031               9
   73.9000015              10
   74.0000000              10
   74.0999985              10
   74.1999969              10
   74.3000031              10
   74.4000015              10
   74.5000000              10
   74.5999985              10
   74.6999969              10
   74.8000031              10
   74.9000015              10
   75.0000000              10
   75.0999985              10
   75.1999969              10
   75.3000031              10
   75.4000015              10
   75.5000000              10
   75.5999985              10
   75.6999969              10
   75.8000031              10
   75.9000015              10
   76.0000000              10
   76.0999985              10
   76.1999969              10
   76.3000031              10
   76.4000015              10
   76.5000000              10
   76.5999985              10
   76.6999969              10
   76.8000031              10
   76.9000015              10
   77.0000000              10
   77.0999985              10
   77.1999969              10
   77.3000031              10
   77.4000015              10
   77.5000000              10
   77.5999985              10
   77.6999969              10
   77.8000031              10
   77.9000015              10
   78.0000000              10
   78.0999985              10
   78.1999969              10
   78.3000031              10
   78.4000015              10
   78.5000000              10
   78.5999985              10
   78.6999969              10
   78.8000031              10
   78.9000015              10
   79.0000000              10
   79.0999985              10
   79.1999969              10
   79.3000031              10
   79.4000015              10
   79.5000000              10
   79.5999985              10
   79.6999969              10
   79.8000031              10
   79.9000015              11
   80.0000000              11
   80.0999985              11
   80.1999969              11
   80.3000031              11
   80.4000015              11
   80.5000000              11
   80.5999985              11
   80.6999969              11
   80.8000031              11
   80.9000015              11
   81.0000000              11
   81.0999985              11
   81.1999969              11
   81.3000031              11
   81.4000015              11
   81.5000000              11
   81.5999985              11
   81.6999969              11
   81.8000031              11
   81.9000015              11
   82.0000000              11
   82.0999985              11
   82.1999969              11
   82.3000031              11
   82.4000015              11
   82.5000000              11
   82.5999985              11
   82.6999969              11
   82.8000031              11
   82.9000015              11
   83.0000000              11
   83.0999985              11
   83.1999969              11
   83.3000031              11
   83.4000015              11
   83.5000000              11
   83.5999985              11
   83.6999969              11
   83.8000031              11
   83.9000015              11
   84.0000000              11
   84.0999985              11
   84.1999969              11
   84.3000031              11
   84.4000015              11
   84.5000000              11
   84.5999985              11
   84.6999969              11
   84.8000031              11
   84.9000015              11
   85.0000000              11
   85.0999985              11
   85.1999969              11
   85.3000031              11
   85.4000015              11
   85.5000000              11
   85.5999985              11
   85.6999969              11
   85.8000031              11
   85.9000015              11
   86.0000000              11
   86.0999985              11
   86.1999969              11
   86.3000031              11
   86.4000015              11
   86.5000000              11
   86.5999985              11
   86.6999969              11
   86.8000031              11
   86.9000015              11
   87.0000000              11
   87.0999985              11
   87.1999969              11
   87.3000031              11
   87.4000015              11
   87.5000000              11
   87.5999985              11
   87.6999969              11
   87.8000031              11
   87.9000015              11
   88.0000000              11
   88.0999985              11
   88.1999969              11
   88.3000031              11
   88.4000015              11
   88.5000000              11
   88.5999985              11
   88.6999969              11
   88.8000031              11
   88.9000015              11
   89.0000000              11
   89.0999985              11
   89.1999969              11
   89.3000031              11
   89.4000015              11
   89.5000000              11
   89.5999985              11
   89.6999969              11
   89.8000031              11
   89.9000015              11
   90.0000000              11
   90.0999985              11
   90.1999969              11
   90.3000031              11
   90.4000015              11
   90.5000000              11
   90.5999985              11
   90.6999969              11
   90.8000031              11
   90.9000015              11
   91.0000000              11
   91.0999985              11
   91.1999969              11
   91.3000031              11
   91.4000015              11
   91.5000000              11
   91.5999985              11
   91.6999969              11
   91.8000031              11
   91.9000015              11
   92.0000000              11
   92.0999985              11
   92.1999969              11
   92.3000031              11
   92.4000015              11
   92.5000000              11
   92.5999985              11
   92.6999969              11
   92.8000031              11
   92.9000015              11
   93.0000000              11
   93.0999985              11
   93.1999969              11
   93.3000031              11
   93.4000015              11
   93.5000000              11
   93.5999985              11
   93.6999969              11
   93.8000031              11
   93.9000015              11
   94.0000000              11
   94.0999985              11
   94.1999969              11
   94.3000031              11
   94.4000015              11
   94.5000000              11
   94.5999985              11
   94.6999969              11
   94.8000031              11
   94.9000015              11
   95.0000000              11
   95.0999985              11
   95.1999969              11
   95.3000031              11
   95.4000015              11
   95.5000000              11
   95.5999985              11
   95.6999969              11
   95.8000031              11
   95.9000015              11
   96.0000000              11
   96.0999985              11
   96.1999969              11
   96.3000031              11
   96.4000015              11
   96.5000000              11
   96.5999985              11
   96.6999969              11
   96.8000031              11
   96.9000015              11
   97.0000000              11
   97.0999985              11
   97.1999969              11
   97.3000031              11
   97.4000015              11
   97.5000000              11
   97.5999985              11
   97.6999969              11
   97.8000031              11
   97.9000015              11
   98.0000000              11
   98.0999985              11
   98.1999969              11
   98.3000031              11
   98.4000015              11
   98.5000000              11
   98.5999985              11
   98.6999969              11
   98.8000031              11
   98.9000015              11
   99.0000000              11
   99.0999985              11
   99.1999969              11
   99.3000031              11
   99.4000015              11
   99.5000000              11
   99.5999985              11
   99.6999969              11
   99.8000031              11
   99.9000015              11
   100.000000              11
   100.099998              11
   100.199997              11
   100.300003              11
   100.400002              11
   100.500000              11
   100.599998              11
   100.699997              11
   100.800003              11
   100.900002              11
   101.000000              11
   101.099998              11
   101.199997              11
   101.300003              11
   101.400002              11
   101.500000              11
   101.599998              11
   101.699997              11
   101.800003              11
   101.900002              11
   102.000000              11
   102.099998              11
   102.199997              11
   102.300003              11
   102.400002              11
   102.500000              11
   102.599998              11
   102.699997              11
   102.800003              11
   102.900002              11
   103.000000              11
   103.099998              11
   103.199997              11
   103.300003              11
   103.400002              11
   103.500000              11
   103.599998              11
   103.699997              11
   103.800003              11
   103.900002              11
   104.000000              11
   104.099998              11
   104.199997              11
   104.300003              11
   104.400002              11
   104.500000              11
   104.599998              11
   104.699997              11
   104.800003              11
   104.900002              11
   105.000000              11
   105.099998              11
   105.199997              11
   105.300003              11
   105.400002              11
   105.500000              11
   105.599998              11
   105.699997              11
   105.800003              11
   105.900002              11
   106.000000              11
   106.099998              11
   106.199997              11
   106.300003              11
   106.400002              11
   106.500000              11
   106.599998              11
   106.699997              11
   106.800003              11
   106.900002              11
   107.000000              11
   107.099998              11
   107.199997              11
   107.300003              11
   107.400002              11
   107.500000              11
   107.599998              11
   107.699997              11
   107.800003              11
   107.900002              11
   108.000000              11
   108.099998              11
   108.199997              11
   108.300003              11
   108.400002              11
   108.500000              11
   108.599998              11
   108.699997              11
   108.800003              11
   108.900002              11
   109.000000              11
   109.099998              11
   109.199997              11
   109.300003              11
   109.400002              11
   109.500000              11
   109.599998              11
   109.699997              11
   109.800003              11
   109.900002              11
   110.000000              11
   110.099998              11
   110.199997              11
   110.300003              11
   110.400002              11
   110.500000              11
   110.599998              11
   110.699997              11
   110.800003              11
   110.900002              11
   111.000000              11
   111.099998              11
   111.199997              11
   111.300003              11
   111.400002              11
   111.500000              11
   111.599998              11
   111.699997              11
   111.800003              11
   111.900002              11
   112.000000              11
   112.099998              11
   112.199997              11
   112.300003              11
   112.400002              11
   112.500000              11
   112.599998              11
   112.699997              11
   112.800003              11
   112.900002              11
   113.000000              11
   113.099998              11
   113.199997              11
   113.300003              11
   113.400002              11
   113.500000              11
   113.599998              11
   113.699997              11
   113.800003              11
   113.900002              11
   114.000000              11
   114.099998              11
   114.199997              11
   114.300003              11
   114.400002              11
   114.500000              11
   114.599998              11
   114.699997              11
   114.800003              11
   114.900002              11
   115.000000              11
   115.099998              11
   115.199997              11
   115.300003              11
   115.400002              11
   115.500000              11
   115.599998              11
   115.699997              11
   115.800003              11
   115.900002              11
   116.000000              11
   116.099998              11
   116.199997              11
   116.300003              11
   116.400002              11
   116.500000              11
   116.599998              11
   116.699997              11
   116.800003              11
   116.900002              11
   117.000000              11
   117.099998              11
   117.199997              11
   117.300003              11
   117.400002              11
   117.500000              11
   117.599998              11
   117.699997              11
   117.800003              11
   117.900002              11
   118.000000              11
   118.099998              11
   118.199997              11
   118.300003              11
   118.400002              11
   118.500000              11
   118.599998              11
   118.699997              11
   118.800003              11
   118.900002              11
   119.000000              11
   119.099998              11
   119.199997              11
   119.300003              11
   119.400002              11
   119.500000              11
   119.599998              11
   119.699997              11
   119.800003              11
   119.900002              11
   120.000000              11
   120.099998              11
   120.199997              11
   120.300003              11
   120.400002              11
   120.500000              11
   120.599998              11
   120.699997              11
   120.800003              11
   120.900002              11
   121.000000              11
   121.099998              11
   121.199997              11
   121.300003              11
   121.400002              11
   121.500000              11
   121.599998              11
   121.699997              11
   121.800003              11
   121.900002              11
   122.000000              11
   122.099998              11
   122.199997              11
   122.300003              11
   122.400002              11
   122.500000              11
   122.599998              11
   122.699997              11
   122.800003              11
   122.900002              11
   123.000000              11
   123.099998              11
   123.199997              11
   123.300003              11
   123.400002              11
   123.500000              11
   123.599998              11
   123.699997              11
   123.800003              11
   123.900002              11
   124.000000              11
   124.099998              11
   124.199997              11
   124.300003              11
   124.400002              11
   124.500000              11
   124.599998              11
   124.699997              11
   124.800003              11
   124.900002              11
   125.000000              11
   125.099998              11
   125.199997              11
   125.300003              11
   125.400002              11
   125.500000              11
   125.599998              11
   125.699997              11
   125.800003              11
   125.900002              11
   126.000000              11
   126.099998              11
   126.199997              11
   126.300003              11
   126.400002              11
   126.500000              11
   126.599998              11
   126.699997              11
   126.800003              11
   126.900002              11
   127.000000              11
   127.099998              11
   127.199997              11
   127.300003              11
   127.400002              11
   127.500000              11
   127.599998              11
   127.699997              11
   127.800003              11
   127.900002              11
   128.000000              11
   128.100006              11
   128.199997              11
   128.300003              11
   128.399994              11
   128.500000              11
   128.600006              11
   128.699997              11
   128.800003              11
   128.899994              11
   129.000000              11
   129.100006              11
   129.199997              11
   129.300003              11
   129.399994              11
   129.500000              11
   129.600006              11
   129.699997              11
   129.800003              11
   129.899994              11
   130.000000              11
   130.100006              11
   130.199997              11
   130.300003              11
   130.399994              11
   130.500000              11
   130.600006              11
   130.699997              11
   130.800003              11
   130.899994              11
   131.000000              11
   131.100006              11
   131.199997              11
   131.300003              11
   131.399994              11
   131.500000              11
   131.600006              11
   131.699997              11
   131.800003              11
   131.899994              12
   132.000000              12
   132.100006              12
   132.199997              12
   132.300003              12
   132.399994              12
   132.500000              12
   132.600006              12
   132.699997              12
   132.800003              12
   132.899994              12
   133.000000              12
   133.100006              12
   133.199997              12
   133.300003              12
   133.399994              12
   133.500000              12
   133.600006              12
   133.699997              12
   133.800003              12
   133.899994              12
   134.000000              12
   134.100006              12
   134.199997              12
   134.300003              12
   134.399994              12
   134.500000              12
   134.600006              12
   134.699997              12
   134.800003              12
   134.899994              12
   135.000000              12
   135.100006              12
   135.199997              12
   135.300003              12
   135.399994              12
   135.500000              12
   135.600006              12
   135.699997              12
   135.800003              12
   135.899994              12
   136.000000              12
   136.100006              12
   136.199997              12
   136.300003              12
   136.399994              12
   136.500000              12
   136.600006              12
   136.699997              12
   136.800003              12
   136.899994              12
   137.000000              12
   137.100006              12
   137.199997              12
   137.300003              12
   137.399994              12
   137.500000              12
   137.600006              12
   137.699997              12
   137.800003              12
   137.899994              12
   138.000000              12
   138.100006              12
   138.199997              12
   138.300003              12
   138.399994              12
   138.500000              12
   138.600006              12
   138.699997              12
   138.800003              12
   138.899994              12
   139.000000              12
   139.100006              12
   139.199997              12
   139.300003              12
   139.399994              12
   139.500000              12
   139.600006              12
   139.699997              12
   139.800003              12
   139.899994              12
   140.000000              12
   140.100006              12
   140.199997              12
   140.300003              12
   140.399994              12
   140.500000              12
   140.600006              12
   140.699997              12
   140.800003              12
   140.899994              12
   141.000000              12
   141.100006              12
   141.199997              12
   141.300003              12
   141.399994              12
   141.500000              12
   141.600006              12
   141.699997              12
   141.800003              12
   141.899994              12
   142.000000              12
   142.100006              12
   142.199997              12
   142.300003              12
   142.399994              12
   142.500000              12
   142.600006              12
   142.699997              12
   142.800003              12
   142.899994              12
   143.000000              12
   143.100006              12
   143.199997              12
   143.300003              12
   143.399994              12
   143.500000              12
   143.600006              12
   143.699997              12
   143.800003              12
   143.899994              12
   144.000000              12
   144.100006              12
   144.199997              12
   144.300003              12
   144.399994              12
   144.500000              12
   144.600006              12
   144.699997              12
   144.800003              12
   144.899994              12
   145.000000              12
   145.100006              12
   145.199997              12
   145.300003              12
   145.399994              12
   145.500000              12
   145.600006              12
   145.699997              12
   145.800003              12
   145.899994              12
   146.000000              12
   146.100006              12
   146.199997              12
   146.300003              12
   146.399994              12
   146.500000              12
   146.600006              12
   146.699997              12
   146.800003              12
   146.899994              12
   147.000000              12
   147.100006              12
   147.199997              12
   147.300003              12
   147.399994              12
   147.500000              12
   147.600006              12
   147.699997              12
   147.800003              12
   147.899994              12
   148.000000              12
   148.100006              12
   148.199997              12
   148.300003              12
   148.399994              12
   148.500000              12
   148.600006              12
   148.699997              12
   148.800003              12
   148.899994              12
   149.000000              12
   149.100006              12
   149.199997              12
   149.300003              12
   149.399994              12
   149.500000              12
   149.600006              12
   149.699997              12
   149.800003              12
   149.899994              12
   150.000000              12
   150.100006              12
   150.199997              12
   150.300003              12
   150.399994              12
   150.500000              12
   150.600006              12
   150.699997              12
   150.800003              12
   150.899994              12
   151.000000              12
   151.100006              12
   151.199997              12
   151.300003              12
   151.399994              12
   151.500000              12
   151.600006              12
   151.699997              12
   151.800003              12
   151.899994              12
   152.000000              12
   152.100006              12
   152.199997              12
   152.300003              12
   152.399994              12
   152.500000              12
   152.600006              12
   152.699997              12
   152.800003              12
   152.899994              12
   153.000000              12
   153.100006              12
   153.199997              12
   153.300003              12
   153.399994              12
   153.500000              12
   153.600006              12
   153.699997              12
   153.800003              12
   153.899994              12
   154.000000              12
   154.100006              12
   154.199997              12
   154.300003              12
   154.399994              12
   154.500000              12
   154.600006              12
   154.699997              12
   154.800003              12
   154.899994              12
   155.000000              12
   155.100006              12
   155.199997              12
   155.300003              12
   155.399994              12
   155.500000              12
   155.600006              12
   155.699997              12
   155.800003              12
   155.899994              12
   156.000000              12
   156.100006              12
   156.199997              12
   156.300003              12
   156.399994              12
   156.500000              12
   156.600006              12
   156.699997              12
   156.800003              12
   156.899994              12
   157.000000              12
   157.100006              12
   157.199997              12
   157.300003              12
   157.399994              12
   157.500000              12
   157.600006              12
   157.699997              12
   157.800003              12
   157.899994              12
   158.000000              12
   158.100006              12
   158.199997              12
   158.300003              12
   158.399994              12
   158.500000              12
   158.600006              12
   158.699997              12
   158.800003              12
   158.899994              12
   159.000000              12
   159.100006              12
   159.199997              12
   159.300003              12
   159.399994              12
   159.500000              12
   159.600006              13
   159.699997              13
   159.800003              13
   159.899994              13
   160.000000              13
   160.100006              13
   160.199997              13
   160.300003              13
   160.399994              13
   160.500000              13
   160.600006              13
   160.699997              13
   160.800003              13
   160.899994              13
   161.000000              13
   161.100006              13
   161.199997              13
   161.300003              13
   161.399994              13
   161.500000              13
   161.600006              13
   161.699997              13
   161.800003              13
   161.899994              13
   162.000000              13
   162.100006              13
   162.199997              13
   162.300003              13
   162.399994              13
   162.500000              13
   162.600006              13
   162.699997              13
   162.800003              13
   162.899994              13
   163.000000              13
   163.100006              13
   163.199997              13
   163.300003              13
   163.399994              13
   163.500000              13
   163.600006              13
   163.699997              13
   163.800003              13
   163.899994              13
   164.000000              13
   164.100006              13
   164.199997              13
   164.300003              13
   164.399994              13
   164.500000              13
   164.600006              13
   164.699997              13
   164.800003              13
   164.899994              13
   165.000000              13
   165.100006              13
   165.199997              13
   165.300003              13
   165.399994              13
   165.500000              13
   165.600006              13
   165.699997              13
   165.800003              13
   165.899994              13
   166.000000              13
   166.100006              13
   166.199997              13
   166.300003              13
   166.399994              13
   166.500000              13
   166.600006              13
   166.699997              13
   166.800003              13
   166.899994              13
   167.000000              13
   167.100006              13
   167.199997              13
   167.300003              13
   167.399994              13
   167.500000              13
   167.600006              13
   167.699997              13
   167.800003              13
   167.899994              13
   168.000000              13
   168.100006              13
   168.199997              13
   168.300003              13
   168.399994              13
   168.500000              13
   168.600006              13
   168.699997              13
   168.800003              13
   168.899994              13
   169.000000              13
   169.100006              13
   169.199997              13
   169.300003              13
   169.399994              13
   169.500000              13
   169.600006              13
   169.699997              13
   169.800003              13
   169.899994              13
   170.000000              13
   170.100006              13
   170.199997              13
   170.300003              13
   170.399994              13
   170.500000              13
   170.600006              13
   170.699997              13
   170.800003              13
   170.899994              13
   171.000000              13
   171.100006              13
   171.199997              13
   171.300003              13
   171.399994              13
   171.500000              13
   171.600006              13
   171.699997              13
   171.800003              13
   171.899994              13
   172.000000              13
   172.100006              13
   172.199997              13
   172.300003              13
   172.399994              13
   172.500000              13
   172.600006              13
   172.699997              13
   172.800003              13
   172.899994              13
   173.000000              13
   173.100006              13
   173.199997              13
   173.300003              13
   173.399994              13
   173.500000              13
   173.600006              13
   173.699997              13
   173.800003              13
   173.899994              13
   174.000000              13
   174.100006              13
   174.199997              13
   174.300003              13
   174.399994              13
   174.500000              13
   174.600006              13
   174.699997              13
   174.800003              13
   174.899994              13
   175.000000              13
   175.100006              13
   175.199997              13
   175.300003              13
   175.399994              13
   175.500000              13
   175.600006              13
   175.699997              13
   175.800003              13
   175.899994              13
   176.000000              13
   176.100006              13
   176.199997              13
   176.300003              13
   176.399994              13
   176.500000              13
   176.600006              13
   176.699997              13
   176.800003              13
   176.899994              13
   177.000000              13
   177.100006              13
   177.199997              13
   177.300003              13
   177.399994              13
   177.500000              13
   177.600006              13
   177.699997              13
   177.800003              13
   177.899994              13
   178.000000              13
   178.100006              13
   178.199997              13
   178.300003              13
   178.399994              13
   178.500000              13
   178.600006              13
   178.699997              13
   178.800003              13
   178.899994              13
   179.000000              13
   179.100006              13
   179.199997              13
   179.300003              13
   179.399994              13
   179.500000              13
   179.600006              13
   179.699997              13
   179.800003              13
   179.899994              13
   180.000000              13
   180.100006              13
   180.199997              13
   180.300003              13
   180.399994              13
   180.500000              13
   180.600006              13
   180.699997              13
   180.800003              13
   180.899994              13
   181.000000              13
   181.100006              13
   181.199997              13
   181.300003              13
   181.399994              13
   181.500000              13
   181.600006              13
   181.699997              13
   181.800003              13
   181.899994              13
   182.000000              13
   182.100006              13
   182.199997              13
   182.300003              13
   182.399994              13
   182.500000              13
   182.600006              13
   182.699997              13
   182.800003              13
   182.899994              13
   183.000000              13
   183.100006              13
   183.199997              13
   183.300003              13
   183.399994              13
   183.500000              13
   183.600006              13
   183.699997              13
   183.800003              13
   183.899994              13
   184.000000              13
   184.100006              13
   184.199997              13
   184.300003              13
   184.399994              13
   184.500000              13
   184.600006              13
   184.699997              13
   184.800003              13
   184.899994              13
   185.000000              13
   185.100006              13
   185.199997              13
   185.300003              13
   185.399994              13
   185.500000              13
   185.600006              13
   185.699997              13
   185.800003              13
   185.899994              13
   186.000000              13
   186.100006              13
   186.199997              13
   186.300003              13
   186.399994              13
   186.500000              13
   186.600006              13
   186.699997              13
   186.800003              13
   186.899994              13
   187.000000              13
   187.100006              13
   187.199997              13
   187.300003              13
   187.399994              13
   187.500000              13
   187.600006              13
   187.699997              13
   187.800003              13
   187.899994              13
   188.000000              13
   188.100006              13
   188.199997              13
   188.300003              13
   188.399994              13
   188.500000              13
   188.600006              13
   188.699997              13
   188.800003              13
   188.899994              13
   189.000000              13
   189.100006              13
   189.199997              13
   189.300003              13
   189.399994              13
   189.500000              13
   189.600006              13
   189.699997              13
   189.800003              13
   189.899994              13
   190.000000              13
   190.100006              13
   190.199997              13
   190.300003              13
   190.399994              13
   190.500000              13
   190.600006              13
   190.699997              13
   190.800003              13
   190.899994              13
   191.000000              13
   191.100006              13
   191.199997              13
   191.300003              13
   191.399994              13
   191.500000              13
   191.600006              13
   191.699997              13
   191.800003              13
   191.899994              13
   192.000000              13
   192.100006              13
   192.199997              13
   192.300003              13
   192.399994              13
   192.500000              13
   192.600006              13
   192.699997              13
   192.800003              13
   192.899994              13
   193.000000              13
   193.100006              13
   193.199997              13
   193.300003              13
   193.399994              13
   193.500000              13
   193.600006              13
   193.699997              13
   193.800003              13
   193.899994              13
   194.000000              13
   194.100006              13
   194.199997              13
   194.300003              13
   194.399994              13
   194.500000              13
   194.600006              13
   194.699997              13
   194.800003              13
   194.899994              13
   195.000000              13
   195.100006              13
   195.199997              13
   195.300003              13
   195.399994              13
   195.500000              13
   195.600006              13
   195.699997              13
   195.800003              13
   195.899994              13
   196.000000              13
   196.100006              13
   196.199997              13
   196.300003              13
   196.399994              13
   196.500000              13
   196.600006              13
   196.699997              13
   196.800003              13
   196.899994              13
   197.000000              13
   197.100006              13
   197.199997              13
   197.300003              13
   197.399994              13
   197.500000              13
   197.600006              13
   197.699997              13
   197.800003              13
   197.899994              13
   198.000000              13
   198.100006              13
   198.199997              13
   198.300003              13
   198.399994              13
   198.500000              13
   198.600006              13
   198.699997              13
   198.800003              13
   198.899994              13
   199.000000              13
   199.100006              13
   199.199997              13
   199.300003              13
   199.399994              13
   199.500000              13
   199.600006              13
   199.699997              13
   199.800003              13
   199.899994              13
   200.000000              13
   200.100006              13
   200.199997              13
   200.300003              13
   200.399994              13
   200.500000              13
   200.600006              13
   200.699997              13
   200.800003              13
   200.899994              13
   201.000000              13
   201.100006              13
   201.199997              13
   201.300003              13
   201.399994              13
   201.500000              13
   201.600006              13
   201.699997              13
   201.800003              13
   201.899994              13
   202.000000              13
   202.100006              13
   202.199997              13
   202.300003              13
   202.399994              13
   202.500000              13
   202.600006              13
   202.699997              13
   202.800003              13
   202.899994              13
   203.000000              13
   203.100006              13
   203.199997              13
   203.300003              13
   203.399994              13
   203.500000              13
   203.600006              13
   203.699997              13
   203.800003              13
   203.899994              13
   204.000000              13
   204.100006              13
   204.199997              13
   204.300003              13
   204.399994              13
   204.500000              13
   204.600006              13
   204.699997              13
   204.800003              13
   204.899994              13
   205.000000              13
   205.100006              13
   205.199997              13
   205.300003              13
   205.399994              13
   205.500000              13
   205.600006              13
   205.699997              13
   205.800003              13
   205.899994              13
   206.000000              13
   206.100006              13
   206.199997              13
   206.300003              13
   206.399994              13
   206.500000              13
   206.600006              13
   206.699997              13
   206.800003              13
   206.899994              13
   207.000000              13
   207.100006              13
   207.199997              13
   207.300003              13
   207.399994              13
   207.500000              13
   207.600006              13
   207.699997              13
   207.800003              13
   207.899994              13
   208.000000              13
   208.100006              13
   208.199997              13
   208.300003              13
   208.399994              13
   208.500000              13
   208.600006              13
   208.699997              13
   208.800003              13
   208.899994              13
   209.000000              13
   209.100006              13
   209.199997              13
   209.300003              13
   209.399994              13
   209.500000              13
   209.600006              13
   209.699997              13
   209.800003              13
   209.899994              13
   210.000000              13
   210.100006              13
   210.199997              13
   210.300003              13
   210.399994              13
   210.500000              13
   210.600006              13
   210.699997              13
   210.800003              13
   210.899994              13
   211.000000              13
   211.100006              13
   211.199997              13
   211.300003              13
   211.399994              13
   211.500000              13
   211.600006              13
   211.699997              13
   211.800003              13
   211.899994              13
   212.000000              13
   212.100006              13
   212.199997              13
   212.300003              13
   212.399994              13
   212.500000              13
   212.600006              13
   212.699997              13
   212.800003              13
   212.899994              13
   213.000000              13
   213.100006              13
   213.199997              13
   213.300003              13
   213.399994              13
   213.500000              13
   213.600006              13
   213.699997              13
   213.800003              13
   213.899994              13
   214.000000              13
   214.100006              13
   214.199997              13
   214.300003              13
   214.399994              13
   214.500000              13
   214.600006              13
   214.699997              13
   214.800003              13
   214.899994              13
   215.000000              13
   215.100006              13
   215.199997              13
   215.300003              13
   215.399994              13
   215.500000              13
   215.600006              13
   215.699997              13
   215.800003              13
   215.899994              13
   216.000000              13
   216.100006              13
   216.199997              13
   216.300003              13
   216.399994              13
   216.500000              13
   216.600006              13
   216.699997              13
   216.800003              13
   216.899994              13
   217.000000              13
   217.100006              13
   217.199997              13
   217.300003              13
   217.399994              13
   217.500000              13
   217.600006              13
   217.699997              13
   217.800003              13
   217.899994              13
   218.000000              13
   218.100006              13
   218.199997              14
   218.300003              14
   218.399994              14
   218.500000              14
   218.600006              14
   218.699997              14
   218.800003              14
   218.899994              14
   219.000000              14
   219.100006              14
   219.199997              14
   219.300003              14
   219.399994              14
   219.500000              14
   219.600006              14
   219.699997              14
   219.800003              14
   219.899994              14
   220.000000              14
   220.100006              14
   220.199997              14
   220.300003              14
   220.399994              14
   220.500000              14
   220.600006              14
   220.699997              14
   220.800003              14
   220.899994              14
   221.000000              14
   221.100006              14
   221.199997              14
   221.300003              14
   221.399994              14
   221.500000              14
   221.600006              14
   221.699997              14
   221.800003              14
   221.899994              14
   222.000000              14
   222.100006              14
   222.199997              14
   222.300003              14
   222.399994              14
   222.500000              14
   222.600006              14
   222.699997              14
   222.800003              14
   222.899994              14
   223.000000              14
   223.100006              14
   223.199997              14
   223.300003              14
   223.399994              14
   223.500000              14
   223.600006              14
   223.699997              14
   223.800003              14
   223.899994              14
   224.000000              14
   224.100006              14
   224.199997              14
   224.300003              14
   224.399994              14
   224.500000              14
   224.600006              14
   224.699997              14
   224.800003              14
   224.899994              14
   225.000000              14
   225.100006              14
   225.199997              14
   225.300003              14
   225.399994              14
   225.500000              14
   225.600006              14
   225.699997              14
   225.800003              14
   225.899994              14
   226.000000              14
   226.100006              14
   226.199997              14
   226.300003              14
   226.399994              14
   226.500000              14
   226.600006              14
   226.699997              14
   226.800003              14
   226.899994              14
   227.000000              14
   227.100006              14
   227.199997              14
   227.300003              14
   227.399994              14
   227.500000              14
   227.600006              14
   227.699997              14
   227.800003              14
   227.899994              14
   228.000000              14
   228.100006              14
   228.199997              14
   228.300003              14
   228.399994              14
   228.500000              14
   228.600006              14
   228.699997              14
   228.800003              14
   228.899994              14
   229.000000              14
   229.100006              14
   229.199997              14
   229.300003              14
   229.399994              14
   229.500000              14
   229.600006              14
   229.699997              14
   229.800003              14
   229.899994              14
   230.000000              14
   230.100006              14
   230.199997              14
   230.300003              14
   230.399994              14
   230.500000              14
   230.600006              14
   230.699997              14
   230.800003              14
   230.899994              14
   231.000000              14
   231.100006              14
   231.199997              14
   231.300003              14
   231.399994              14
   231.500000              14
   231.600006              15
   231.699997              15
   231.800003              15
   231.899994              15
   232.000000              15
   232.100006              15
   232.199997              15
   232.300003              15
   232.399994              15
   232.500000              15
   232.600006              15
   232.699997              15
   232.800003              15
   232.899994              15
   233.000000              15
   233.100006              15
   233.199997              15
   233.300003              15
   233.399994              15
   233.500000              15
   233.600006              15
   233.699997              15
   233.800003              15
   233.899994              15
   234.000000              15
   234.100006              16
   234.199997              16
   234.300003              16
   234.399994              16
   234.500000              16
   234.600006              16
   234.699997              16
   234.800003              16
   234.899994              16
   235.000000              16
   235.100006              16
   235.199997              16
   235.300003              16
   235.399994              16
   235.500000              16
   235.600006              16
   235.699997              16
   235.800003              16
   235.899994              16
   236.000000              16
   236.100006              16
   236.199997              16
   236.300003              16
   236.399994              16
   236.500000              16
   236.600006              16
   236.699997              16
   236.800003              16
   236.899994              16
   237.000000              16
   237.100006              16
   237.199997              16
   237.300003              16
   237.399994              16
   237.500000              16
   237.600006              16
   237.699997              16
   237.800003              16
   237.899994              16
   238.000000              16
   238.100006              16
   238.199997              16
   238.300003              16
   238.399994              16
   238.500000              16
   238.600006              16
   238.699997              16
   238.800003              16
   238.899994              16
   239.000000              16
   239.100006              16
   239.199997              16
   239.300003              16
   239.399994              16
   239.500000              16
   239.600006              16
   239.699997              16
   239.800003              16
   239.899994              16
   240.000000              16
   240.100006              16
   240.199997              16
   240.300003              16
   240.399994              16
   240.500000              16
   240.600006              16
   240.699997              16
   240.800003              16
   240.899994              16
   241.000000              16
   241.100006              16
   241.199997              16
   241.300003              16
   241.399994              16
   241.500000              16
   241.600006              16
   241.699997              16
   241.800003              16
   241.899994              16
   242.000000              16
   242.100006              16
   242.199997              16
   242.300003              16
   242.399994              16
   242.500000              16
   242.600006              16
   242.699997              16
   242.800003              16
   242.899994              16
   243.000000              16
   243.100006              16
   243.199997              16
   243.300003              16
   243.399994              16
   243.500000              16
   243.600006              16
   243.699997              16
   243.800003              16
   243.899994              16
   244.000000              16
   244.100006              16
   244.199997              16
   244.300003              16
   244.399994              16
   244.500000              16
   244.600006              16
   244.699997              16
   244.800003              16
   244.899994              16
   245.000000              16
   245.100006              16
   245.199997              16
   245.300003              16
   245.399994              16
   245.500000              16
   245.600006              16
   245.699997              16
   245.800003              16
   245.899994              16
   246.000000              16
   246.100006              16
   246.199997              16
   246.300003              16
   246.399994              16
   246.500000              16
   246.600006              16
   246.699997              16
   246.800003              16
   246.899994              16
   247.000000              16
   247.100006              16
   247.199997              16
   247.300003              16
   247.399994              16
   247.500000              16
   247.600006              16
   247.699997              16
   247.800003              16
   247.899994              16
   248.000000              16
   248.100006              16
   248.199997              16
   248.300003              16
   248.399994              16
   248.500000              16
   248.600006              16
   248.699997              16
   248.800003              16
   248.899994              16
   249.000000              16
   249.100006              16
   249.199997              16
   249.300003              16
   249.399994              16
   249.500000              16
   249.600006              16
   249.699997              16
   249.800003              16
   249.899994              16
   250.000000              16
   250.100006              16
   250.199997              16
   250.300003              16
   250.399994              16
   250.500000              16
   250.600006              16
   250.699997              16
   250.800003              16
   250.899994              16
   251.000000              16
   251.100006              16
   251.199997              16
   251.300003              16
   251.399994              16
   251.500000              16
   251.600006              16
   251.699997              16
   251.800003              16
   251.899994              16
   252.000000              16
   252.100006              16
   252.199997              16
   252.300003              16
   252.399994              16
   252.500000              16
   252.600006              16
   252.699997              16
   252.800003              16
   252.899994              16
   253.000000              16
   253.100006              16
   253.199997              16
   253.300003              16
   253.399994              16
   253.500000              16
   253.600006              16
   253.699997              16
   253.800003              16
   253.899994              16
   254.000000              16
   254.100006              16
   254.199997              16
   254.300003              16
   254.399994              16
   254.500000              16
   254.600006              16
   254.699997              16
   254.800003              16
   254.899994              16
   255.000000              16
   255.100006              16
   255.199997              16
   255.300003              16
   255.399994              16
   255.500000              16
   255.600006              16
   255.699997              16
   255.800003              16
   255.899994              16
   256.000000              16
   256.100006              16
   256.200012              16
   256.299988              16
   256.399994              16
   256.500000              16
   256.600006              16
   256.700012              16
   256.799988              16
   256.899994              16
   257.000000              16
   257.100006              16
   257.200012              16
   257.299988              16
   257.399994              16
   257.500000              16
   257.600006              16
   257.700012              16
   257.799988              16
   257.899994              16
   258.000000              16
   258.100006              16
   258.200012              16
   258.299988              16
   258.399994              16
   258.500000              16
   258.600006              16
   258.700012              16
   258.799988              16
   258.899994              16
   259.000000              16
   259.100006              16
   259.200012              16
   259.299988              16
   259.399994              16
   259.500000              16
   259.600006              16
   259.700012              16
   259.799988              16
   259.899994              16
   260.000000              16
   260.100006              16
   260.200012              16
   260.299988              16
   260.399994              16
   260.500000              16
   260.600006              16
   260.700012              16
   260.799988              16
   260.899994              16
   261.000000              16
   261.100006              16
   261.200012              16
   261.299988              16
   261.399994              16
   261.500000              16
   261.600006              16
   261.700012              16
   261.799988              16
   261.899994              16
   262.000000              16
   262.100006              16
   262.200012              16
   262.299988              16
   262.399994              16
   262.500000              16
   262.600006              16
   262.700012              16
   262.799988              16
   262.899994              16
   263.000000              16
   263.100006              16
   263.200012              16
   263.299988              16
   263.399994              16
   263.500000              16
   263.600006              16
   263.700012              16
   263.799988              16
   263.899994              16
   264.000000              16
   264.100006              16
   264.200012              16
   264.299988              16
   264.399994              16
   264.500000              16
   264.600006              16
   264.700012              16
   264.799988              16
   264.899994              16
   265.000000              16
   265.100006              16
   265.200012              16
   265.299988              16
   265.399994              16
   265.500000              16
   265.600006              16
   265.700012              16
   265.799988              16
   265.899994              16
   266.000000              16
   266.100006              16
   266.200012              16
   266.299988              16
   266.399994              16
   266.500000              16
   266.600006              16
   266.700012              16
   266.799988              16
   266.899994              16
   267.000000              16
   267.100006              16
   267.200012              16
   267.299988              16
   267.399994              16
   267.500000              16
   267.600006              16
   267.700012              16
   267.799988              16
   267.899994              16
   268.000000              16
   268.100006              16
   268.200012              16
   268.299988              16
   268.399994              16
   268.500000              16
   268.600006              16
   268.700012              16
   268.799988              16
   268.899994              16
   269.000000              16
   269.100006              16
   269.200012              16
   269.299988              16
   269.399994              16
   269.500000              16
   269.600006              16
   269.700012              16
   269.799988              16
   269.899994              16
   270.000000              16
   270.100006              16
   270.200012              16
   270.299988              16
   270.399994              16
   270.500000              16
   270.600006              16
   270.700012              16
   270.799988              16
   270.899994              16
   271.000000              16
   271.100006              16
   271.200012              16
   271.299988              16
   271.399994              16
   271.500000              16
   271.600006              16
   271.700012              16
   271.799988              16
   271.899994              16
   272.000000              16
   272.100006              16
   272.200012              16
   272.299988              16
   272.399994              16
   272.500000              16
   272.600006              16
   272.700012              16
   272.799988              16
   272.899994              16
   273.000000              16
   273.100006              16
   273.200012              16
   273.299988              16
   273.399994              17
   273.500000              17
   273.600006              17
   273.700012              17
   273.799988              17
   273.899994              17
   274.000000              17
   274.100006              17
   274.200012              17
   274.299988              17
   274.399994              17
   274.500000              17
   274.600006              17
   274.700012              17
   274.799988              17
   274.899994              17
   275.000000              17
   275.100006              17
   275.200012              17
   275.299988              17
   275.399994              17
   275.500000              17
   275.600006              17
   275.700012              17
   275.799988              17
   275.899994              17
   276.000000              17
   276.100006              17
   276.200012              17
   276.299988              17
   276.399994              17
   276.500000              17
   276.600006              17
   276.700012              17
   276.799988              17
   276.899994              17
   277.000000              17
   277.100006              17
   277.200012              17
   277.299988              17
   277.399994              17
   277.500000              17
   277.600006              17
   277.700012              17
   277.799988              17
   277.899994              17
   278.000000              17
   278.100006              17
   278.200012              17
   278.299988              17
   278.399994              17
   278.500000              17
   278.600006              17
   278.700012              17
   278.799988              17
   278.899994              17
   279.000000              17
   279.100006              17
   279.200012              17
   279.299988              17
   279.399994              17
   279.500000              17
   279.600006              17
   279.700012              17
   279.799988              17
   279.899994              17
   280.000000              17
   280.100006              17
   280.200012              17
   280.299988              17
   280.399994              17
   280.500000              17
   280.600006              17
   280.700012              17
   280.799988              17
   280.899994              17
   281.000000              17
   281.100006              17
   281.200012              17
   281.299988              17
   281.399994              17
   281.500000              17
   281.600006              17
   281.700012              17
   281.799988              17
   281.899994              17
   282.000000              17
   282.100006              17
   282.200012              17
   282.299988              17
   282.399994              17
   282.500000              17
   282.600006              17
   282.700012              17
   282.799988              17
   282.899994              17
   283.000000              17
   283.100006              17
   283.200012              17
   283.299988              17
   283.399994              17
   283.500000              17
   283.600006              17
   283.700012              17
   283.799988              17
   283.899994              17
   284.000000              17
   284.100006              17
   284.200012              17
   284.299988              17
   284.399994              17
   284.500000              17
   284.600006              17
   284.700012              17
   284.799988              17
   284.899994              17
   285.000000              17
   285.100006              17
   285.200012              17
   285.299988              17
   285.399994              17
   285.500000              17
   285.600006              17
   285.700012              17
   285.799988              17
   285.899994              17
   286.000000              17
   286.100006              17
   286.200012              17
   286.299988              17
   286.399994              17
   286.500000              17
   286.600006              17
   286.700012              17
   286.799988              17
   286.899994              17
   287.000000              17
   287.100006              17
   287.200012              17
   287.299988              17
   287.399994              17
   287.500000              17
   287.600006              17
   287.700012              17
   287.799988              17
   287.899994              17
   288.000000              17
   288.100006              17
   288.200012              17
   288.299988              17
   288.399994              17
   288.500000              17
   288.600006              17
   288.700012              17
   288.799988              17
   288.899994              18
   289.000000              18
   289.100006              18
   289.200012              18
   289.299988              18
   289.399994              18
   289.500000              18
   289.600006              18
   289.700012              18
   289.799988              18
   289.899994              18
   290.000000              18
   290.100006              18
   290.200012              18
   290.299988              18
   290.399994              18
   290.500000              18
   290.600006              18
   290.700012              18
   290.799988              18
   290.899994              18
   291.000000              18
   291.100006              18
   291.200012              18
   291.299988              18
   291.399994              18
   291.500000              18
   291.600006              18
   291.700012              18
   291.799988              18
   291.899994              18
   292.000000              18
   292.100006              18
   292.200012              18
   292.299988              18
   292.399994              18
   292.500000              18
   292.600006              18
   292.700012              18
   292.799988              18
   292.899994              18
   293.000000              18
   293.100006              18
   293.200012              18
   293.299988              18
   293.399994              18
   293.500000              18
   293.600006              18
   293.700012              18
   293.799988              18
   293.899994              18
   294.000000              18
   294.100006              18
   294.200012              18
   294.299988              18
   294.399994              18
   294.500000              18
   294.600006              18
   294.700012              18
   294.799988              18
   294.899994              18
   295.000000              18
   295.100006              18
   295.200012              18
   295.299988              18
   295.399994              18
   295.500000              18
   295.600006              18
   295.700012              18
   295.799988              18
   295.899994              18
   296.000000              18
   296.100006              18
   296.200012              18
   296.299988              18
   296.399994              18
   296.500000              18
   296.600006              18
   296.700012              18
   296.799988              18
   296.899994              18
   297.000000              18
   297.100006              18
   297.200012              18
   297.299988              18
   297.399994              18
   297.500000              18
   297.600006              18
   297.700012              18
   297.799988              18
   297.899994              18
   298.000000              18
   298.100006              18
   298.200012              18
   298.299988              18
   298.399994              18
   298.500000              18
   298.600006              18
   298.700012              18
   298.799988              18
   298.899994              18
   299.000000              18
   299.100006              18
   299.200012              18
   299.299988              18
   299.399994              18
   299.500000              18
   299.600006              18
   299.700012              18
   299.799988              18
   299.899994              18
