 Permeation events over simulation time.
 t(ns) Number of events
   0.00000000               0
   1.00000000               0
   2.00000000               0
   3.00000000               0
   4.00000000               0
   5.00000000               0
   6.00000000               0
   7.00000000               0
   8.00000000               0
   9.00000000               0
   10.0000000               0
   11.0000000               0
   12.0000000               0
   13.0000000               0
   14.0000000               0
   15.0000000               0
   16.0000000               0
   17.0000000               0
   18.0000000               0
   19.0000000               0
   20.0000000               0
   21.0000000               0
   22.0000000               0
   23.0000000               0
   24.0000000               0
   25.0000000               0
   26.0000000               0
   27.0000000               0
   28.0000000               0
   29.0000000               0
   30.0000000               0
   31.0000000               0
   32.0000000               0
   33.0000000               0
   34.0000000               0
   35.0000000               0
   36.0000000               0
   37.0000000               0
   38.0000000               0
   39.0000000               0
   40.0000000               0
   41.0000000               0
   42.0000000               0
   43.0000000               0
   44.0000000               0
   45.0000000               0
   46.0000000               0
   47.0000000               0
   48.0000000               0
   49.0000000               0
   50.0000000               0
   51.0000000               0
   52.0000000               0
   53.0000000               0
   54.0000000               0
   55.0000000               0
   56.0000000               0
   57.0000000               0
   58.0000000               0
   59.0000000               0
   60.0000000               0
   61.0000000               0
   62.0000000               0
   63.0000000               0
   64.0000000               0
   65.0000000               0
   66.0000000               0
   67.0000000               0
   68.0000000               0
   69.0000000               0
   70.0000000               0
   71.0000000               0
   72.0000000               0
   73.0000000               0
   74.0000000               0
   75.0000000               0
   76.0000000               0
   77.0000000               0
   78.0000000               0
   79.0000000               0
   80.0000000               0
   81.0000000               0
   82.0000000               0
   83.0000000               0
   84.0000000               0
   85.0000000               0
   86.0000000               0
   87.0000000               0
   88.0000000               0
   89.0000000               0
   90.0000000               0
   91.0000000               0
   92.0000000               0
   93.0000000               0
   94.0000000               0
   95.0000000               0
   96.0000000               0
   97.0000000               0
   98.0000000               0
   99.0000000               0
   100.000000               0
   101.000000               0
   102.000000               0
   103.000000               0
   104.000000               0
   105.000000               0
   106.000000               0
   107.000000               0
   108.000000               0
   109.000000               0
   110.000000               0
   111.000000               0
   112.000000               0
   113.000000               0
   114.000000               0
   115.000000               0
   116.000000               1
   117.000000               2
   118.000000               3
   119.000000               3
   120.000000               3
   121.000000               3
   122.000000               3
   123.000000               3
   124.000000               3
   125.000000               3
   126.000000               3
   127.000000               3
   128.000000               3
   129.000000               3
   130.000000               3
   131.000000               3
   132.000000               3
   133.000000               3
   134.000000               3
   135.000000               3
   136.000000               3
   137.000000               3
   138.000000               3
   139.000000               3
   140.000000               3
   141.000000               3
   142.000000               3
   143.000000               3
   144.000000               3
   145.000000               3
   146.000000               3
   147.000000               3
   148.000000               3
   149.000000               3
   150.000000               3
   151.000000               3
   152.000000               3
   153.000000               3
   154.000000               3
   155.000000               3
   156.000000               3
   157.000000               3
   158.000000               3
   159.000000               3
   160.000000               3
   161.000000               3
   162.000000               3
   163.000000               3
   164.000000               3
   165.000000               3
   166.000000               3
   167.000000               3
   168.000000               3
   169.000000               3
   170.000000               3
   171.000000               3
   172.000000               3
   173.000000               3
   174.000000               3
   175.000000               3
   176.000000               3
   177.000000               3
   178.000000               3
   179.000000               3
   180.000000               3
   181.000000               3
   182.000000               3
   183.000000               3
   184.000000               3
   185.000000               3
   186.000000               3
   187.000000               3
   188.000000               3
   189.000000               3
   190.000000               3
   191.000000               3
   192.000000               4
   193.000000               5
   194.000000               6
   195.000000               6
   196.000000               6
   197.000000               6
   198.000000               6
   199.000000               6
   200.000000               6
   201.000000               6
   202.000000               6
   203.000000               6
   204.000000               6
   205.000000               6
   206.000000               6
   207.000000               6
   208.000000               6
   209.000000               6
   210.000000               6
   211.000000               6
   212.000000               6
   213.000000               6
   214.000000               6
   215.000000               6
   216.000000               6
   217.000000               6
   218.000000               6
   219.000000               6
   220.000000               6
   221.000000               6
   222.000000               6
   223.000000               6
   224.000000               6
   225.000000               6
   226.000000               6
   227.000000               6
   228.000000               6
   229.000000               6
   230.000000               6
   231.000000               6
   232.000000               6
   233.000000               6
   234.000000               6
   235.000000               6
   236.000000               6
   237.000000               6
   238.000000               6
   239.000000               6
   240.000000               6
   241.000000               6
   242.000000               7
   243.000000               8
   244.000000               8
   245.000000               8
   246.000000               8
   247.000000               8
   248.000000               8
   249.000000               8
   250.000000               8
   251.000000               8
   252.000000               8
   253.000000               8
   254.000000               8
   255.000000               8
   256.000000               8
   257.000000               8
   258.000000               8
   259.000000               8
   260.000000               8
   261.000000               8
   262.000000               8
   263.000000               8
   264.000000               8
   265.000000               8
   266.000000               8
   267.000000               8
   268.000000               8
   269.000000               8
   270.000000               8
   271.000000               8
   272.000000               8
   273.000000               8
   274.000000               8
   275.000000               8
   276.000000               8
   277.000000               8
   278.000000               8
   279.000000               8
   280.000000               8
   281.000000               8
   282.000000               8
   283.000000               8
   284.000000               8
   285.000000               8
   286.000000               8
   287.000000               8
   288.000000               8
   289.000000               8
   290.000000               8
   291.000000               8
   292.000000               8
   293.000000               8
   294.000000               8
   295.000000               8
   296.000000               8
   297.000000               8
   298.000000               8
   299.000000               8
   300.000000               8
   301.000000               8
   302.000000               8
   303.000000               8
   304.000000               8
   305.000000               8
   306.000000               8
   307.000000               8
   308.000000               8
   309.000000               8
   310.000000               8
   311.000000               8
   312.000000               8
   313.000000               8
   314.000000               8
   315.000000               8
   316.000000               8
   317.000000               8
   318.000000               8
   319.000000               8
   320.000000               8
   321.000000               8
   322.000000               8
   323.000000               8
   324.000000               8
   325.000000               8
   326.000000               8
   327.000000               8
   328.000000               8
   329.000000               8
   330.000000               8
   331.000000               8
   332.000000               8
   333.000000               8
   334.000000               8
   335.000000               8
   336.000000               8
   337.000000               8
   338.000000               8
   339.000000               8
   340.000000               8
   341.000000               8
   342.000000               8
   343.000000               8
   344.000000               8
   345.000000               8
   346.000000               8
   347.000000               8
   348.000000               8
   349.000000               8
   350.000000               8
   351.000000               8
   352.000000               8
   353.000000               8
   354.000000               8
   355.000000               8
   356.000000               8
   357.000000               8
   358.000000               8
   359.000000               8
   360.000000               8
   361.000000               8
   362.000000               8
   363.000000               8
   364.000000               8
   365.000000               8
   366.000000               8
   367.000000               8
   368.000000               8
   369.000000               8
   370.000000               8
   371.000000               8
   372.000000               8
   373.000000               8
   374.000000               8
   375.000000               8
   376.000000               8
   377.000000               8
   378.000000               8
   379.000000               8
   380.000000               8
   381.000000               8
   382.000000               8
   383.000000               8
   384.000000               8
   385.000000               8
   386.000000               8
   387.000000               8
   388.000000               8
   389.000000               8
   390.000000               8
   391.000000               8
   392.000000               8
   393.000000               8
   394.000000               8
   395.000000               8
   396.000000               8
   397.000000               8
   398.000000               8
   399.000000               8
   400.000000               8
   401.000000               8
   402.000000               8
   403.000000               8
   404.000000               8
   405.000000               8
   406.000000               8
   407.000000               8
   408.000000               8
   409.000000               8
   410.000000               8
   411.000000               8
   412.000000               8
   413.000000               8
   414.000000               8
   415.000000               8
   416.000000               8
   417.000000               8
   418.000000               8
   419.000000               8
   420.000000               8
   421.000000               8
   422.000000               8
   423.000000               8
   424.000000               8
   425.000000               8
   426.000000               8
   427.000000               8
   428.000000               8
   429.000000               8
   430.000000               8
   431.000000               8
   432.000000               8
   433.000000               8
   434.000000               8
   435.000000               8
   436.000000               8
   437.000000               8
   438.000000               8
   439.000000               8
   440.000000               8
   441.000000               8
   442.000000               8
   443.000000               8
   444.000000               8
   445.000000               8
   446.000000               8
   447.000000               8
   448.000000               8
   449.000000               8
   450.000000               8
   451.000000               8
   452.000000               8
   453.000000               8
   454.000000               8
   455.000000               8
   456.000000               8
   457.000000               8
   458.000000               8
   459.000000               8
   460.000000               8
   461.000000               8
   462.000000               8
   463.000000               8
   464.000000               8
   465.000000               8
   466.000000               8
   467.000000               8
   468.000000               8
   469.000000               8
   470.000000               8
   471.000000               8
   472.000000               8
   473.000000               8
   474.000000               8
   475.000000               8
   476.000000               8
   477.000000               8
   478.000000               8
   479.000000               8
   480.000000               8
   481.000000               8
   482.000000               8
   483.000000               8
   484.000000               8
   485.000000               8
   486.000000               8
   487.000000               8
   488.000000               8
   489.000000               8
   490.000000               8
   491.000000               8
   492.000000               8
   493.000000               8
   494.000000               8
   495.000000               8
   496.000000               8
   497.000000               8
   498.000000               8
   499.000000               8
   500.000000               8
   501.000000               8
   502.000000               8
   503.000000               8
   504.000000               8
   505.000000               8
   506.000000               8
   507.000000               8
   508.000000               8
   509.000000               8
   510.000000               8
   511.000000               8
   512.000000               8
   513.000000               8
   514.000000               8
   515.000000               8
   516.000000               8
   517.000000               8
   518.000000               8
   519.000000               8
   520.000000               8
   521.000000               8
   522.000000               8
   523.000000               8
   524.000000               8
   525.000000               8
   526.000000               8
   527.000000               8
   528.000000               8
   529.000000               8
   530.000000               8
   531.000000               8
   532.000000               8
   533.000000               8
   534.000000               8
   535.000000               8
   536.000000               8
   537.000000               8
   538.000000               8
   539.000000               8
   540.000000               8
   541.000000               8
   542.000000               8
   543.000000               8
   544.000000               8
   545.000000               8
   546.000000               8
   547.000000               8
   548.000000               8
   549.000000               8
   550.000000               8
   551.000000               8
   552.000000               8
   553.000000               8
   554.000000               8
   555.000000               8
   556.000000               8
   557.000000               8
   558.000000               8
   559.000000               8
   560.000000               8
   561.000000               8
   562.000000               8
   563.000000               8
   564.000000               8
   565.000000               8
   566.000000               8
   567.000000               8
   568.000000               8
   569.000000               8
   570.000000               8
   571.000000               8
   572.000000               8
   573.000000               8
   574.000000               8
   575.000000               8
   576.000000               8
   577.000000               8
   578.000000               8
   579.000000               8
   580.000000               8
   581.000000               8
   582.000000               8
   583.000000               8
   584.000000               8
   585.000000               8
   586.000000               8
   587.000000               8
   588.000000               8
   589.000000               8
   590.000000               8
   591.000000               8
   592.000000               8
   593.000000               8
   594.000000               8
   595.000000               8
   596.000000               8
   597.000000               8
   598.000000               8
   599.000000               8
   600.000000               8
   601.000000               8
   602.000000               8
   603.000000               8
   604.000000               8
   605.000000               8
   606.000000               8
   607.000000               8
   608.000000               8
   609.000000               8
   610.000000               8
   611.000000               8
   612.000000               8
   613.000000               8
   614.000000               8
   615.000000               8
   616.000000               8
   617.000000               8
   618.000000               8
   619.000000               8
   620.000000               8
   621.000000               8
   622.000000               8
   623.000000               8
   624.000000               8
   625.000000               8
   626.000000               8
   627.000000               8
   628.000000               8
   629.000000               8
   630.000000               8
   631.000000               8
   632.000000               8
   633.000000               8
   634.000000               8
   635.000000               8
   636.000000               8
   637.000000               8
   638.000000               8
   639.000000               8
   640.000000               8
   641.000000               8
   642.000000               8
   643.000000               8
   644.000000               8
   645.000000               8
   646.000000               8
   647.000000               8
   648.000000               8
   649.000000               8
   650.000000               8
   651.000000               8
   652.000000               8
   653.000000               8
   654.000000               8
   655.000000               8
   656.000000               8
   657.000000               8
   658.000000               8
   659.000000               8
   660.000000               8
   661.000000               8
   662.000000               8
   663.000000               8
   664.000000               8
   665.000000               8
   666.000000               8
   667.000000               8
   668.000000               8
   669.000000               8
   670.000000               8
   671.000000               8
   672.000000               8
   673.000000               8
   674.000000               8
   675.000000               8
   676.000000               8
   677.000000               8
   678.000000               8
   679.000000               8
   680.000000               8
   681.000000               8
   682.000000               8
   683.000000               8
   684.000000               8
   685.000000               8
   686.000000               8
   687.000000               8
   688.000000               8
   689.000000               8
   690.000000               8
   691.000000               8
   692.000000               8
   693.000000               8
   694.000000               8
   695.000000               8
   696.000000               8
   697.000000               8
   698.000000               8
   699.000000               8
   700.000000               8
   701.000000               8
   702.000000               8
   703.000000               8
   704.000000               8
   705.000000               8
   706.000000               8
   707.000000               8
   708.000000               8
   709.000000               8
   710.000000               8
   711.000000               8
   712.000000               8
   713.000000               8
   714.000000               8
   715.000000               8
   716.000000               8
   717.000000               8
   718.000000               8
   719.000000               8
   720.000000               8
   721.000000               8
   722.000000               8
   723.000000               8
   724.000000               8
   725.000000               8
   726.000000               8
   727.000000               8
   728.000000               8
   729.000000               8
   730.000000               8
   731.000000               8
   732.000000               8
   733.000000               8
   734.000000               8
   735.000000               8
   736.000000               8
   737.000000               8
   738.000000               8
   739.000000               8
   740.000000               8
   741.000000               8
   742.000000               8
   743.000000               8
   744.000000               8
   745.000000               8
   746.000000               8
   747.000000               8
   748.000000               8
   749.000000               8
   750.000000               8
   751.000000               8
   752.000000               8
   753.000000               8
   754.000000               8
   755.000000               8
   756.000000               8
   757.000000               8
   758.000000               8
   759.000000               8
   760.000000               8
   761.000000               8
   762.000000               8
   763.000000               8
   764.000000               8
   765.000000               8
   766.000000               8
   767.000000               8
   768.000000               8
   769.000000               8
   770.000000               8
   771.000000               8
   772.000000               8
   773.000000               8
   774.000000               8
   775.000000               8
   776.000000               8
   777.000000               8
   778.000000               8
   779.000000               8
   780.000000               8
   781.000000               8
   782.000000               8
   783.000000               8
   784.000000               8
   785.000000               8
   786.000000               8
   787.000000               8
   788.000000               8
   789.000000               8
   790.000000               8
   791.000000               8
   792.000000               8
   793.000000               8
   794.000000               8
   795.000000               8
   796.000000               8
   797.000000               8
   798.000000               8
   799.000000               8
   800.000000               8
