  0.200000003               0
  0.300000012               0
  0.400000006               0
  0.500000000               0
  0.600000024               0
  0.699999988               0
  0.800000012               0
  0.899999976               0
   1.00000000               0
   1.10000002               0
   1.20000005               0
   1.29999995               0
   1.39999998               0
   1.50000000               0
   1.60000002               0
   1.70000005               0
   1.79999995               0
   1.89999998               0
   2.00000000               0
   2.09999990               0
   2.20000005               0
   2.29999995               0
   2.40000010               0
   2.50000000               0
   2.59999990               0
   2.70000005               0
   2.79999995               0
   2.90000010               0
   3.00000000               0
   3.09999990               0
   3.20000005               0
   3.29999995               0
   3.40000010               0
   3.50000000               0
   3.59999990               0
   3.70000005               0
   3.79999995               0
   3.90000010               0
   4.00000000               0
   4.09999990               0
   4.19999981               0
   4.30000019               0
   4.40000010               0
   4.50000000               0
   4.59999990               0
   4.69999981               0
   4.80000019               0
   4.90000010               0
   5.00000000               0
   5.09999990               0
   5.19999981               0
   5.30000019               1
   5.40000010               1
   5.50000000               1
   5.59999990               1
   5.69999981               1
   5.80000019               1
   5.90000010               1
   6.00000000               1
   6.09999990               1
   6.19999981               1
   6.30000019               1
   6.40000010               1
   6.50000000               1
   6.59999990               1
   6.69999981               1
   6.80000019               1
   6.90000010               1
   7.00000000               1
   7.09999990               1
   7.19999981               1
   7.30000019               1
   7.40000010               1
   7.50000000               1
   7.59999990               1
   7.69999981               1
   7.80000019               1
   7.90000010               1
   8.00000000               1
   8.10000038               1
   8.19999981               1
   8.30000019               1
   8.39999962               1
   8.50000000               1
   8.60000038               1
   8.69999981               1
   8.80000019               1
   8.89999962               1
   9.00000000               1
   9.10000038               1
   9.19999981               1
   9.30000019               1
   9.39999962               1
   9.50000000               1
   9.60000038               1
   9.69999981               1
   9.80000019               1
   9.89999962               1
   10.0000000               1
   10.1000004               1
   10.1999998               1
   10.3000002               1
   10.3999996               1
   10.5000000               1
   10.6000004               1
   10.6999998               1
   10.8000002               1
   10.8999996               1
   11.0000000               1
   11.1000004               1
   11.1999998               1
   11.3000002               1
   11.3999996               1
   11.5000000               1
   11.6000004               1
   11.6999998               1
   11.8000002               1
   11.8999996               1
   12.0000000               1
   12.1000004               1
   12.1999998               1
   12.3000002               1
   12.3999996               1
   12.5000000               1
   12.6000004               1
   12.6999998               1
   12.8000002               1
   12.8999996               1
   13.0000000               1
   13.1000004               1
   13.1999998               1
   13.3000002               1
   13.3999996               1
   13.5000000               1
   13.6000004               1
   13.6999998               1
   13.8000002               1
   13.8999996               1
   14.0000000               1
   14.1000004               1
   14.1999998               1
   14.3000002               1
   14.3999996               1
   14.5000000               1
   14.6000004               1
   14.6999998               1
   14.8000002               1
   14.8999996               1
   15.0000000               1
   15.1000004               1
   15.1999998               1
   15.3000002               1
   15.3999996               1
   15.5000000               1
   15.6000004               1
   15.6999998               1
   15.8000002               1
   15.8999996               1
   16.0000000               1
   16.1000004               1
   16.2000008               1
   16.2999992               1
   16.3999996               1
   16.5000000               1
   16.6000004               1
   16.7000008               1
   16.7999992               1
   16.8999996               1
   17.0000000               1
   17.1000004               1
   17.2000008               1
   17.2999992               1
   17.3999996               1
   17.5000000               1
   17.6000004               1
   17.7000008               1
   17.7999992               1
   17.8999996               1
   18.0000000               1
   18.1000004               1
   18.2000008               1
   18.2999992               1
   18.3999996               1
   18.5000000               1
   18.6000004               1
   18.7000008               1
   18.7999992               1
   18.8999996               1
   19.0000000               1
   19.1000004               1
   19.2000008               1
   19.2999992               1
   19.3999996               1
   19.5000000               1
   19.6000004               1
   19.7000008               1
   19.7999992               1
   19.8999996               1
   20.0000000               1
   20.1000004               1
   20.2000008               1
   20.2999992               1
   20.3999996               1
   20.5000000               1
   20.6000004               1
   20.7000008               1
   20.7999992               1
   20.8999996               1
   21.0000000               1
   21.1000004               1
   21.2000008               1
   21.2999992               1
   21.3999996               1
   21.5000000               1
   21.6000004               1
   21.7000008               1
   21.7999992               1
   21.8999996               1
   22.0000000               1
   22.1000004               1
   22.2000008               1
   22.2999992               1
   22.3999996               1
   22.5000000               1
   22.6000004               1
   22.7000008               1
   22.7999992               1
   22.8999996               1
   23.0000000               1
   23.1000004               1
   23.2000008               1
   23.2999992               1
   23.3999996               1
   23.5000000               1
   23.6000004               1
   23.7000008               1
   23.7999992               1
   23.8999996               1
   24.0000000               1
   24.1000004               1
   24.2000008               1
   24.2999992               1
   24.3999996               1
   24.5000000               1
   24.6000004               1
   24.7000008               1
   24.7999992               1
   24.8999996               1
   25.0000000               1
   25.1000004               1
   25.2000008               1
   25.2999992               1
   25.3999996               1
   25.5000000               1
   25.6000004               1
   25.7000008               1
   25.7999992               1
   25.8999996               1
   26.0000000               1
   26.1000004               1
   26.2000008               1
   26.2999992               1
   26.3999996               1
   26.5000000               1
   26.6000004               1
   26.7000008               1
   26.7999992               1
   26.8999996               1
   27.0000000               1
   27.1000004               1
   27.2000008               1
   27.2999992               1
   27.3999996               1
   27.5000000               1
   27.6000004               1
   27.7000008               1
   27.7999992               1
   27.8999996               1
   28.0000000               1
   28.1000004               1
   28.2000008               1
   28.2999992               1
   28.3999996               1
   28.5000000               1
   28.6000004               1
   28.7000008               1
   28.7999992               1
   28.8999996               1
   29.0000000               1
   29.1000004               1
   29.2000008               1
   29.2999992               1
   29.3999996               1
   29.5000000               1
   29.6000004               1
   29.7000008               1
   29.7999992               1
   29.8999996               1
   30.0000000               1
   30.1000004               1
   30.2000008               1
   30.2999992               1
   30.3999996               1
   30.5000000               1
   30.6000004               1
   30.7000008               1
   30.7999992               1
   30.8999996               1
   31.0000000               1
   31.1000004               1
   31.2000008               1
   31.2999992               1
   31.3999996               1
   31.5000000               1
   31.6000004               1
   31.7000008               1
   31.7999992               1
   31.8999996               1
   32.0000000               1
   32.0999985               1
   32.2000008               1
   32.2999992               1
   32.4000015               1
   32.5000000               1
   32.5999985               1
   32.7000008               1
   32.7999992               1
   32.9000015               1
   33.0000000               1
   33.0999985               1
   33.2000008               1
   33.2999992               1
   33.4000015               1
   33.5000000               1
   33.5999985               1
   33.7000008               1
   33.7999992               1
   33.9000015               1
   34.0000000               1
   34.0999985               1
   34.2000008               1
   34.2999992               1
   34.4000015               1
   34.5000000               1
   34.5999985               1
   34.7000008               1
   34.7999992               1
   34.9000015               1
   35.0000000               1
   35.0999985               1
   35.2000008               1
   35.2999992               1
   35.4000015               1
   35.5000000               1
   35.5999985               1
   35.7000008               1
   35.7999992               1
   35.9000015               1
   36.0000000               1
   36.0999985               1
   36.2000008               1
   36.2999992               1
   36.4000015               1
   36.5000000               1
   36.5999985               1
   36.7000008               1
   36.7999992               1
   36.9000015               1
   37.0000000               1
   37.0999985               1
   37.2000008               1
   37.2999992               1
   37.4000015               1
   37.5000000               1
   37.5999985               1
   37.7000008               1
   37.7999992               1
   37.9000015               1
   38.0000000               1
   38.0999985               1
   38.2000008               1
   38.2999992               1
   38.4000015               1
   38.5000000               1
   38.5999985               1
   38.7000008               1
   38.7999992               1
   38.9000015               1
   39.0000000               1
   39.0999985               1
   39.2000008               1
   39.2999992               1
   39.4000015               1
   39.5000000               1
   39.5999985               1
   39.7000008               1
   39.7999992               1
   39.9000015               1
   40.0000000               1
   40.0999985               1
   40.2000008               1
   40.2999992               1
   40.4000015               1
   40.5000000               1
   40.5999985               1
   40.7000008               1
   40.7999992               1
   40.9000015               1
   41.0000000               1
   41.0999985               1
   41.2000008               1
   41.2999992               1
   41.4000015               1
   41.5000000               1
   41.5999985               1
   41.7000008               1
   41.7999992               1
   41.9000015               1
   42.0000000               1
   42.0999985               1
   42.2000008               1
   42.2999992               1
   42.4000015               2
   42.5000000               3
   42.5999985               3
   42.7000008               3
   42.7999992               3
   42.9000015               3
   43.0000000               3
   43.0999985               3
   43.2000008               3
   43.2999992               3
   43.4000015               3
   43.5000000               3
   43.5999985               3
   43.7000008               3
   43.7999992               3
   43.9000015               3
   44.0000000               3
   44.0999985               3
   44.2000008               3
   44.2999992               3
   44.4000015               3
   44.5000000               3
   44.5999985               3
   44.7000008               3
   44.7999992               3
   44.9000015               3
   45.0000000               3
   45.0999985               3
   45.2000008               3
   45.2999992               3
   45.4000015               3
   45.5000000               3
   45.5999985               3
   45.7000008               3
   45.7999992               3
   45.9000015               3
   46.0000000               3
   46.0999985               3
   46.2000008               3
   46.2999992               3
   46.4000015               3
   46.5000000               3
   46.5999985               3
   46.7000008               3
   46.7999992               3
   46.9000015               3
   47.0000000               3
   47.0999985               3
   47.2000008               3
   47.2999992               3
   47.4000015               3
   47.5000000               3
   47.5999985               3
   47.7000008               3
   47.7999992               3
   47.9000015               3
   48.0000000               3
   48.0999985               3
   48.2000008               3
   48.2999992               3
   48.4000015               3
   48.5000000               3
   48.5999985               3
   48.7000008               3
   48.7999992               3
   48.9000015               3
   49.0000000               3
   49.0999985               3
   49.2000008               3
   49.2999992               3
   49.4000015               3
   49.5000000               3
   49.5999985               3
   49.7000008               3
   49.7999992               3
   49.9000015               3
   50.0000000               3
   50.0999985               3
   50.2000008               3
   50.2999992               3
   50.4000015               3
   50.5000000               3
   50.5999985               3
   50.7000008               3
   50.7999992               3
   50.9000015               3
   51.0000000               3
   51.0999985               3
   51.2000008               3
   51.2999992               3
   51.4000015               3
   51.5000000               3
   51.5999985               3
   51.7000008               3
   51.7999992               3
   51.9000015               3
   52.0000000               3
   52.0999985               3
   52.2000008               3
   52.2999992               3
   52.4000015               3
   52.5000000               3
   52.5999985               3
   52.7000008               3
   52.7999992               3
   52.9000015               3
   53.0000000               3
   53.0999985               3
   53.2000008               3
   53.2999992               3
   53.4000015               3
   53.5000000               3
   53.5999985               3
   53.7000008               3
   53.7999992               3
   53.9000015               3
   54.0000000               3
   54.0999985               3
   54.2000008               3
   54.2999992               3
   54.4000015               3
   54.5000000               3
   54.5999985               3
   54.7000008               3
   54.7999992               3
   54.9000015               3
   55.0000000               3
   55.0999985               3
   55.2000008               3
   55.2999992               3
   55.4000015               3
   55.5000000               3
   55.5999985               3
   55.7000008               3
   55.7999992               3
   55.9000015               3
   56.0000000               3
   56.0999985               3
   56.2000008               3
   56.2999992               3
   56.4000015               3
   56.5000000               3
   56.5999985               3
   56.7000008               3
   56.7999992               3
   56.9000015               3
   57.0000000               3
   57.0999985               3
   57.2000008               3
   57.2999992               3
   57.4000015               3
   57.5000000               3
   57.5999985               3
   57.7000008               3
   57.7999992               3
   57.9000015               3
   58.0000000               3
   58.0999985               3
   58.2000008               3
   58.2999992               3
   58.4000015               3
   58.5000000               3
   58.5999985               3
   58.7000008               3
   58.7999992               3
   58.9000015               3
   59.0000000               3
   59.0999985               3
   59.2000008               3
   59.2999992               3
   59.4000015               3
   59.5000000               3
   59.5999985               3
   59.7000008               3
   59.7999992               3
   59.9000015               3
   60.0000000               3
   60.0999985               3
   60.2000008               3
   60.2999992               3
   60.4000015               3
   60.5000000               3
   60.5999985               3
   60.7000008               3
   60.7999992               3
   60.9000015               3
   61.0000000               3
   61.0999985               3
   61.2000008               3
   61.2999992               3
   61.4000015               3
   61.5000000               3
   61.5999985               3
   61.7000008               3
   61.7999992               3
   61.9000015               3
   62.0000000               3
   62.0999985               3
   62.2000008               3
   62.2999992               3
   62.4000015               3
   62.5000000               3
   62.5999985               3
   62.7000008               3
   62.7999992               3
   62.9000015               3
   63.0000000               3
   63.0999985               3
   63.2000008               3
   63.2999992               3
   63.4000015               3
   63.5000000               3
   63.5999985               3
   63.7000008               3
   63.7999992               3
   63.9000015               3
   64.0000000               3
   64.0999985               3
   64.1999969               3
   64.3000031               3
   64.4000015               3
   64.5000000               3
   64.5999985               3
   64.6999969               3
   64.8000031               3
   64.9000015               3
   65.0000000               3
   65.0999985               3
   65.1999969               3
   65.3000031               3
   65.4000015               3
   65.5000000               3
   65.5999985               3
   65.6999969               3
   65.8000031               3
   65.9000015               3
   66.0000000               3
   66.0999985               3
   66.1999969               3
   66.3000031               3
   66.4000015               3
   66.5000000               3
   66.5999985               3
   66.6999969               3
   66.8000031               3
   66.9000015               3
   67.0000000               3
   67.0999985               3
   67.1999969               3
   67.3000031               3
   67.4000015               3
   67.5000000               3
   67.5999985               3
   67.6999969               3
   67.8000031               3
   67.9000015               3
   68.0000000               3
   68.0999985               3
   68.1999969               3
   68.3000031               3
   68.4000015               3
   68.5000000               3
   68.5999985               3
   68.6999969               3
   68.8000031               3
   68.9000015               3
   69.0000000               4
   69.0999985               5
   69.1999969               5
   69.3000031               5
   69.4000015               5
   69.5000000               5
   69.5999985               5
   69.6999969               5
   69.8000031               5
   69.9000015               5
   70.0000000               5
   70.0999985               5
   70.1999969               5
   70.3000031               5
   70.4000015               5
   70.5000000               5
   70.5999985               5
   70.6999969               5
   70.8000031               6
   70.9000015               7
   71.0000000               7
   71.0999985               7
   71.1999969               7
   71.3000031               7
   71.4000015               7
   71.5000000               7
   71.5999985               7
   71.6999969               7
   71.8000031               7
   71.9000015               7
   72.0000000               7
   72.0999985               7
   72.1999969               7
   72.3000031               7
   72.4000015               7
   72.5000000               7
   72.5999985               7
   72.6999969               7
   72.8000031               7
   72.9000015               7
   73.0000000               7
   73.0999985               7
   73.1999969               7
   73.3000031               7
   73.4000015               7
   73.5000000               7
   73.5999985               7
   73.6999969               7
   73.8000031               7
   73.9000015               7
   74.0000000               7
   74.0999985               7
   74.1999969               7
   74.3000031               7
   74.4000015               7
   74.5000000               7
   74.5999985               7
   74.6999969               7
   74.8000031               7
   74.9000015               7
   75.0000000               7
   75.0999985               7
   75.1999969               7
   75.3000031               7
   75.4000015               7
   75.5000000               7
   75.5999985               7
   75.6999969               7
   75.8000031               7
   75.9000015               7
   76.0000000               7
   76.0999985               7
   76.1999969               7
   76.3000031               7
   76.4000015               7
   76.5000000               7
   76.5999985               7
   76.6999969               7
   76.8000031               7
   76.9000015               7
   77.0000000               7
   77.0999985               7
   77.1999969               7
   77.3000031               7
   77.4000015               7
   77.5000000               7
   77.5999985               7
   77.6999969               7
   77.8000031               7
   77.9000015               7
   78.0000000               7
   78.0999985               7
   78.1999969               7
   78.3000031               7
   78.4000015               7
   78.5000000               7
   78.5999985               7
   78.6999969               7
   78.8000031               7
   78.9000015               7
   79.0000000               7
   79.0999985               7
   79.1999969               7
   79.3000031               7
   79.4000015               7
   79.5000000               7
   79.5999985               7
   79.6999969               7
   79.8000031               7
   79.9000015               7
   80.0000000               7
   80.0999985               7
   80.1999969               7
   80.3000031               7
   80.4000015               7
   80.5000000               7
   80.5999985               7
   80.6999969               7
   80.8000031               7
   80.9000015               7
   81.0000000               7
   81.0999985               7
   81.1999969               7
   81.3000031               7
   81.4000015               7
   81.5000000               7
   81.5999985               7
   81.6999969               7
   81.8000031               7
   81.9000015               7
   82.0000000               7
   82.0999985               7
   82.1999969               7
   82.3000031               7
   82.4000015               7
   82.5000000               7
   82.5999985               7
   82.6999969               7
   82.8000031               7
   82.9000015               7
   83.0000000               7
   83.0999985               7
   83.1999969               7
   83.3000031               7
   83.4000015               7
   83.5000000               7
   83.5999985               7
   83.6999969               7
   83.8000031               7
   83.9000015               7
   84.0000000               7
   84.0999985               7
   84.1999969               7
   84.3000031               7
   84.4000015               7
   84.5000000               7
   84.5999985               7
   84.6999969               7
   84.8000031               7
   84.9000015               7
   85.0000000               7
   85.0999985               7
   85.1999969               7
   85.3000031               7
   85.4000015               7
   85.5000000               7
   85.5999985               7
   85.6999969               7
   85.8000031               7
   85.9000015               7
   86.0000000               7
   86.0999985               7
   86.1999969               7
   86.3000031               7
   86.4000015               7
   86.5000000               7
   86.5999985               7
   86.6999969               7
   86.8000031               7
   86.9000015               7
   87.0000000               7
   87.0999985               7
   87.1999969               7
   87.3000031               7
   87.4000015               7
   87.5000000               7
   87.5999985               7
   87.6999969               7
   87.8000031               7
   87.9000015               7
   88.0000000               7
   88.0999985               7
   88.1999969               7
   88.3000031               7
   88.4000015               7
   88.5000000               7
   88.5999985               7
   88.6999969               7
   88.8000031               7
   88.9000015               7
   89.0000000               7
   89.0999985               7
   89.1999969               7
   89.3000031               7
   89.4000015               7
   89.5000000               7
   89.5999985               7
   89.6999969               7
   89.8000031               7
   89.9000015               7
   90.0000000               7
   90.0999985               7
   90.1999969               7
   90.3000031               7
   90.4000015               7
   90.5000000               7
   90.5999985               7
   90.6999969               7
   90.8000031               7
   90.9000015               7
   91.0000000               7
   91.0999985               7
   91.1999969               7
   91.3000031               7
   91.4000015               7
   91.5000000               7
   91.5999985               7
   91.6999969               7
   91.8000031               7
   91.9000015               7
   92.0000000               7
   92.0999985               7
   92.1999969               7
   92.3000031               7
   92.4000015               7
   92.5000000               7
   92.5999985               7
   92.6999969               7
   92.8000031               7
   92.9000015               7
   93.0000000               7
   93.0999985               7
   93.1999969               7
   93.3000031               7
   93.4000015               7
   93.5000000               7
   93.5999985               7
   93.6999969               7
   93.8000031               7
   93.9000015               7
   94.0000000               7
   94.0999985               7
   94.1999969               7
   94.3000031               7
   94.4000015               7
   94.5000000               7
   94.5999985               7
   94.6999969               7
   94.8000031               7
   94.9000015               7
   95.0000000               7
   95.0999985               7
   95.1999969               7
   95.3000031               7
   95.4000015               7
   95.5000000               7
   95.5999985               7
   95.6999969               7
   95.8000031               7
   95.9000015               7
   96.0000000               7
   96.0999985               7
   96.1999969               7
   96.3000031               7
   96.4000015               7
   96.5000000               7
   96.5999985               7
   96.6999969               7
   96.8000031               7
   96.9000015               7
   97.0000000               7
   97.0999985               7
   97.1999969               7
   97.3000031               7
   97.4000015               7
   97.5000000               7
   97.5999985               7
   97.6999969               7
   97.8000031               7
   97.9000015               7
   98.0000000               7
   98.0999985               7
   98.1999969               7
   98.3000031               7
   98.4000015               7
   98.5000000               7
   98.5999985               7
   98.6999969               7
   98.8000031               7
   98.9000015               7
   99.0000000               7
   99.0999985               7
   99.1999969               7
   99.3000031               7
   99.4000015               7
   99.5000000               7
   99.5999985               7
   99.6999969               7
   99.8000031               7
   99.9000015               7
   100.000000               7
   100.099998               7
   100.199997               7
   100.300003               7
   100.400002               7
   100.500000               7
   100.599998               7
   100.699997               7
   100.800003               7
   100.900002               7
   101.000000               7
   101.099998               7
   101.199997               7
   101.300003               7
   101.400002               7
   101.500000               7
   101.599998               7
   101.699997               7
   101.800003               7
   101.900002               7
   102.000000               7
   102.099998               7
   102.199997               7
   102.300003               7
   102.400002               7
   102.500000               7
   102.599998               7
   102.699997               7
   102.800003               7
   102.900002               7
   103.000000               7
   103.099998               7
   103.199997               7
   103.300003               7
   103.400002               7
   103.500000               7
   103.599998               7
   103.699997               7
   103.800003               8
   103.900002               9
   104.000000               9
   104.099998               9
   104.199997               9
   104.300003               9
   104.400002               9
   104.500000               9
   104.599998               9
   104.699997               9
   104.800003               9
   104.900002               9
   105.000000               9
   105.099998               9
   105.199997               9
   105.300003               9
   105.400002               9
   105.500000               9
   105.599998               9
   105.699997               9
   105.800003               9
   105.900002               9
   106.000000               9
   106.099998               9
   106.199997               9
   106.300003               9
   106.400002               9
   106.500000               9
   106.599998               9
   106.699997               9
   106.800003               9
   106.900002               9
   107.000000               9
   107.099998               9
   107.199997               9
   107.300003               9
   107.400002               9
   107.500000               9
   107.599998               9
   107.699997               9
   107.800003               9
   107.900002               9
   108.000000               9
   108.099998               9
   108.199997               9
   108.300003               9
   108.400002               9
   108.500000               9
   108.599998               9
   108.699997               9
   108.800003               9
   108.900002               9
   109.000000               9
   109.099998               9
   109.199997               9
   109.300003               9
   109.400002               9
   109.500000               9
   109.599998               9
   109.699997               9
   109.800003               9
   109.900002               9
   110.000000               9
   110.099998               9
   110.199997               9
   110.300003               9
   110.400002               9
   110.500000               9
   110.599998               9
   110.699997               9
   110.800003               9
   110.900002               9
   111.000000               9
   111.099998               9
   111.199997               9
   111.300003               9
   111.400002               9
   111.500000               9
   111.599998               9
   111.699997               9
   111.800003               9
   111.900002               9
   112.000000               9
   112.099998               9
   112.199997               9
   112.300003               9
   112.400002               9
   112.500000               9
   112.599998               9
   112.699997               9
   112.800003               9
   112.900002               9
   113.000000               9
   113.099998               9
   113.199997               9
   113.300003               9
   113.400002               9
   113.500000               9
   113.599998               9
   113.699997               9
   113.800003               9
   113.900002               9
   114.000000               9
   114.099998               9
   114.199997               9
   114.300003               9
   114.400002               9
   114.500000               9
   114.599998               9
   114.699997               9
   114.800003               9
   114.900002               9
   115.000000               9
   115.099998               9
   115.199997               9
   115.300003               9
   115.400002               9
   115.500000               9
   115.599998               9
   115.699997               9
   115.800003               9
   115.900002               9
   116.000000               9
   116.099998               9
   116.199997               9
   116.300003               9
   116.400002               9
   116.500000               9
   116.599998               9
   116.699997               9
   116.800003               9
   116.900002               9
   117.000000               9
   117.099998               9
   117.199997               9
   117.300003               9
   117.400002               9
   117.500000               9
   117.599998               9
   117.699997               9
   117.800003               9
   117.900002               9
   118.000000               9
   118.099998               9
   118.199997               9
   118.300003               9
   118.400002               9
   118.500000               9
   118.599998               9
   118.699997               9
   118.800003               9
   118.900002               9
   119.000000               9
   119.099998               9
   119.199997               9
   119.300003               9
   119.400002               9
   119.500000               9
   119.599998               9
   119.699997               9
   119.800003               9
   119.900002               9
   120.000000               9
   120.099998               9
   120.199997               9
   120.300003               9
   120.400002               9
   120.500000               9
   120.599998               9
   120.699997               9
   120.800003               9
   120.900002               9
   121.000000               9
   121.099998               9
   121.199997               9
   121.300003               9
   121.400002               9
   121.500000               9
   121.599998               9
   121.699997               9
   121.800003               9
   121.900002               9
   122.000000               9
   122.099998               9
   122.199997               9
   122.300003               9
   122.400002               9
   122.500000               9
   122.599998               9
   122.699997               9
   122.800003               9
   122.900002               9
   123.000000               9
   123.099998               9
   123.199997               9
   123.300003               9
   123.400002               9
   123.500000               9
   123.599998               9
   123.699997               9
   123.800003               9
   123.900002               9
   124.000000               9
   124.099998               9
   124.199997               9
   124.300003               9
   124.400002               9
   124.500000               9
   124.599998               9
   124.699997               9
   124.800003               9
   124.900002               9
   125.000000               9
   125.099998               9
   125.199997               9
   125.300003               9
   125.400002               9
   125.500000               9
   125.599998               9
   125.699997               9
   125.800003               9
   125.900002               9
   126.000000               9
   126.099998               9
   126.199997               9
   126.300003               9
   126.400002               9
   126.500000               9
   126.599998               9
   126.699997               9
   126.800003               9
   126.900002               9
   127.000000               9
   127.099998               9
   127.199997               9
   127.300003               9
   127.400002               9
   127.500000               9
   127.599998               9
   127.699997               9
   127.800003               9
   127.900002               9
   128.000000               9
   128.100006               9
   128.199997               9
   128.300003               9
   128.399994               9
   128.500000               9
   128.600006               9
   128.699997               9
   128.800003               9
   128.899994               9
   129.000000               9
   129.100006               9
   129.199997               9
   129.300003               9
   129.399994               9
   129.500000               9
   129.600006               9
   129.699997               9
   129.800003               9
   129.899994               9
   130.000000               9
   130.100006               9
   130.199997               9
   130.300003               9
   130.399994               9
   130.500000               9
   130.600006               9
   130.699997               9
   130.800003               9
   130.899994               9
   131.000000               9
   131.100006               9
   131.199997               9
   131.300003               9
   131.399994               9
   131.500000               9
   131.600006               9
   131.699997               9
   131.800003               9
   131.899994               9
   132.000000               9
   132.100006               9
   132.199997               9
   132.300003               9
   132.399994               9
   132.500000               9
   132.600006               9
   132.699997               9
   132.800003               9
   132.899994               9
   133.000000               9
   133.100006               9
   133.199997               9
   133.300003               9
   133.399994               9
   133.500000               9
   133.600006               9
   133.699997               9
   133.800003               9
   133.899994               9
   134.000000               9
   134.100006               9
   134.199997               9
   134.300003               9
   134.399994               9
   134.500000               9
   134.600006               9
   134.699997               9
   134.800003               9
   134.899994               9
   135.000000               9
   135.100006               9
   135.199997               9
   135.300003               9
   135.399994               9
   135.500000               9
   135.600006               9
   135.699997               9
   135.800003               9
   135.899994               9
   136.000000               9
   136.100006               9
   136.199997               9
   136.300003               9
   136.399994               9
   136.500000               9
   136.600006               9
   136.699997               9
   136.800003               9
   136.899994               9
   137.000000               9
   137.100006               9
   137.199997               9
   137.300003               9
   137.399994               9
   137.500000               9
   137.600006               9
   137.699997               9
   137.800003               9
   137.899994               9
   138.000000               9
   138.100006               9
   138.199997               9
   138.300003               9
   138.399994               9
   138.500000               9
   138.600006               9
   138.699997               9
   138.800003               9
   138.899994               9
   139.000000               9
   139.100006               9
   139.199997               9
   139.300003               9
   139.399994               9
   139.500000               9
   139.600006               9
   139.699997               9
   139.800003               9
   139.899994               9
   140.000000               9
   140.100006               9
   140.199997               9
   140.300003               9
   140.399994               9
   140.500000               9
   140.600006               9
   140.699997               9
   140.800003               9
   140.899994               9
   141.000000               9
   141.100006               9
   141.199997               9
   141.300003               9
   141.399994               9
   141.500000               9
   141.600006               9
   141.699997               9
   141.800003               9
   141.899994               9
   142.000000               9
   142.100006               9
   142.199997               9
   142.300003               9
   142.399994               9
   142.500000               9
   142.600006               9
   142.699997               9
   142.800003               9
   142.899994               9
   143.000000               9
   143.100006               9
   143.199997               9
   143.300003               9
   143.399994               9
   143.500000               9
   143.600006               9
   143.699997               9
   143.800003               9
   143.899994               9
   144.000000               9
   144.100006               9
   144.199997               9
   144.300003               9
   144.399994               9
   144.500000               9
   144.600006               9
   144.699997               9
   144.800003               9
   144.899994               9
   145.000000               9
   145.100006               9
   145.199997               9
   145.300003               9
   145.399994               9
   145.500000               9
   145.600006               9
   145.699997               9
   145.800003               9
   145.899994               9
   146.000000               9
   146.100006               9
   146.199997               9
   146.300003               9
   146.399994               9
   146.500000               9
   146.600006               9
   146.699997               9
   146.800003               9
   146.899994               9
   147.000000               9
   147.100006               9
   147.199997               9
   147.300003               9
   147.399994               9
   147.500000               9
   147.600006               9
   147.699997               9
   147.800003               9
   147.899994               9
   148.000000               9
   148.100006               9
   148.199997               9
   148.300003               9
   148.399994               9
   148.500000               9
   148.600006               9
   148.699997               9
   148.800003               9
   148.899994               9
   149.000000               9
   149.100006               9
   149.199997               9
   149.300003               9
   149.399994               9
   149.500000               9
   149.600006               9
   149.699997               9
   149.800003               9
   149.899994               9
   150.000000               9
   150.100006               9
   150.199997               9
   150.300003               9
   150.399994               9
   150.500000               9
   150.600006               9
   150.699997               9
   150.800003               9
   150.899994               9
   151.000000               9
   151.100006               9
   151.199997               9
   151.300003               9
   151.399994               9
   151.500000               9
   151.600006               9
   151.699997               9
   151.800003               9
   151.899994               9
   152.000000               9
   152.100006               9
   152.199997               9
   152.300003               9
   152.399994               9
   152.500000               9
   152.600006               9
   152.699997               9
   152.800003               9
   152.899994               9
   153.000000               9
   153.100006               9
   153.199997               9
   153.300003               9
   153.399994               9
   153.500000               9
   153.600006               9
   153.699997               9
   153.800003               9
   153.899994               9
   154.000000               9
   154.100006               9
   154.199997               9
   154.300003               9
   154.399994               9
   154.500000               9
   154.600006               9
   154.699997               9
   154.800003               9
   154.899994               9
   155.000000               9
   155.100006               9
   155.199997               9
   155.300003               9
   155.399994               9
   155.500000               9
   155.600006               9
   155.699997               9
   155.800003               9
   155.899994               9
   156.000000               9
   156.100006               9
   156.199997               9
   156.300003               9
   156.399994               9
   156.500000               9
   156.600006               9
   156.699997               9
   156.800003               9
   156.899994               9
   157.000000               9
   157.100006               9
   157.199997               9
   157.300003               9
   157.399994               9
   157.500000               9
   157.600006               9
   157.699997               9
   157.800003               9
   157.899994               9
   158.000000               9
   158.100006               9
   158.199997               9
   158.300003               9
   158.399994               9
   158.500000               9
   158.600006               9
   158.699997               9
   158.800003               9
   158.899994               9
   159.000000               9
   159.100006               9
   159.199997               9
   159.300003               9
   159.399994               9
   159.500000               9
   159.600006               9
   159.699997               9
   159.800003               9
   159.899994               9
   160.000000               9
   160.100006               9
   160.199997               9
   160.300003               9
   160.399994               9
   160.500000               9
   160.600006               9
   160.699997               9
   160.800003               9
   160.899994               9
   161.000000               9
   161.100006               9
   161.199997               9
   161.300003               9
   161.399994               9
   161.500000               9
   161.600006               9
   161.699997               9
   161.800003               9
   161.899994               9
   162.000000               9
   162.100006               9
   162.199997               9
   162.300003               9
   162.399994               9
   162.500000               9
   162.600006               9
   162.699997               9
   162.800003               9
   162.899994               9
   163.000000               9
   163.100006               9
   163.199997               9
   163.300003               9
   163.399994               9
   163.500000               9
   163.600006               9
   163.699997               9
   163.800003               9
   163.899994               9
   164.000000               9
   164.100006               9
   164.199997               9
   164.300003               9
   164.399994               9
   164.500000               9
   164.600006               9
   164.699997               9
   164.800003               9
   164.899994               9
   165.000000               9
   165.100006               9
   165.199997               9
   165.300003               9
   165.399994               9
   165.500000               9
   165.600006               9
   165.699997               9
   165.800003               9
   165.899994               9
   166.000000               9
   166.100006               9
   166.199997               9
   166.300003               9
   166.399994               9
   166.500000               9
   166.600006               9
   166.699997               9
   166.800003               9
   166.899994               9
   167.000000               9
   167.100006               9
   167.199997               9
   167.300003               9
   167.399994               9
   167.500000               9
   167.600006               9
   167.699997               9
   167.800003               9
   167.899994               9
   168.000000               9
   168.100006               9
   168.199997               9
   168.300003               9
   168.399994               9
   168.500000               9
   168.600006               9
   168.699997               9
   168.800003               9
   168.899994               9
   169.000000               9
   169.100006               9
   169.199997               9
   169.300003               9
   169.399994               9
   169.500000               9
   169.600006               9
   169.699997               9
   169.800003               9
   169.899994               9
   170.000000               9
   170.100006               9
   170.199997               9
   170.300003               9
   170.399994               9
   170.500000               9
   170.600006               9
   170.699997               9
   170.800003               9
   170.899994               9
   171.000000               9
   171.100006               9
   171.199997               9
   171.300003               9
   171.399994               9
   171.500000               9
   171.600006               9
   171.699997               9
   171.800003               9
   171.899994               9
   172.000000               9
   172.100006               9
   172.199997               9
   172.300003               9
   172.399994               9
   172.500000               9
   172.600006               9
   172.699997               9
   172.800003               9
   172.899994               9
   173.000000               9
   173.100006               9
   173.199997               9
   173.300003               9
   173.399994               9
   173.500000               9
   173.600006               9
   173.699997               9
   173.800003               9
   173.899994               9
   174.000000               9
   174.100006               9
   174.199997               9
   174.300003               9
   174.399994               9
   174.500000               9
   174.600006               9
   174.699997               9
   174.800003               9
   174.899994               9
   175.000000               9
   175.100006               9
   175.199997               9
   175.300003               9
   175.399994               9
   175.500000               9
   175.600006               9
   175.699997               9
   175.800003               9
   175.899994               9
   176.000000               9
   176.100006               9
   176.199997               9
   176.300003               9
   176.399994               9
   176.500000               9
   176.600006               9
   176.699997               9
   176.800003               9
   176.899994               9
   177.000000               9
   177.100006               9
   177.199997               9
   177.300003               9
   177.399994               9
   177.500000               9
   177.600006               9
   177.699997               9
   177.800003               9
   177.899994               9
   178.000000               9
   178.100006               9
   178.199997               9
   178.300003               9
   178.399994               9
   178.500000               9
   178.600006               9
   178.699997               9
   178.800003               9
   178.899994               9
   179.000000              10
   179.100006              11
   179.199997              11
   179.300003              11
   179.399994              11
   179.500000              11
   179.600006              11
   179.699997              11
   179.800003              11
   179.899994              11
   180.000000              11
   180.100006              11
   180.199997              11
   180.300003              11
   180.399994              11
   180.500000              11
   180.600006              11
   180.699997              11
   180.800003              11
   180.899994              11
   181.000000              11
   181.100006              11
   181.199997              11
   181.300003              11
   181.399994              11
   181.500000              11
   181.600006              11
   181.699997              11
   181.800003              11
   181.899994              11
   182.000000              11
   182.100006              11
   182.199997              11
   182.300003              11
   182.399994              11
   182.500000              11
   182.600006              11
   182.699997              11
   182.800003              11
   182.899994              11
   183.000000              11
   183.100006              11
   183.199997              11
   183.300003              11
   183.399994              11
   183.500000              11
   183.600006              11
   183.699997              11
   183.800003              11
   183.899994              11
   184.000000              11
   184.100006              11
   184.199997              11
   184.300003              11
   184.399994              11
   184.500000              11
   184.600006              11
   184.699997              11
   184.800003              11
   184.899994              11
   185.000000              11
   185.100006              11
   185.199997              11
   185.300003              11
   185.399994              11
   185.500000              11
   185.600006              11
   185.699997              11
   185.800003              11
   185.899994              11
   186.000000              11
   186.100006              11
   186.199997              11
   186.300003              11
   186.399994              11
   186.500000              11
   186.600006              11
   186.699997              11
   186.800003              11
   186.899994              11
   187.000000              11
   187.100006              11
   187.199997              11
   187.300003              11
   187.399994              11
   187.500000              11
   187.600006              11
   187.699997              11
   187.800003              11
   187.899994              11
   188.000000              11
   188.100006              11
   188.199997              11
   188.300003              11
   188.399994              11
   188.500000              11
   188.600006              11
   188.699997              11
   188.800003              11
   188.899994              11
   189.000000              11
   189.100006              11
   189.199997              11
   189.300003              11
   189.399994              11
   189.500000              11
   189.600006              11
   189.699997              11
   189.800003              11
   189.899994              11
   190.000000              11
   190.100006              11
   190.199997              11
   190.300003              11
   190.399994              11
   190.500000              11
   190.600006              11
   190.699997              11
   190.800003              11
   190.899994              11
   191.000000              11
   191.100006              11
   191.199997              11
   191.300003              11
   191.399994              11
   191.500000              11
   191.600006              11
   191.699997              11
   191.800003              11
   191.899994              11
   192.000000              11
   192.100006              11
   192.199997              11
   192.300003              11
   192.399994              12
   192.500000              13
   192.600006              13
   192.699997              13
   192.800003              13
   192.899994              13
   193.000000              13
   193.100006              13
   193.199997              13
   193.300003              13
   193.399994              13
   193.500000              13
   193.600006              13
   193.699997              13
   193.800003              13
   193.899994              13
   194.000000              13
   194.100006              13
   194.199997              13
   194.300003              13
   194.399994              13
   194.500000              13
   194.600006              13
   194.699997              13
   194.800003              13
   194.899994              13
   195.000000              13
   195.100006              13
   195.199997              13
   195.300003              13
   195.399994              13
   195.500000              13
   195.600006              13
   195.699997              13
   195.800003              13
   195.899994              13
   196.000000              13
   196.100006              13
   196.199997              13
   196.300003              13
   196.399994              13
   196.500000              13
   196.600006              13
   196.699997              13
   196.800003              13
   196.899994              13
   197.000000              13
   197.100006              13
   197.199997              13
   197.300003              13
   197.399994              13
   197.500000              13
   197.600006              13
   197.699997              13
   197.800003              13
   197.899994              13
   198.000000              13
   198.100006              13
   198.199997              13
   198.300003              13
   198.399994              13
   198.500000              13
   198.600006              13
   198.699997              13
   198.800003              13
   198.899994              13
   199.000000              13
   199.100006              13
   199.199997              13
   199.300003              13
   199.399994              13
   199.500000              13
   199.600006              13
   199.699997              13
   199.800003              13
   199.899994              13
   200.000000              13
