 Permeation events over simulation time.
 t(ns) Number of events
   0.00000000               0
   1.00000000               0
   2.00000000               0
   3.00000000               0
   4.00000000               0
   5.00000000               0
   6.00000000               0
   7.00000000               0
   8.00000000               0
   9.00000000               0
   10.0000000               0
   11.0000000               0
   12.0000000               0
   13.0000000               0
   14.0000000               0
   15.0000000               1
   16.0000000               2
   17.0000000               2
   18.0000000               2
   19.0000000               2
   20.0000000               2
   21.0000000               3
   22.0000000               4
   23.0000000               4
   24.0000000               4
   25.0000000               4
   26.0000000               4
   27.0000000               4
   28.0000000               5
   29.0000000               6
   30.0000000               6
   31.0000000               6
   32.0000000               6
   33.0000000               6
   34.0000000               6
   35.0000000               6
   36.0000000               6
   37.0000000               6
   38.0000000               6
   39.0000000               6
   40.0000000               6
   41.0000000               6
   42.0000000               6
   43.0000000               6
   44.0000000               6
   45.0000000               6
   46.0000000               6
   47.0000000               6
   48.0000000               6
   49.0000000               6
   50.0000000               6
   51.0000000               6
   52.0000000               6
   53.0000000               6
   54.0000000               6
   55.0000000               6
   56.0000000               6
   57.0000000               6
   58.0000000               6
   59.0000000               7
   60.0000000               8
   61.0000000               8
   62.0000000               8
   63.0000000               8
   64.0000000               8
   65.0000000               8
   66.0000000               8
   67.0000000               8
   68.0000000               9
   69.0000000              10
   70.0000000              11
   71.0000000              12
   72.0000000              12
   73.0000000              12
   74.0000000              12
   75.0000000              12
   76.0000000              12
   77.0000000              12
   78.0000000              12
   79.0000000              12
   80.0000000              12
   81.0000000              12
   82.0000000              12
   83.0000000              12
   84.0000000              12
   85.0000000              12
   86.0000000              12
   87.0000000              12
   88.0000000              12
   89.0000000              12
   90.0000000              12
   91.0000000              12
   92.0000000              13
   93.0000000              15
   94.0000000              16
   95.0000000              16
   96.0000000              16
   97.0000000              16
   98.0000000              16
   99.0000000              16
   100.000000              16
   101.000000              16
   102.000000              17
   103.000000              18
   104.000000              19
   105.000000              19
   106.000000              19
   107.000000              19
   108.000000              19
   109.000000              19
   110.000000              19
   111.000000              20
   112.000000              21
   113.000000              21
   114.000000              21
   115.000000              21
   116.000000              21
   117.000000              21
   118.000000              21
   119.000000              21
   120.000000              21
   121.000000              21
   122.000000              21
   123.000000              21
   124.000000              21
   125.000000              21
   126.000000              22
   127.000000              23
   128.000000              23
   129.000000              23
   130.000000              23
   131.000000              23
   132.000000              23
   133.000000              23
   134.000000              23
   135.000000              23
   136.000000              23
   137.000000              23
   138.000000              23
   139.000000              25
   140.000000              27
   141.000000              27
   142.000000              27
   143.000000              28
   144.000000              29
   145.000000              30
   146.000000              31
   147.000000              31
   148.000000              31
   149.000000              31
   150.000000              31
   151.000000              31
   152.000000              31
   153.000000              31
   154.000000              31
   155.000000              31
   156.000000              31
   157.000000              31
   158.000000              31
   159.000000              31
   160.000000              31
   161.000000              31
   162.000000              31
   163.000000              32
   164.000000              34
   165.000000              35
   166.000000              35
   167.000000              35
   168.000000              35
   169.000000              35
   170.000000              35
   171.000000              35
   172.000000              35
   173.000000              35
   174.000000              35
   175.000000              35
   176.000000              35
   177.000000              35
   178.000000              35
   179.000000              35
   180.000000              36
   181.000000              37
   182.000000              37
   183.000000              37
   184.000000              37
   185.000000              37
   186.000000              37
   187.000000              37
   188.000000              37
   189.000000              37
   190.000000              37
   191.000000              38
   192.000000              40
   193.000000              41
   194.000000              41
   195.000000              41
   196.000000              41
   197.000000              42
   198.000000              43
   199.000000              43
   200.000000              43
   201.000000              43
   202.000000              43
   203.000000              43
   204.000000              43
   205.000000              43
   206.000000              43
   207.000000              44
   208.000000              45
   209.000000              46
   210.000000              46
   211.000000              46
   212.000000              46
   213.000000              46
   214.000000              46
   215.000000              47
   216.000000              48
   217.000000              48
   218.000000              48
   219.000000              48
   220.000000              48
   221.000000              48
   222.000000              48
   223.000000              48
   224.000000              48
   225.000000              49
   226.000000              51
   227.000000              53
   228.000000              54
   229.000000              54
   230.000000              54
   231.000000              54
   232.000000              54
   233.000000              54
   234.000000              54
   235.000000              54
   236.000000              54
   237.000000              54
   238.000000              54
   239.000000              54
   240.000000              54
   241.000000              54
   242.000000              54
   243.000000              54
   244.000000              54
   245.000000              54
   246.000000              54
   247.000000              55
   248.000000              56
   249.000000              56
   250.000000              56
   251.000000              56
   252.000000              56
   253.000000              56
   254.000000              56
   255.000000              56
   256.000000              57
   257.000000              58
   258.000000              58
   259.000000              58
   260.000000              60
   261.000000              62
   262.000000              62
   263.000000              62
   264.000000              63
   265.000000              64
   266.000000              64
   267.000000              64
   268.000000              64
   269.000000              64
   270.000000              64
   271.000000              64
   272.000000              64
   273.000000              64
   274.000000              64
   275.000000              64
   276.000000              64
   277.000000              64
   278.000000              64
   279.000000              65
   280.000000              66
   281.000000              66
   282.000000              66
   283.000000              66
   284.000000              67
   285.000000              68
   286.000000              69
   287.000000              70
   288.000000              71
   289.000000              72
   290.000000              72
   291.000000              72
   292.000000              73
   293.000000              74
   294.000000              74
   295.000000              74
   296.000000              74
   297.000000              74
   298.000000              74
   299.000000              75
   300.000000              76
   301.000000              76
   302.000000              76
   303.000000              76
   304.000000              76
   305.000000              76
   306.000000              76
   307.000000              76
   308.000000              76
   309.000000              77
   310.000000              78
   311.000000              78
   312.000000              78
   313.000000              79
   314.000000              81
   315.000000              83
   316.000000              83
   317.000000              83
   318.000000              83
   319.000000              83
   320.000000              83
   321.000000              83
   322.000000              83
   323.000000              83
   324.000000              83
   325.000000              83
   326.000000              83
   327.000000              84
   328.000000              85
   329.000000              85
   330.000000              85
   331.000000              85
   332.000000              85
   333.000000              85
   334.000000              88
   335.000000              91
   336.000000              91
   337.000000              91
   338.000000              91
   339.000000              91
   340.000000              91
   341.000000              91
   342.000000              91
   343.000000              91
   344.000000              91
   345.000000              91
   346.000000              92
   347.000000              94
   348.000000              95
   349.000000              96
   350.000000              96
   351.000000              96
   352.000000              96
   353.000000              96
   354.000000              96
   355.000000              97
   356.000000              98
   357.000000              98
   358.000000              98
   359.000000              98
   360.000000              98
   361.000000              98
   362.000000              98
   363.000000             100
   364.000000             102
   365.000000             102
   366.000000             103
   367.000000             104
   368.000000             104
   369.000000             104
   370.000000             104
   371.000000             104
   372.000000             104
   373.000000             104
   374.000000             106
   375.000000             109
   376.000000             109
   377.000000             109
   378.000000             109
   379.000000             110
   380.000000             111
   381.000000             111
   382.000000             111
   383.000000             111
   384.000000             111
   385.000000             111
   386.000000             111
   387.000000             111
   388.000000             112
   389.000000             116
   390.000000             120
   391.000000             121
   392.000000             121
   393.000000             121
   394.000000             121
   395.000000             121
   396.000000             121
   397.000000             122
   398.000000             123
   399.000000             123
   400.000000             123
   401.000000             123
   402.000000             123
   403.000000             123
   404.000000             123
   405.000000             123
   406.000000             123
   407.000000             123
   408.000000             123
   409.000000             123
   410.000000             125
   411.000000             126
   412.000000             126
   413.000000             126
   414.000000             126
   415.000000             126
   416.000000             127
   417.000000             128
   418.000000             128
   419.000000             128
   420.000000             129
   421.000000             129
   422.000000             129
   423.000000             130
   424.000000             131
   425.000000             131
   426.000000             131
   427.000000             131
   428.000000             131
   429.000000             131
   430.000000             131
   431.000000             131
   432.000000             131
   433.000000             131
   434.000000             131
   435.000000             131
   436.000000             131
   437.000000             131
   438.000000             131
   439.000000             131
   440.000000             133
   441.000000             134
   442.000000             134
   443.000000             135
   444.000000             137
   445.000000             138
   446.000000             139
   447.000000             140
   448.000000             141
   449.000000             141
   450.000000             141
   451.000000             141
   452.000000             141
   453.000000             141
   454.000000             142
   455.000000             145
   456.000000             147
   457.000000             147
   458.000000             147
   459.000000             147
   460.000000             147
   461.000000             147
   462.000000             147
   463.000000             147
   464.000000             147
   465.000000             147
   466.000000             147
   467.000000             147
   468.000000             147
   469.000000             148
   470.000000             149
   471.000000             149
   472.000000             149
   473.000000             149
   474.000000             149
   475.000000             150
   476.000000             151
   477.000000             152
   478.000000             153
   479.000000             153
   480.000000             153
   481.000000             153
   482.000000             153
   483.000000             153
   484.000000             153
   485.000000             155
   486.000000             157
   487.000000             157
   488.000000             157
   489.000000             157
   490.000000             157
   491.000000             157
   492.000000             158
   493.000000             159
   494.000000             159
   495.000000             159
   496.000000             160
   497.000000             161
   498.000000             161
   499.000000             161
   500.000000             161
   501.000000             161
   502.000000             162
   503.000000             163
   504.000000             163
   505.000000             163
   506.000000             163
   507.000000             164
   508.000000             165
   509.000000             165
   510.000000             165
   511.000000             165
   512.000000             165
   513.000000             165
   514.000000             165
   515.000000             165
   516.000000             165
   517.000000             165
   518.000000             165
   519.000000             165
   520.000000             165
   521.000000             165
   522.000000             165
   523.000000             165
   524.000000             165
   525.000000             165
   526.000000             165
   527.000000             165
   528.000000             165
   529.000000             165
   530.000000             165
   531.000000             165
   532.000000             165
   533.000000             165
   534.000000             165
   535.000000             165
   536.000000             165
   537.000000             165
   538.000000             165
   539.000000             165
   540.000000             165
   541.000000             165
   542.000000             165
   543.000000             165
   544.000000             165
   545.000000             166
   546.000000             167
   547.000000             167
   548.000000             167
   549.000000             167
   550.000000             167
   551.000000             167
   552.000000             167
   553.000000             167
   554.000000             167
   555.000000             167
   556.000000             167
   557.000000             167
   558.000000             167
   559.000000             167
   560.000000             168
   561.000000             169
   562.000000             169
   563.000000             169
   564.000000             169
   565.000000             169
   566.000000             169
   567.000000             169
   568.000000             169
   569.000000             169
   570.000000             169
   571.000000             169
   572.000000             169
   573.000000             169
   574.000000             169
   575.000000             169
   576.000000             169
   577.000000             170
   578.000000             171
   579.000000             171
   580.000000             171
   581.000000             172
   582.000000             173
   583.000000             173
   584.000000             173
   585.000000             173
   586.000000             173
   587.000000             173
   588.000000             173
   589.000000             174
   590.000000             175
   591.000000             175
   592.000000             175
   593.000000             175
   594.000000             175
   595.000000             175
   596.000000             175
   597.000000             175
   598.000000             175
   599.000000             175
   600.000000             175
   601.000000             175
   602.000000             175
   603.000000             175
   604.000000             175
   605.000000             175
   606.000000             175
   607.000000             175
   608.000000             175
   609.000000             176
   610.000000             177
   611.000000             177
   612.000000             177
   613.000000             177
   614.000000             177
   615.000000             177
   616.000000             177
   617.000000             177
   618.000000             178
   619.000000             178
   620.000000             178
   621.000000             178
   622.000000             178
   623.000000             179
   624.000000             180
   625.000000             180
   626.000000             181
   627.000000             182
   628.000000             182
   629.000000             182
   630.000000             182
   631.000000             182
   632.000000             182
   633.000000             182
   634.000000             182
   635.000000             182
   636.000000             182
   637.000000             182
   638.000000             182
   639.000000             182
   640.000000             182
   641.000000             182
   642.000000             182
   643.000000             182
   644.000000             182
   645.000000             182
   646.000000             182
   647.000000             182
   648.000000             182
   649.000000             182
   650.000000             183
   651.000000             184
   652.000000             184
   653.000000             184
   654.000000             184
   655.000000             184
   656.000000             184
   657.000000             184
   658.000000             184
   659.000000             184
   660.000000             184
   661.000000             184
   662.000000             184
   663.000000             184
   664.000000             185
   665.000000             186
   666.000000             186
   667.000000             186
   668.000000             186
   669.000000             186
   670.000000             186
   671.000000             187
   672.000000             188
   673.000000             188
   674.000000             189
   675.000000             190
   676.000000             190
   677.000000             190
   678.000000             190
   679.000000             190
   680.000000             190
   681.000000             190
   682.000000             191
   683.000000             192
   684.000000             193
   685.000000             194
   686.000000             194
   687.000000             194
   688.000000             194
   689.000000             194
   690.000000             194
   691.000000             194
   692.000000             194
   693.000000             195
   694.000000             196
   695.000000             196
   696.000000             196
   697.000000             196
   698.000000             196
   699.000000             196
   700.000000             196
   701.000000             196
   702.000000             196
   703.000000             197
   704.000000             198
   705.000000             198
   706.000000             198
   707.000000             198
   708.000000             198
   709.000000             198
   710.000000             198
   711.000000             198
   712.000000             199
   713.000000             200
   714.000000             201
   715.000000             203
   716.000000             205
   717.000000             206
   718.000000             206
   719.000000             206
   720.000000             206
   721.000000             206
   722.000000             206
   723.000000             206
   724.000000             206
   725.000000             206
   726.000000             208
   727.000000             210
   728.000000             210
   729.000000             210
   730.000000             210
   731.000000             210
   732.000000             210
   733.000000             210
   734.000000             210
   735.000000             211
   736.000000             212
   737.000000             212
   738.000000             212
   739.000000             212
   740.000000             212
   741.000000             212
   742.000000             212
   743.000000             212
   744.000000             212
   745.000000             212
   746.000000             213
   747.000000             214
   748.000000             215
   749.000000             216
   750.000000             216
   751.000000             216
   752.000000             217
   753.000000             218
   754.000000             219
   755.000000             219
   756.000000             219
   757.000000             219
   758.000000             219
   759.000000             219
   760.000000             219
   761.000000             219
   762.000000             219
   763.000000             219
   764.000000             220
   765.000000             221
   766.000000             221
   767.000000             221
   768.000000             222
   769.000000             223
   770.000000             223
   771.000000             224
   772.000000             225
   773.000000             226
   774.000000             226
   775.000000             226
   776.000000             226
   777.000000             226
   778.000000             226
   779.000000             226
   780.000000             226
   781.000000             226
   782.000000             226
   783.000000             226
   784.000000             226
   785.000000             226
   786.000000             226
   787.000000             226
   788.000000             226
   789.000000             226
   790.000000             226
   791.000000             226
   792.000000             226
   793.000000             226
   794.000000             226
   795.000000             226
   796.000000             226
   797.000000             226
   798.000000             226
   799.000000             226
   800.000000             226
   801.000000             227
   802.000000             228
   803.000000             228
   804.000000             229
   805.000000             230
   806.000000             231
   807.000000             232
   808.000000             233
   809.000000             234
   810.000000             234
   811.000000             234
   812.000000             234
   813.000000             234
   814.000000             234
   815.000000             234
   816.000000             234
   817.000000             234
   818.000000             234
   819.000000             235
   820.000000             236
   821.000000             236
   822.000000             237
   823.000000             238
   824.000000             238
   825.000000             238
   826.000000             238
   827.000000             238
   828.000000             238
   829.000000             239
   830.000000             240
   831.000000             240
   832.000000             240
   833.000000             240
   834.000000             240
   835.000000             240
   836.000000             240
   837.000000             241
   838.000000             242
   839.000000             242
   840.000000             242
   841.000000             242
   842.000000             242
   843.000000             242
   844.000000             243
   845.000000             244
   846.000000             244
   847.000000             244
   848.000000             244
   849.000000             244
   850.000000             244
   851.000000             244
   852.000000             244
   853.000000             244
   854.000000             244
   855.000000             244
   856.000000             244
   857.000000             244
   858.000000             244
   859.000000             244
   860.000000             244
   861.000000             244
   862.000000             244
   863.000000             244
   864.000000             244
   865.000000             244
   866.000000             244
   867.000000             244
   868.000000             246
   869.000000             248
   870.000000             248
   871.000000             248
   872.000000             248
   873.000000             248
   874.000000             248
   875.000000             248
   876.000000             248
   877.000000             248
   878.000000             248
   879.000000             248
   880.000000             248
   881.000000             248
   882.000000             248
   883.000000             248
   884.000000             248
   885.000000             248
   886.000000             248
   887.000000             248
   888.000000             248
   889.000000             248
   890.000000             248
   891.000000             248
   892.000000             249
   893.000000             252
   894.000000             255
   895.000000             256
   896.000000             256
   897.000000             256
   898.000000             256
   899.000000             256
   900.000000             256
   901.000000             257
   902.000000             258
   903.000000             259
   904.000000             260
   905.000000             261
   906.000000             262
   907.000000             262
   908.000000             263
   909.000000             265
   910.000000             266
   911.000000             266
   912.000000             266
   913.000000             266
   914.000000             266
   915.000000             266
   916.000000             266
   917.000000             266
   918.000000             266
   919.000000             266
   920.000000             266
   921.000000             266
   922.000000             266
   923.000000             266
   924.000000             266
   925.000000             266
   926.000000             266
   927.000000             266
   928.000000             266
   929.000000             266
   930.000000             266
   931.000000             266
   932.000000             266
   933.000000             266
   934.000000             266
   935.000000             268
   936.000000             270
   937.000000             270
   938.000000             270
   939.000000             270
   940.000000             271
   941.000000             272
   942.000000             272
   943.000000             274
   944.000000             276
   945.000000             276
   946.000000             279
   947.000000             282
   948.000000             282
   949.000000             283
   950.000000             284
   951.000000             285
   952.000000             286
   953.000000             286
   954.000000             286
   955.000000             286
   956.000000             286
   957.000000             286
   958.000000             286
   959.000000             286
   960.000000             287
   961.000000             288
   962.000000             288
   963.000000             288
   964.000000             288
   965.000000             288
   966.000000             288
   967.000000             288
   968.000000             288
   969.000000             288
   970.000000             288
   971.000000             288
   972.000000             289
   973.000000             290
   974.000000             291
   975.000000             291
   976.000000             292
   977.000000             293
   978.000000             293
   979.000000             293
   980.000000             293
   981.000000             293
   982.000000             293
   983.000000             293
   984.000000             293
   985.000000             293
   986.000000             295
   987.000000             297
   988.000000             297
   989.000000             299
   990.000000             301
   991.000000             301
   992.000000             301
   993.000000             301
   994.000000             301
   995.000000             302
   996.000000             302
   997.000000             302
   998.000000             302
   999.000000             302
   1000.00000             302
