 Permeation events over simulation time.
 t(ns) Number of events
   0.00000000               0
   1.00000000               0
   2.00000000               0
   3.00000000               0
   4.00000000               0
   5.00000000               0
   6.00000000               0
   7.00000000               0
   8.00000000               1
   9.00000000               2
   10.0000000               2
   11.0000000               2
   12.0000000               2
   13.0000000               3
   14.0000000               3
   15.0000000               3
   16.0000000               3
   17.0000000               4
   18.0000000               6
   19.0000000               7
   20.0000000               7
   21.0000000               7
   22.0000000               8
   23.0000000              11
   24.0000000              13
   25.0000000              13
   26.0000000              13
   27.0000000              13
   28.0000000              14
   29.0000000              16
   30.0000000              17
   31.0000000              17
   32.0000000              17
   33.0000000              17
   34.0000000              17
   35.0000000              17
   36.0000000              17
   37.0000000              18
   38.0000000              19
   39.0000000              19
   40.0000000              19
   41.0000000              19
   42.0000000              20
   43.0000000              22
   44.0000000              23
   45.0000000              24
   46.0000000              24
   47.0000000              25
   48.0000000              25
   49.0000000              27
   50.0000000              28
   51.0000000              28
   52.0000000              28
   53.0000000              28
   54.0000000              28
   55.0000000              29
   56.0000000              30
   57.0000000              31
   58.0000000              33
   59.0000000              33
   60.0000000              33
   61.0000000              33
   62.0000000              33
   63.0000000              33
   64.0000000              33
   65.0000000              33
   66.0000000              33
   67.0000000              33
   68.0000000              33
   69.0000000              33
   70.0000000              33
   71.0000000              33
   72.0000000              33
   73.0000000              33
   74.0000000              33
   75.0000000              33
   76.0000000              33
   77.0000000              33
   78.0000000              34
   79.0000000              35
   80.0000000              35
   81.0000000              35
   82.0000000              35
   83.0000000              35
   84.0000000              35
   85.0000000              35
   86.0000000              37
   87.0000000              40
   88.0000000              41
   89.0000000              41
   90.0000000              41
   91.0000000              41
   92.0000000              41
   93.0000000              41
   94.0000000              41
   95.0000000              41
   96.0000000              41
   97.0000000              41
   98.0000000              41
   99.0000000              41
   100.000000              43
   101.000000              45
   102.000000              46
   103.000000              46
   104.000000              46
   105.000000              46
   106.000000              46
   107.000000              46
   108.000000              47
   109.000000              48
   110.000000              49
   111.000000              51
   112.000000              52
   113.000000              52
   114.000000              52
   115.000000              52
   116.000000              52
   117.000000              52
   118.000000              53
   119.000000              55
   120.000000              55
   121.000000              56
   122.000000              57
   123.000000              57
   124.000000              57
   125.000000              57
   126.000000              57
   127.000000              58
   128.000000              59
   129.000000              59
   130.000000              59
   131.000000              60
   132.000000              60
   133.000000              60
   134.000000              62
   135.000000              63
   136.000000              63
   137.000000              63
   138.000000              64
   139.000000              65
   140.000000              66
   141.000000              66
   142.000000              67
   143.000000              68
   144.000000              68
   145.000000              69
   146.000000              70
   147.000000              72
   148.000000              74
   149.000000              74
   150.000000              75
   151.000000              77
   152.000000              77
   153.000000              77
   154.000000              77
   155.000000              77
   156.000000              77
   157.000000              79
   158.000000              81
   159.000000              82
   160.000000              83
   161.000000              84
   162.000000              84
   163.000000              85
   164.000000              86
   165.000000              86
   166.000000              87
   167.000000              88
   168.000000              89
   169.000000              90
   170.000000              91
   171.000000              92
   172.000000              92
   173.000000              93
   174.000000              94
   175.000000              94
   176.000000              94
   177.000000              95
   178.000000              96
   179.000000              96
   180.000000              96
   181.000000              96
   182.000000              96
   183.000000              96
   184.000000              97
   185.000000              98
   186.000000              99
   187.000000             100
   188.000000             100
   189.000000             100
   190.000000             100
   191.000000             100
   192.000000             100
   193.000000             100
   194.000000             101
   195.000000             102
   196.000000             103
   197.000000             103
   198.000000             103
   199.000000             103
   200.000000             103
   201.000000             103
   202.000000             103
   203.000000             103
   204.000000             103
   205.000000             103
   206.000000             103
   207.000000             103
   208.000000             103
   209.000000             103
   210.000000             103
   211.000000             103
   212.000000             104
   213.000000             105
   214.000000             106
   215.000000             109
   216.000000             110
   217.000000             110
   218.000000             110
   219.000000             112
   220.000000             114
   221.000000             114
   222.000000             115
   223.000000             117
   224.000000             118
   225.000000             118
   226.000000             119
   227.000000             120
   228.000000             120
   229.000000             121
   230.000000             123
   231.000000             123
   232.000000             123
   233.000000             123
   234.000000             123
   235.000000             123
   236.000000             123
   237.000000             123
   238.000000             125
   239.000000             127
   240.000000             127
   241.000000             127
   242.000000             127
   243.000000             127
   244.000000             128
   245.000000             129
   246.000000             129
   247.000000             129
   248.000000             129
   249.000000             129
   250.000000             129
   251.000000             129
   252.000000             129
   253.000000             129
   254.000000             129
   255.000000             130
   256.000000             130
   257.000000             130
   258.000000             130
   259.000000             130
   260.000000             130
   261.000000             130
   262.000000             130
   263.000000             131
   264.000000             133
   265.000000             134
   266.000000             135
   267.000000             136
   268.000000             137
   269.000000             138
   270.000000             138
   271.000000             138
   272.000000             138
   273.000000             138
   274.000000             138
   275.000000             138
   276.000000             138
   277.000000             138
   278.000000             139
   279.000000             140
   280.000000             140
   281.000000             140
   282.000000             140
   283.000000             140
   284.000000             140
   285.000000             141
   286.000000             143
   287.000000             144
   288.000000             144
   289.000000             144
   290.000000             145
   291.000000             145
   292.000000             145
   293.000000             145
   294.000000             145
   295.000000             145
   296.000000             145
   297.000000             146
   298.000000             147
   299.000000             147
   300.000000             147
   301.000000             148
   302.000000             149
   303.000000             149
   304.000000             150
   305.000000             150
   306.000000             150
   307.000000             150
   308.000000             150
   309.000000             150
   310.000000             150
   311.000000             153
   312.000000             155
   313.000000             156
   314.000000             157
   315.000000             159
   316.000000             161
   317.000000             161
   318.000000             161
   319.000000             162
   320.000000             163
   321.000000             163
   322.000000             164
   323.000000             164
   324.000000             164
   325.000000             164
   326.000000             165
   327.000000             166
   328.000000             166
   329.000000             166
   330.000000             166
   331.000000             167
   332.000000             168
   333.000000             168
   334.000000             168
   335.000000             168
   336.000000             168
   337.000000             170
   338.000000             172
   339.000000             172
   340.000000             173
   341.000000             174
   342.000000             174
   343.000000             174
   344.000000             174
   345.000000             174
   346.000000             174
   347.000000             174
   348.000000             174
   349.000000             174
   350.000000             174
   351.000000             174
   352.000000             175
   353.000000             176
   354.000000             177
   355.000000             178
   356.000000             179
   357.000000             180
   358.000000             181
   359.000000             181
   360.000000             181
   361.000000             181
   362.000000             181
   363.000000             181
   364.000000             181
   365.000000             181
   366.000000             181
   367.000000             182
   368.000000             182
   369.000000             182
   370.000000             182
   371.000000             182
   372.000000             184
   373.000000             186
   374.000000             186
   375.000000             186
   376.000000             186
   377.000000             186
   378.000000             186
   379.000000             186
   380.000000             186
   381.000000             186
   382.000000             187
   383.000000             188
   384.000000             188
   385.000000             188
   386.000000             188
   387.000000             189
   388.000000             191
   389.000000             192
   390.000000             192
   391.000000             192
   392.000000             192
   393.000000             192
   394.000000             192
   395.000000             193
   396.000000             193
   397.000000             193
   398.000000             193
   399.000000             193
   400.000000             193
   401.000000             193
   402.000000             193
   403.000000             194
   404.000000             194
   405.000000             195
   406.000000             196
   407.000000             196
   408.000000             196
   409.000000             197
   410.000000             198
   411.000000             198
   412.000000             198
   413.000000             198
   414.000000             198
   415.000000             198
   416.000000             198
   417.000000             198
   418.000000             198
   419.000000             198
   420.000000             198
   421.000000             198
   422.000000             198
   423.000000             198
   424.000000             198
   425.000000             199
   426.000000             200
   427.000000             200
   428.000000             200
   429.000000             200
   430.000000             200
   431.000000             200
   432.000000             200
   433.000000             200
   434.000000             200
   435.000000             200
   436.000000             201
   437.000000             202
   438.000000             202
   439.000000             202
   440.000000             202
   441.000000             202
   442.000000             202
   443.000000             202
   444.000000             202
   445.000000             203
   446.000000             204
   447.000000             205
   448.000000             206
   449.000000             206
   450.000000             207
   451.000000             208
   452.000000             209
   453.000000             211
   454.000000             212
   455.000000             212
   456.000000             212
   457.000000             212
   458.000000             213
   459.000000             214
   460.000000             214
   461.000000             214
   462.000000             215
   463.000000             218
   464.000000             219
   465.000000             221
   466.000000             222
   467.000000             222
   468.000000             222
   469.000000             222
   470.000000             223
   471.000000             224
   472.000000             224
   473.000000             224
   474.000000             224
   475.000000             224
   476.000000             226
   477.000000             229
   478.000000             229
   479.000000             229
   480.000000             229
   481.000000             229
   482.000000             229
   483.000000             229
   484.000000             229
   485.000000             229
   486.000000             229
   487.000000             229
   488.000000             229
   489.000000             229
   490.000000             229
   491.000000             230
   492.000000             230
   493.000000             231
   494.000000             234
   495.000000             236
   496.000000             236
   497.000000             236
   498.000000             236
   499.000000             236
   500.000000             236
   501.000000             236
   502.000000             236
   503.000000             237
   504.000000             237
   505.000000             239
   506.000000             240
   507.000000             240
   508.000000             240
   509.000000             240
   510.000000             241
   511.000000             242
   512.000000             242
   513.000000             242
   514.000000             242
   515.000000             242
   516.000000             242
   517.000000             242
   518.000000             242
   519.000000             242
   520.000000             243
   521.000000             245
   522.000000             246
   523.000000             246
   524.000000             246
   525.000000             246
   526.000000             246
   527.000000             246
   528.000000             246
   529.000000             247
   530.000000             247
   531.000000             247
   532.000000             247
   533.000000             248
   534.000000             249
   535.000000             249
   536.000000             249
   537.000000             249
   538.000000             249
   539.000000             249
   540.000000             249
   541.000000             249
   542.000000             251
   543.000000             252
   544.000000             252
   545.000000             252
   546.000000             252
   547.000000             253
   548.000000             254
   549.000000             254
   550.000000             254
   551.000000             254
   552.000000             254
   553.000000             254
   554.000000             254
   555.000000             254
   556.000000             256
   557.000000             258
   558.000000             259
   559.000000             259
   560.000000             259
   561.000000             259
   562.000000             259
   563.000000             259
   564.000000             260
   565.000000             261
   566.000000             262
   567.000000             263
   568.000000             263
   569.000000             263
   570.000000             263
   571.000000             264
   572.000000             265
   573.000000             266
   574.000000             266
   575.000000             266
   576.000000             266
   577.000000             266
   578.000000             266
   579.000000             266
   580.000000             266
   581.000000             266
   582.000000             266
   583.000000             268
   584.000000             269
   585.000000             269
   586.000000             269
   587.000000             269
   588.000000             269
   589.000000             269
   590.000000             269
   591.000000             269
   592.000000             269
   593.000000             269
   594.000000             269
   595.000000             270
   596.000000             271
   597.000000             271
   598.000000             271
   599.000000             271
   600.000000             272
   601.000000             272
   602.000000             272
   603.000000             272
   604.000000             272
   605.000000             273
   606.000000             275
   607.000000             276
   608.000000             276
   609.000000             278
   610.000000             280
   611.000000             280
   612.000000             280
   613.000000             280
   614.000000             281
   615.000000             281
   616.000000             281
   617.000000             281
   618.000000             281
   619.000000             281
   620.000000             281
   621.000000             281
   622.000000             281
   623.000000             281
   624.000000             281
   625.000000             281
   626.000000             281
   627.000000             281
   628.000000             283
   629.000000             284
   630.000000             284
   631.000000             284
   632.000000             284
   633.000000             284
   634.000000             284
   635.000000             284
   636.000000             284
   637.000000             284
   638.000000             284
   639.000000             284
   640.000000             284
   641.000000             284
   642.000000             284
   643.000000             284
   644.000000             284
   645.000000             284
   646.000000             285
   647.000000             285
   648.000000             286
   649.000000             287
   650.000000             287
   651.000000             287
   652.000000             288
   653.000000             289
   654.000000             289
   655.000000             290
   656.000000             291
   657.000000             292
   658.000000             292
   659.000000             293
   660.000000             294
   661.000000             294
   662.000000             294
   663.000000             295
   664.000000             296
   665.000000             297
   666.000000             299
   667.000000             300
   668.000000             300
   669.000000             301
   670.000000             303
   671.000000             306
   672.000000             308
   673.000000             309
   674.000000             309
   675.000000             309
   676.000000             311
   677.000000             311
   678.000000             311
   679.000000             311
   680.000000             312
   681.000000             313
   682.000000             314
   683.000000             314
   684.000000             314
   685.000000             314
   686.000000             315
   687.000000             316
   688.000000             316
   689.000000             316
   690.000000             316
   691.000000             316
   692.000000             316
   693.000000             317
   694.000000             319
   695.000000             320
   696.000000             320
   697.000000             320
   698.000000             320
   699.000000             320
   700.000000             320
   701.000000             320
   702.000000             321
   703.000000             322
   704.000000             324
   705.000000             325
   706.000000             325
   707.000000             325
   708.000000             325
   709.000000             325
   710.000000             325
   711.000000             326
   712.000000             328
   713.000000             329
   714.000000             329
   715.000000             330
   716.000000             332
   717.000000             332
   718.000000             334
   719.000000             336
   720.000000             336
   721.000000             336
   722.000000             337
   723.000000             338
   724.000000             339
   725.000000             340
   726.000000             340
   727.000000             340
   728.000000             341
   729.000000             342
   730.000000             343
   731.000000             343
   732.000000             343
   733.000000             343
   734.000000             343
   735.000000             343
   736.000000             343
   737.000000             343
   738.000000             343
   739.000000             343
   740.000000             343
   741.000000             344
   742.000000             345
   743.000000             345
   744.000000             345
   745.000000             345
   746.000000             346
   747.000000             346
   748.000000             346
   749.000000             346
   750.000000             346
   751.000000             346
   752.000000             346
   753.000000             346
   754.000000             346
   755.000000             346
   756.000000             346
   757.000000             346
   758.000000             346
   759.000000             347
   760.000000             349
   761.000000             351
   762.000000             352
   763.000000             352
   764.000000             353
   765.000000             354
   766.000000             356
   767.000000             359
   768.000000             360
   769.000000             361
   770.000000             362
   771.000000             362
   772.000000             362
   773.000000             363
   774.000000             366
   775.000000             367
   776.000000             367
   777.000000             368
   778.000000             369
   779.000000             369
   780.000000             369
   781.000000             369
   782.000000             369
   783.000000             369
   784.000000             369
   785.000000             369
   786.000000             369
   787.000000             369
   788.000000             371
   789.000000             373
   790.000000             374
   791.000000             374
   792.000000             375
   793.000000             376
   794.000000             376
   795.000000             377
   796.000000             379
   797.000000             379
   798.000000             379
   799.000000             379
   800.000000             379
   801.000000             379
   802.000000             379
   803.000000             379
   804.000000             379
   805.000000             379
   806.000000             379
   807.000000             379
   808.000000             380
   809.000000             381
   810.000000             381
   811.000000             382
   812.000000             383
   813.000000             383
   814.000000             383
   815.000000             383
   816.000000             384
   817.000000             384
   818.000000             384
   819.000000             384
   820.000000             384
   821.000000             384
   822.000000             384
   823.000000             384
   824.000000             384
   825.000000             385
   826.000000             386
   827.000000             386
   828.000000             386
   829.000000             386
   830.000000             386
   831.000000             386
   832.000000             386
   833.000000             386
   834.000000             387
   835.000000             389
   836.000000             392
   837.000000             392
   838.000000             393
   839.000000             394
   840.000000             394
   841.000000             394
   842.000000             395
   843.000000             395
   844.000000             396
   845.000000             397
   846.000000             397
   847.000000             398
   848.000000             399
   849.000000             399
   850.000000             399
   851.000000             399
   852.000000             399
   853.000000             400
   854.000000             401
   855.000000             401
   856.000000             401
   857.000000             401
   858.000000             401
   859.000000             401
   860.000000             402
   861.000000             402
   862.000000             403
   863.000000             405
   864.000000             406
   865.000000             406
   866.000000             406
   867.000000             408
   868.000000             410
   869.000000             412
   870.000000             413
   871.000000             413
   872.000000             413
   873.000000             413
   874.000000             413
   875.000000             413
   876.000000             413
   877.000000             414
   878.000000             415
   879.000000             415
   880.000000             415
   881.000000             415
   882.000000             416
   883.000000             417
   884.000000             418
   885.000000             421
   886.000000             423
   887.000000             423
   888.000000             424
   889.000000             425
   890.000000             425
   891.000000             425
   892.000000             425
   893.000000             425
   894.000000             425
   895.000000             425
   896.000000             425
   897.000000             426
   898.000000             426
   899.000000             427
   900.000000             428
   901.000000             429
   902.000000             431
   903.000000             432
   904.000000             432
   905.000000             432
   906.000000             432
   907.000000             432
   908.000000             432
   909.000000             432
   910.000000             432
   911.000000             433
   912.000000             433
   913.000000             434
   914.000000             435
   915.000000             436
   916.000000             437
   917.000000             437
   918.000000             437
   919.000000             439
   920.000000             441
   921.000000             441
   922.000000             441
   923.000000             442
   924.000000             444
   925.000000             445
   926.000000             445
   927.000000             447
   928.000000             448
   929.000000             449
   930.000000             449
   931.000000             449
   932.000000             449
   933.000000             449
   934.000000             449
   935.000000             449
   936.000000             450
   937.000000             451
   938.000000             453
   939.000000             454
   940.000000             456
   941.000000             456
   942.000000             456
   943.000000             456
   944.000000             457
   945.000000             460
   946.000000             461
   947.000000             461
   948.000000             462
   949.000000             462
   950.000000             462
   951.000000             463
   952.000000             464
   953.000000             464
   954.000000             465
   955.000000             466
   956.000000             467
   957.000000             468
   958.000000             468
   959.000000             468
   960.000000             468
   961.000000             468
   962.000000             468
   963.000000             469
   964.000000             471
   965.000000             472
   966.000000             473
   967.000000             473
   968.000000             473
   969.000000             473
   970.000000             473
   971.000000             473
   972.000000             473
   973.000000             475
   974.000000             477
   975.000000             477
   976.000000             478
   977.000000             480
   978.000000             481
   979.000000             481
   980.000000             483
   981.000000             484
   982.000000             484
   983.000000             484
   984.000000             484
   985.000000             485
   986.000000             485
   987.000000             485
   988.000000             485
   989.000000             486
   990.000000             487
   991.000000             487
   992.000000             487
   993.000000             487
   994.000000             487
   995.000000             487
   996.000000             488
   997.000000             488
   998.000000             488
   999.000000             488
   1000.00000             488
