2261 4532 4517 4405 4317 4002 3810 3528 3109 2829 2539 2159 1885 1539 1180 944 640 418 241 124 60 32 20 7 2 3 0 0 0 0 0 0 0 0 0 0 0 0 0 0 0 0 0 0 0 0 0 0 0 0 0 0 0 0 0 0 0 0 0 0 0 0 0 0 0 0 0 0 0 0 0 0 0 0 0 0 1 6 5 18 42 92 205 308 533 784 979 1350 1652 2106 2363 2748 2942 3292 3584 3920 4078 4275 4427 4600 2300
4568 9250 9208 8965 8691 8412 7741 7347 6945 6255 5555 4810 4231 3354 2763 2086 1500 1028 582 315 171 72 32 14 2 5 2 1 0 0 0 0 0 0 0 0 0 0 0 0 0 0 0 0 0 0 0 0 0 0 0 0 0 0 0 0 0 0 0 0 0 0 0 0 0 0 0 0 0 0 0 0 0 0 0 1 1 7 9 21 76 144 294 547 858 1276 1762 2356 2942 3618 4094 4899 5621 6309 6647 7349 7950 8320 8674 8966 4512
4558 9176 9236 9190 9327 8880 8463 8039 7461 6969 6325 5634 4938 4072 3312 2658 1874 1213 803 429 249 115 45 22 11 4 0 3 0 0 0 0 0 0 0 0 0 0 0 0 0 0 0 0 0 0 0 0 0 0 0 0 0 0 0 0 0 0 0 0 0 0 0 0 0 0 0 0 0 0 0 0 0 1 0 0 0 3 16 22 56 98 201 422 644 1053 1536 1895 2442 3011 3599 4248 4828 5511 6245 6777 7406 7913 8349 8781 4433
4313 8891 9255 9320 9388 9179 8939 8575 7971 7762 7059 6248 5665 4814 3935 3095 2315 1588 999 572 312 154 71 45 11 4 3 0 0 0 0 0 0 0 0 0 0 0 0 0 0 0 0 0 0 0 0 0 0 0 0 0 0 0 0 0 0 0 0 0 0 0 0 0 0 0 0 0 0 0 0 0 0 0 1 3 1 3 6 26 26 70 157 304 513 824 1097 1565 1989 2532 3052 3570 4196 4826 5436 5881 6743 7189 7852 8217 4183
4211 8943 9177 9227 9259 9508 9241 9094 8716 8337 7725 7171 6350 5669 4581 3799 2880 1953 1252 732 387 199 95 42 25 7 0 0 0 0 0 0 0 0 0 0 0 0 0 0 0 0 0 0 0 0 0 0 0 0 0 0 0 0 0 0 0 0 0 0 0 0 0 0 0 0 0 0 0 0 0 0 0 0 0 0 0 1 4 13 29 67 117 231 333 565 902 1233 1651 2090 2519 2972 3553 4202 4770 5372 5975 6794 7328 8079 3994
4023 8441 8933 9140 9598 9689 9650 9555 9388 9026 8458 8003 7118 6287 5496 4530 3411 2437 1573 937 488 235 128 63 24 11 8 2 0 0 0 0 0 0 0 0 0 0 0 0 0 0 0 0 0 0 0 0 0 0 0 0 0 0 0 0 0 0 0 0 0 0 0 0 0 0 0 0 0 0 0 0 0 0 0 0 0 1 7 6 17 31 96 176 255 436 679 870 1272 1722 2099 2575 2999 3648 4192 4639 5421 6007 6716 7481 3817
3748 7971 8449 9007 9390 9710 9822 9895 9518 9380 9159 8604 8061 7231 6453 5275 4024 2954 2011 1177 614 344 159 81 43 9 8 3 1 0 0 0 0 0 0 0 0 0 0 0 0 0 0 0 0 0 0 0 0 0 0 0 0 0 0 0 0 0 0 0 0 0 0 0 0 0 0 0 0 0 0 0 0 0 0 0 0 0 3 3 6 32 44 97 233 322 499 710 1038 1325 1645 2086 2480 3044 3679 4254 4855 5377 6095 6818 3580
3520 7493 8181 8675 8876 9589 9876 10121 10294 10171 9920 9425 8933 8126 7183 6071 4848 3578 2371 1506 806 450 234 116 35 16 9 6 0 0 0 0 0 0 0 0 0 0 0 0 0 0 0 0 0 0 0 0 0 0 0 0 0 0 0 0 0 0 0 0 0 0 0 0 0 0 0 0 0 0 0 0 0 0 0 0 0 1 2 2 8 16 39 83 165 248 359 539 731 1058 1396 1673 2068 2572 3017 3490 4106 4836 5532 6141 3294
3180 6769 7608 7918 8815 9342 9759 10131 10320 10491 10406 10391 9820 9258 8304 7018 5430 4280 2962 1921 1035 607 319 168 57 24 12 6 2 1 1 0 0 0 0 0 0 0 0 0 0 0 0 0 0 0 0 0 0 0 0 0 0 0 0 0 0 0 0 0 0 0 0 0 0 0 0 0 0 0 0 0 0 0 0 0 0 0 1 5 5 11 32 78 106 181 301 423 598 786 1108 1295 1757 2190 2630 3094 3668 4059 4802 5573 3013
2798 6128 6921 7541 8168 8857 9669 10124 10512 10820 10897 10718 10721 10071 9441 8373 6799 5127 3578 2271 1321 738 364 187 79 54 22 7 2 0 0 0 0 0 0 0 0 0 0 0 0 0 0 0 0 0 0 0 0 0 0 0 0 0 0 0 0 0 0 0 0 0 0 0 0 0 0 0 0 0 0 0 0 0 0 1 0 0 0 0 5 9 15 36 75 121 220 313 459 632 807 1047 1315 1697 2065 2482 3078 3749 4171 4725 2684
2562 5468 6266 7013 7680 8473 9158 9870 10356 10772 11166 11536 11491 11285 10481 9184 7800 6065 4463 2801 1779 944 506 235 129 69 23 11 7 2 0 0 0 0 0 0 0 0 0 0 0 0 0 0 0 0 0 0 0 0 0 0 0 0 0 0 0 0 0 0 0 0 0 0 0 0 0 0 0 0 0 0 0 0 0 0 0 1 0 1 2 4 13 28 46 70 157 223 352 478 659 833 1078 1393 1746 2014 2469 2999 3682 4189 2376
2161 4966 5668 6329 7201 7798 8777 9513 10217 10979 11357 12029 12365 12247 11662 10672 9030 7234 5242 3530 2150 1148 639 334 155 70 32 9 3 0 1 0 0 0 0 0 0 0 0 0 0 0 0 0 0 0 0 0 0 0 0 0 0 0 0 0 0 0 0 0 0 0 0 0 0 0 0 0 0 0 0 0 0 0 0 0 0 0 0 0 0 3 4 26 28 47 95 157 239 323 474 609 824 1010 1273 1594 2056 2556 3135 3616 1980
1879 4139 4896 5650 6479 7340 8123 9053 9970 10698 11651 12316 12978 13105 13044 12184 10678 8540 6280 4193 2586 1492 863 399 202 91 43 18 5 1 2 1 0 0 0 0 0 0 0 0 0 0 0 0 0 0 0 0 0 0 0 0 0 0 0 0 0 0 0 0 0 0 0 0 0 0 0 0 0 0 0 0 0 0 0 0 0 0 0 1 0 1 8 9 21 38 64 115 166 270 322 487 596 759 1058 1303 1588 2021 2522 2965 1662
1561 3473 4084 4825 5632 6338 7262 8142 9165 10072 11180 12233 13321 13968 14255 13539 12365 10270 7689 5301 3237 1905 1003 527 267 143 73 23 10 9 2 1 0 0 0 0 0 0 0 0 0 0 0 0 0 0 0 0 0 0 0 0 0 0 0 0 0 0 0 0 0 0 0 0 0 0 0 0 0 0 0 0 0 0 0 0 0 0 0 0 0 0 4 7 17 30 51 76 113 189 244 312 475 619 773 962 1231 1534 1937 2386 1347
1212 2794 3259 3952 4671 5538 6428 7291 8252 9240 10423 11614 13019 14451 15550 15550 14340 12076 9536 6489 4205 2579 1432 758 397 173 81 46 15 9 3 1 0 0 0 0 0 0 0 0 0 0 0 0 0 0 0 0 0 0 0 0 0 0 0 0 0 0 0 0 0 0 0 0 0 0 0 0 0 0 0 0 0 0 0 0 0 0 0 0 1 0 1 5 6 20 29 43 60 110 150 226 327 397 547 659 889 1190 1431 1869 1048
900 2098 2658 3280 3807 4562 5141 6149 6970 8030 9378 10550 12213 13849 15664 17301 16828 14524 11507 8236 5381 3317 1820 980 522 275 121 71 28 12 6 0 0 0 0 0 0 0 0 0 0 0 0 0 0 0 0 0 0 0 0 0 0 0 0 0 0 0 0 0 0 0 0 0 0 0 0 0 0 0 0 0 0 0 0 0 0 0 0 0 0 0 0 1 3 7 18 29 46 67 104 122 176 295 383 488 624 811 1046 1298 775
652 1505 1837 2312 2837 3368 4121 4790 5793 6701 7920 9209 10603 12181 14268 16867 18608 17553 14055 10443 6890 4126 2434 1420 787 365 162 82 38 14 5 3 0 0 0 0 0 0 0 0 0 0 0 0 0 0 0 0 0 0 0 0 0 0 0 0 0 0 0 0 0 0 0 0 0 0 0 0 0 0 0 0 0 0 0 0 0 0 0 0 0 1 1 0 0 3 10 18 18 48 51 84 137 152 229 304 414 529 684 944 514
415 1006 1266 1585 1939 2511 2901 3562 4292 5086 6126 7131 8590 10258 12242 14616 17344 19992 17936 13120 8846 5649 3274 1952 1063 533 250 88 49 24 6 0 0 0 0 0 0 0 0 0 0 0 0 0 0 0 0 0 0 0 0 0 0 0 0 0 0 0 0 0 0 0 0 0 0 0 0 0 0 0 0 0 0 0 0 0 0 0 0 0 0 0 0 0 1 1 7 6 11 27 30 44 89 101 155 215 269 352 467 585 357
226 549 799 895 1273 1460 1927 2364 2859 3566 4389 5291 6366 7726 9450 11627 14148 18002 20676 17526 11852 7592 4503 2643 1470 722 363 156 85 32 15 5 1 0 0 0 0 0 0 0 0 0 0 0 0 0 0 0 0 0 0 0 0 0 0 0 0 0 0 0 0 0 0 0 0 0 0 0 0 0 0 0 0 0 0 0 0 0 0 0 0 0 0 1 0 2 2 3 10 10 16 36 37 70 84 107 137 210 250 333 225
138 350 430 544 710 930 1160 1462 1828 2257 2895 3497 4363 5214 6429 8224 10475 13182 17514 20424 16818 10462 6228 3641 2155 1067 560 260 107 41 19 7 0 2 0 0 0 0 0 0 0 0 0 0 0 0 0 0 0 0 0 0 0 0 0 0 0 0 0 0 0 0 0 0 0 0 0 0 0 0 0 0 0 0 0 0 0 0 0 0 0 0 0 0 1 0 1 1 3 5 8 12 22 28 35 55 66 102 129 205 113
55 160 217 275 385 515 661 868 1024 1382 1598 2156 2668 3278 4273 5338 6899 8951 11814 16687 19997 16010 9238 5458 2983 1603 816 411 161 69 23 17 4 1 0 0 0 0 0 0 0 0 0 0 0 0 0 0 0 0 0 0 0 0 0 0 0 0 0 0 0 0 0 0 0 0 0 0 0 0 0 0 0 0 0 0 0 0 0 0 0 0 0 0 0 0 1 0 1 3 3 10 9 14 14 23 32 53 56 95 61
32 91 130 144 191 234 346 478 555 698 910 1208 1480 1993 2555 3206 4294 5683 7484 10407 15838 19705 15643 8793 4524 2512 1250 585 253 96 50 19 9 1 0 0 0 0 0 0 0 0 0 0 0 0 0 0 0 0 0 0 0 0 0 0 0 0 0 0 0 0 0 0 0 0 0 0 0 0 0 0 0 0 0 0 0 0 0 0 0 0 0 0 0 0 0 0 0 2 0 1 1 2 5 8 15 19 36 43 24
16 27 70 66 91 141 153 217 269 369 504 602 825 1066 1400 1847 2383 3376 4527 6320 9393 15443 20404 15817 8324 4054 1998 1017 433 167 63 23 9 5 2 0 0 0 0 0 0 0 0 0 0 0 0 0 0 0 0 0 0 0 0 0 0 0 0 0 0 0 0 0 0 0 0 0 0 0 0 0 0 0 0 0 0 0 0 0 0 0 0 0 0 0 0 0 0 0 1 0 0 6 0 1 9 9 19 19 13
1 10 26 29 45 71 68 108 137 195 224 347 431 552 732 970 1469 1883 2736 3710 5406 8598 15808 21609 16156 7891 3504 1678 709 300 111 42 7 7 0 1 0 0 0 0 0 0 0 0 0 0 0 0 0 0 0 0 0 0 0 0 0 0 0 0 0 0 0 0 0 0 0 0 0 0 0 0 0 0 0 0 0 0 0 0 0 0 0 0 0 0 0 0 1 0 0 0 0 0 1 1 1 2 2 4 7
8 10 12 14 12 18 28 47 66 96 128 156 211 270 347 576 749 953 1412 2074 3087 4648 8306 16175 22100 16122 7082 2931 1219 501 210 67 30 10 3 1 0 0 0 0 0 0 0 0 0 0 0 0 0 0 0 0 0 0 0 0 0 0 0 0 0 0 0 0 0 0 0 0 0 0 0 0 0 0 0 0 0 0 0 0 0 0 0 0 0 0 0 0 0 0 0 0 1 1 0 1 1 0 2 6 4
1 2 6 9 7 7 13 20 31 35 57 80 125 135 165 274 392 489 735 1111 1639 2466 4115 7829 16001 22276 15600 6392 2318 949 334 129 45 15 6 3 1 0 1 0 0 0 0 0 0 0 0 0 0 0 0 0 0 0 0 0 0 0 0 0 0 0 0 0 0 0 0 0 0 0 0 0 0 0 0 0 0 0 0 0 0 0 0 0 0 0 0 0 0 0 0 0 1 0 0 0 0 2 1 2 1
1 1 0 3 5 5 3 5 15 13 21 32 34 61 87 135 152 265 389 598 816 1266 2039 3441 7163 15452 21306 13808 5294 1685 640 225 74 29 10 1 2 0 0 0 0 0 0 0 0 0 0 0 0 0 0 0 0 0 0 0 0 0 0 0 0 0 0 0 0 0 0 0 0 0 0 0 0 0 0 0 0 0 0 0 0 0 0 0 0 0 0 0 0 0 0 0 0 0 0 0 0 1 0 0 1
1 0 0 0 1 1 3 5 3 8 11 10 25 34 41 57 78 124 167 254 373 619 962 1612 2928 6451 13961 18586 11484 3949 1254 408 146 45 15 6 1 0 1 0 0 0 0 0 0 0 0 0 0 0 0 0 0 0 0 0 0 0 0 0 0 0 0 0 0 0 0 0 0 0 0 0 0 0 0 0 0 0 0 0 0 0 0 0 0 0 0 0 0 0 0 0 0 0 0 0 1 0 0 0 0
0 0 0 1 0 0 0 0 0 3 3 5 6 8 15 28 36 62 73 106 167 273 435 717 1278 2277 5139 11687 14995 8441 2727 764 259 60 23 11 1 1 0 0 0 0 0 0 0 0 0 0 0 0 0 0 0 0 0 0 0 0 0 0 0 0 0 0 0 0 0 0 0 0 0 0 0 0 0 0 0 0 0 0 0 0 0 0 0 0 0 0 0 0 0 0 0 0 0 0 0 0 0 0 0
0 0 1 2 0 0 0 0 1 0 1 3 1 5 7 14 20 22 27 37 50 98 188 283 491 956 1706 3895 8599 10186 5362 1661 464 148 38 19 5 1 1 0 0 0 0 0 0 0 0 0 0 0 0 0 0 0 0 0 0 0 0 0 0 0 0 0 0 0 0 0 0 0 0 0 0 0 0 0 0 0 0 0 0 0 0 0 0 0 0 0 0 0 0 0 0 0 0 0 0 0 0 0 0
0 0 0 1 0 0 0 0 0 0 0 1 1 3 1 8 2 9 7 14 35 45 70 130 204 365 614 1250 2608 5491 6441 3339 908 270 76 29 6 2 0 0 0 0 0 0 0 0 0 0 0 0 0 0 0 0 0 0 0 0 0 0 0 0 0 0 0 0 0 0 0 0 0 0 0 0 0 0 0 0 0 0 0 0 0 0 0 0 0 0 0 0 0 0 0 0 0 0 0 0 0 0 0
0 0 0 0 0 0 0 0 0 0 0 0 0 0 3 1 2 2 6 5 10 19 29 34 62 135 231 415 733 1654 3333 3813 1885 544 127 49 10 4 4 0 0 0 0 0 0 0 0 0 0 0 0 0 0 0 0 0 0 0 0 0 0 0 0 0 0 0 0 0 0 0 0 0 0 0 0 0 0 0 0 0 0 0 0 0 0 0 0 0 0 0 0 0 0 0 0 0 0 0 0 0 0
0 0 0 0 0 0 0 0 0 0 0 0 0 0 0 0 1 0 2 2 2 4 11 16 19 54 68 122 289 462 951 1882 1974 879 231 70 17 4 0 0 0 0 0 0 0 0 0 0 0 0 0 0 0 0 0 0 0 0 0 0 0 0 0 0 0 0 0 0 0 0 0 0 0 0 0 0 0 0 0 0 0 0 0 0 0 0 0 0 0 0 0 0 0 0 0 0 0 0 0 0 0
0 0 0 0 0 0 0 0 0 0 0 0 0 0 0 0 1 1 0 1 1 5 1 4 9 12 34 38 107 139 255 518 919 1000 389 80 30 3 3 0 0 0 0 0 0 0 0 0 0 0 0 0 0 0 0 0 0 0 0 0 0 0 0 0 0 0 0 0 0 0 0 0 0 0 0 0 0 0 0 0 0 0 0 0 0 0 0 0 0 0 0 0 0 0 0 0 0 0 0 0 0
0 0 0 0 0 0 0 0 0 0 0 0 0 0 0 0 0 0 0 0 0 0 1 4 3 4 6 11 28 39 61 129 226 408 325 126 40 7 4 0 0 0 0 0 0 0 0 0 0 0 0 0 0 0 0 0 0 0 0 0 0 0 0 0 0 0 0 0 0 0 0 0 0 0 0 0 0 0 0 0 0 0 0 0 0 0 0 0 0 0 0 0 0 0 0 0 0 0 0 0 0
0 0 0 0 0 0 0 0 0 0 0 0 0 0 0 0 0 0 0 0 0 1 0 0 0 0 5 5 14 12 38 35 74 85 122 102 43 10 4 3 1 0 0 0 0 0 0 0 0 0 0 0 0 0 0 0 0 0 0 0 0 0 0 0 0 0 0 0 0 0 0 0 0 0 0 0 0 0 0 0 0 0 0 0 0 0 0 0 0 0 0 0 0 0 0 0 0 0 0 0 0
0 0 0 0 0 0 0 0 0 0 0 0 0 0 0 0 0 0 0 0 0 0 0 1 1 0 0 1 4 3 9 12 15 30 38 39 42 14 2 1 1 0 0 0 0 0 0 0 0 0 0 0 0 0 0 0 0 0 0 0 0 0 0 0 0 0 0 0 0 0 0 0 0 0 0 0 0 0 0 0 0 0 0 0 0 0 0 0 0 0 0 0 0 0 0 0 0 0 0 0 0
0 0 0 0 0 0 0 0 0 0 0 0 0 0 0 0 0 0 0 0 0 0 0 0 0 0 0 0 0 2 3 2 2 5 11 10 12 13 3 1 0 0 0 0 0 0 0 0 0 0 0 0 0 0 0 0 0 0 0 0 0 0 0 0 0 0 0 0 0 0 0 0 0 0 0 0 0 0 0 0 0 0 0 0 0 0 0 0 0 0 0 0 0 0 0 0 0 0 0 0 0
0 0 0 0 0 0 0 0 0 0 0 0 0 0 0 0 0 0 0 0 0 0 0 0 0 1 1 0 1 0 0 1 3 2 4 6 2 3 0 0 0 0 0 0 0 0 0 0 0 0 0 0 0 0 0 0 0 0 0 0 0 0 0 0 0 0 0 0 0 0 0 0 0 0 0 0 0 0 0 0 0 0 0 0 0 0 0 0 0 0 0 0 0 0 0 0 0 0 0 0 0
0 0 0 0 0 0 0 0 0 0 0 0 0 0 0 0 0 0 0 0 0 0 0 0 0 0 0 0 0 0 0 0 0 1 0 1 1 1 0 0 1 0 0 0 0 0 0 0 0 0 0 0 0 0 0 0 0 0 0 0 0 0 0 0 0 0 0 0 0 0 0 0 0 0 0 0 0 0 0 0 0 0 0 0 0 0 0 0 0 0 0 0 0 0 0 0 0 0 0 0 0
0 0 0 0 0 0 0 0 0 0 0 0 0 0 0 0 0 0 0 0 0 0 0 0 0 0 0 1 0 0 0 0 0 0 0 0 0 1 1 0 0 0 0 0 0 0 0 0 0 0 0 0 0 0 0 0 0 0 0 0 0 0 0 0 0 0 0 0 0 0 0 0 0 0 0 0 0 0 0 0 0 0 0 0 0 0 0 0 0 0 0 0 0 0 0 0 0 0 0 0 0
0 0 0 0 0 0 0 0 0 0 0 0 0 0 0 0 0 0 0 0 0 0 0 0 0 0 0 0 0 0 0 0 0 0 0 0 0 0 0 0 0 0 0 0 0 0 0 0 0 0 0 0 0 0 0 0 0 0 0 0 0 0 0 0 0 0 0 0 0 0 0 0 0 0 0 0 0 0 0 0 0 0 0 0 0 0 0 0 0 0 0 0 0 0 0 0 0 0 0 0 0
0 0 0 0 0 0 0 0 0 0 0 0 0 0 0 0 0 0 0 0 0 0 0 0 0 0 0 0 0 0 0 0 0 0 0 0 0 0 0 0 0 0 0 0 0 0 0 0 0 0 0 0 0 0 0 0 0 0 0 0 0 0 0 0 0 0 0 0 0 0 0 0 0 0 0 0 0 0 0 0 0 0 0 0 0 0 0 0 0 0 0 0 0 0 0 0 0 0 0 0 0
0 0 0 0 0 0 0 0 0 0 0 0 0 0 0 0 0 0 0 0 0 0 0 0 0 0 0 0 0 0 0 0 0 0 0 0 0 0 0 0 0 0 0 0 0 0 0 0 0 0 0 0 0 0 0 0 0 0 0 0 0 0 0 0 0 0 0 0 0 0 0 0 0 0 0 0 0 0 0 0 0 0 0 0 0 0 0 0 0 0 0 0 0 0 0 0 0 0 0 0 0
0 0 0 0 0 0 0 0 0 0 0 0 0 0 0 0 0 0 0 0 0 0 0 0 0 0 0 0 0 0 0 0 0 0 0 0 0 0 0 0 0 0 0 0 0 0 0 0 0 0 0 0 0 0 0 0 0 0 0 0 0 0 0 0 0 0 0 0 0 0 0 0 0 0 0 0 0 0 0 0 0 0 0 0 0 0 0 0 0 0 0 0 0 0 0 0 0 0 0 0 0
0 0 0 0 0 0 0 0 0 0 0 0 0 0 0 0 0 0 0 0 0 0 0 0 0 0 0 0 0 0 0 0 0 0 0 0 0 0 0 0 0 0 0 0 0 0 0 0 0 0 0 0 0 0 0 0 0 0 0 0 0 0 0 0 0 0 0 0 0 0 0 0 0 0 0 0 0 0 0 0 0 0 0 0 0 0 0 0 0 0 0 0 0 0 0 0 0 0 0 0 0
0 0 0 0 0 0 0 0 0 0 0 0 0 0 0 0 0 0 0 0 0 0 0 0 0 0 0 0 0 0 0 0 0 0 0 0 0 0 0 0 0 0 0 0 0 0 0 0 0 0 0 0 0 0 0 0 0 0 0 0 0 0 0 0 0 0 0 0 0 0 0 0 0 0 0 0 0 0 0 0 0 0 0 0 0 0 0 0 0 0 0 0 0 0 0 0 0 0 0 0 0
0 0 0 0 0 0 0 0 0 0 0 0 0 0 0 0 0 0 0 0 0 0 0 0 0 0 0 0 0 0 0 0 0 0 0 0 0 0 0 0 0 0 0 0 0 0 0 0 0 0 0 0 0 0 0 0 0 0 0 0 0 0 0 0 0 0 0 0 0 0 0 0 0 0 0 0 0 0 0 0 0 0 0 0 0 0 0 0 0 0 0 0 0 0 0 0 0 0 0 0 0
0 0 0 0 0 0 0 0 0 0 0 0 0 0 0 0 0 0 0 0 0 0 0 0 0 0 0 0 0 0 0 0 0 0 0 0 0 0 0 0 0 0 0 0 0 0 0 0 0 0 0 0 0 0 0 0 0 0 0 0 0 0 0 0 0 0 0 0 0 0 0 0 0 0 0 0 0 0 0 0 0 0 0 0 0 0 0 0 0 0 0 0 0 0 0 0 0 0 0 0 0
0 0 0 0 0 0 0 0 0 0 0 0 0 0 0 0 0 0 0 0 0 0 0 0 0 0 0 0 0 0 0 0 0 0 0 0 0 0 0 0 0 0 0 0 0 0 0 0 0 0 0 0 0 0 0 0 0 0 0 0 0 0 0 0 0 0 0 0 0 0 0 0 0 0 0 0 0 0 0 0 0 0 0 0 0 0 0 0 0 0 0 0 0 0 0 0 0 0 0 0 0
0 0 0 0 0 0 0 0 0 0 0 0 0 0 0 0 0 0 0 0 0 0 0 0 0 0 0 0 0 0 0 0 0 0 0 0 0 0 0 0 0 0 0 0 0 0 0 0 0 0 0 0 0 0 0 0 0 0 0 0 0 0 0 0 0 0 0 0 0 0 0 0 0 0 0 0 0 0 0 0 0 0 0 0 0 0 0 0 0 0 0 0 0 0 0 0 0 0 0 0 0
0 0 0 0 0 0 0 0 0 0 0 0 0 0 0 0 0 0 0 0 0 0 0 0 0 0 0 0 0 0 0 0 0 0 0 0 0 0 0 0 0 0 0 0 0 0 0 0 0 0 0 0 0 0 0 0 0 0 0 0 0 0 0 0 0 0 0 0 0 0 0 0 0 0 0 0 0 0 0 0 0 0 0 0 0 0 0 0 0 0 0 0 0 0 0 0 0 0 0 0 0
0 0 0 0 0 0 0 0 0 0 0 0 0 0 0 0 0 0 0 0 0 0 0 0 0 0 0 0 0 0 0 0 0 0 0 0 0 0 0 0 0 0 0 0 0 0 0 0 0 0 0 0 0 0 0 0 0 0 0 0 0 0 0 0 0 0 0 0 0 0 0 0 0 0 0 0 0 0 0 0 0 0 0 0 0 0 0 0 0 0 0 0 0 0 0 0 0 0 0 0 0
0 0 0 0 0 0 0 0 0 0 0 0 0 0 0 0 0 0 0 0 0 0 0 0 0 0 0 0 0 0 0 0 0 0 0 0 0 0 0 0 0 0 0 0 0 0 0 0 0 0 0 0 0 0 0 0 0 0 0 0 0 0 0 0 0 0 0 0 0 0 0 0 0 0 0 0 0 0 0 0 0 0 0 0 0 0 0 0 0 0 0 0 0 0 0 0 0 0 0 0 0
0 0 0 0 0 0 0 0 0 0 0 0 0 0 0 0 0 0 0 0 0 0 0 0 0 0 0 0 0 0 0 0 0 0 0 0 0 0 0 0 0 0 0 0 0 0 0 0 0 0 0 0 0 0 0 0 0 0 0 0 0 0 0 0 0 0 0 0 0 0 0 0 0 0 0 0 0 0 0 0 0 0 0 0 0 0 0 0 0 0 0 0 0 0 0 0 0 0 0 0 0
0 0 0 0 0 0 0 0 0 0 0 0 0 0 0 0 0 0 0 0 0 0 0 0 0 0 0 0 0 0 0 0 0 0 0 0 0 0 0 0 0 0 0 0 0 0 0 0 0 0 0 0 0 0 0 0 0 0 0 0 0 0 0 0 0 0 0 0 0 0 0 0 0 0 0 0 0 0 0 0 0 0 0 0 0 0 0 0 0 0 0 0 0 0 0 0 0 0 0 0 0
0 0 0 0 0 0 0 0 0 0 0 0 0 0 0 0 0 0 0 0 0 0 0 0 0 0 0 0 0 0 0 0 0 0 0 0 0 0 0 0 0 0 0 0 0 0 0 0 0 0 0 0 0 0 0 0 0 0 0 0 0 0 0 0 0 0 0 0 0 0 0 0 0 0 0 0 0 0 0 0 0 0 0 0 0 0 0 0 0 0 0 0 0 0 0 0 0 0 0 0 0
0 0 0 0 0 0 0 0 0 0 0 0 0 0 0 0 0 0 0 0 0 0 0 0 0 0 0 0 0 0 0 0 0 0 0 0 0 0 0 0 0 0 0 0 0 0 0 0 0 0 0 0 0 0 0 0 0 0 0 0 0 0 0 0 0 0 0 0 0 0 0 0 0 0 0 0 0 0 0 0 0 0 0 0 0 0 0 0 0 0 0 0 0 0 0 0 0 0 0 0 0
0 0 0 0 0 0 0 0 0 0 0 0 0 0 0 0 0 0 0 0 0 0 0 0 0 0 0 0 0 0 0 0 0 0 0 0 0 0 0 0 0 0 0 0 0 0 0 0 0 0 0 0 0 0 0 0 0 0 0 0 0 0 0 0 0 0 0 0 0 0 0 0 0 0 0 0 0 0 0 0 0 0 0 0 0 0 0 0 0 0 0 0 0 0 0 0 0 0 0 0 0
0 0 0 0 0 0 0 0 0 0 0 0 0 0 0 0 0 0 0 0 0 0 0 0 0 0 0 0 0 0 0 0 0 0 0 0 0 0 0 0 0 0 0 0 0 0 0 0 0 0 0 0 0 0 0 0 0 0 0 0 0 0 0 1 0 0 0 0 0 0 0 0 0 0 0 0 0 0 0 0 0 0 0 0 0 0 0 0 0 0 0 0 0 0 0 0 0 0 0 0 0
0 0 0 0 0 0 0 0 0 0 0 0 0 0 0 0 0 0 0 0 0 0 0 0 0 0 0 0 0 0 0 0 0 0 0 0 0 0 0 0 0 0 0 0 0 0 0 0 0 0 0 0 0 0 0 0 0 0 0 0 0 0 0 0 0 0 0 0 0 1 0 0 0 0 0 0 0 0 0 0 0 0 0 0 0 0 0 0 0 0 0 0 0 0 0 0 0 0 0 0 0
0 0 0 0 0 0 0 0 0 0 0 0 0 0 0 0 0 0 0 0 0 0 0 0 0 0 0 0 0 0 0 0 0 0 0 0 0 0 0 0 0 0 0 0 0 0 0 0 0 0 0 0 0 0 0 0 0 0 0 0 0 0 0 0 0 0 1 1 0 0 0 0 0 0 0 0 0 0 0 0 0 0 0 0 0 0 0 0 0 0 0 0 0 0 0 0 0 0 0 0 0
0 0 0 0 0 0 0 0 0 0 0 0 0 0 0 0 0 0 0 0 0 0 0 0 0 0 0 0 0 0 0 0 0 0 0 0 0 0 0 0 0 0 0 0 0 0 0 0 0 0 0 0 0 0 0 0 0 0 0 0 1 1 2 0 0 1 2 0 1 1 0 0 0 0 0 0 0 0 0 0 0 0 0 0 0 0 0 0 0 0 0 0 0 0 0 0 0 0 0 0 0
0 0 0 0 0 0 0 0 0 0 0 0 0 0 0 0 0 0 0 0 0 0 0 0 0 0 0 0 0 0 0 0 0 0 0 0 0 0 0 0 0 0 0 0 0 0 0 0 0 0 0 0 0 0 0 0 0 0 0 0 0 0 3 7 5 5 7 3 4 1 3 0 1 0 0 0 0 0 0 0 0 0 0 0 0 0 0 0 0 0 0 0 0 0 0 0 0 0 0 0 0
0 0 0 0 0 0 0 0 0 0 0 0 0 0 0 0 0 0 0 0 0 0 0 0 0 0 0 0 0 0 0 0 0 0 0 0 0 0 0 0 0 0 0 0 0 0 0 0 0 0 0 0 0 0 0 0 0 0 0 0 0 0 1 6 15 14 9 10 9 6 3 2 4 1 1 0 0 0 0 0 0 0 0 0 0 0 0 0 0 0 0 0 0 0 0 0 0 0 0 0 0
0 0 0 0 0 0 0 0 0 0 0 0 0 0 0 0 0 0 0 0 0 0 0 0 0 0 0 0 0 0 0 0 0 0 0 0 0 0 0 0 0 0 0 0 0 0 0 0 0 0 0 0 0 0 0 0 0 0 0 0 0 1 0 8 14 26 33 39 29 17 15 7 3 2 1 1 2 1 0 0 0 0 0 0 1 0 0 0 0 0 0 0 0 0 0 0 0 0 0 0 0
0 0 0 0 0 0 0 0 0 0 0 0 0 0 0 0 0 0 0 0 0 0 0 0 0 0 0 0 0 0 0 0 0 0 0 0 0 0 0 0 0 0 0 0 0 0 0 0 0 0 0 0 0 0 0 0 0 0 0 1 0 0 1 5 17 48 134 132 97 74 44 20 13 13 4 2 3 1 1 1 0 0 0 0 1 0 0 0 0 0 0 0 0 0 0 0 0 0 0 0 0
0 0 0 0 0 0 0 0 0 0 0 0 0 0 0 0 0 0 0 0 0 0 0 0 0 0 0 0 0 0 0 0 0 0 0 0 0 0 0 0 0 0 0 0 0 0 0 0 0 0 0 0 0 0 0 0 0 0 0 0 0 0 0 2 7 31 138 377 444 291 190 88 60 35 25 12 9 2 1 2 1 1 0 0 0 0 0 0 0 0 0 0 0 0 0 0 0 0 0 0 0
0 0 0 0 0 0 0 0 0 0 0 0 0 0 0 0 0 0 0 0 0 0 0 0 0 0 0 0 0 0 0 0 0 0 0 0 0 0 0 0 0 0 0 0 0 0 0 0 0 0 0 0 0 0 0 0 0 0 0 0 0 0 1 2 11 24 96 458 1110 1188 658 346 189 97 63 33 13 7 4 5 1 1 0 0 2 0 0 0 0 0 0 0 0 0 0 0 0 0 0 0 0
0 0 0 0 0 0 0 0 0 0 0 0 0 0 0 0 0 0 0 0 0 0 0 0 0 0 0 0 0 0 0 0 0 0 0 0 0 0 0 0 0 0 0 0 0 0 0 0 0 0 0 0 0 0 0 0 0 0 0 0 0 0 0 2 6 22 65 312 1160 2635 2469 1290 591 335 195 117 57 33 14 12 4 6 2 4 0 1 0 2 0 1 1 0 0 0 0 0 0 0 0 0 0
0 0 0 0 0 0 0 0 0 0 0 0 0 0 0 0 0 0 0 0 0 0 0 0 0 0 0 0 0 0 0 0 0 0 0 0 0 0 0 0 0 0 0 0 0 0 0 0 0 0 0 0 0 0 0 0 0 0 0 0 0 0 1 3 2 19 45 171 707 2446 5168 4437 2182 974 544 266 167 101 67 38 20 14 6 9 5 2 2 2 1 0 0 0 0 0 0 0 1 0 0 0 0
0 0 0 0 0 0 0 0 0 0 0 0 0 0 0 0 0 0 0 0 0 0 0 0 0 0 0 0 0 0 0 0 0 0 0 0 0 0 0 0 0 0 0 0 0 0 0 0 0 0 0 0 0 0 0 0 0 0 0 0 0 0 0 0 2 5 38 87 320 1297 4562 8483 7019 3305 1438 709 396 244 103 75 53 42 16 18 10 1 6 5 2 1 0 0 0 0 0 0 0 0 0 0 0
0 0 0 0 0 0 0 0 0 0 0 0 0 0 0 0 0 0 0 0 0 0 0 0 0 0 0 0 0 0 0 0 0 0 0 0 0 0 0 0 0 0 0 0 0 0 0 0 0 0 0 0 0 0 0 0 0 0 0 0 0 0 0 1 0 4 22 66 196 591 2126 7050 12916 10406 4548 2024 1034 579 343 178 114 77 41 34 24 18 14 4 6 3 1 1 1 3 1 0 0 0 1 0 0
0 0 0 0 0 0 0 0 0 0 0 0 0 0 0 0 0 0 0 0 0 0 0 0 0 0 0 0 0 0 0 0 0 0 0 0 0 0 0 0 0 0 0 0 0 0 0 0 0 0 0 0 0 0 0 0 0 0 0 0 0 0 0 0 1 1 12 35 100 347 952 3280 10361 17837 13416 5904 2509 1383 826 498 280 171 118 69 56 53 16 16 17 8 8 3 2 1 1 1 1 0 0 1 0
1 0 0 0 0 0 0 0 0 0 0 0 0 0 0 0 0 0 0 0 0 0 0 0 0 0 0 0 0 0 0 0 0 0 0 0 0 0 0 0 0 0 0 0 0 0 0 0 0 0 0 0 0 0 0 0 0 0 0 0 0 0 0 0 0 1 5 7 61 168 523 1433 4580 13454 21493 15597 6729 3138 1695 1060 625 392 242 179 123 79 76 52 40 15 17 17 15 10 1 4 1 1 1 0 0
0 0 0 0 0 0 1 0 0 0 0 0 0 0 0 0 0 0 0 0 0 0 0 0 0 0 0 0 0 0 0 0 0 0 0 0 0 0 0 0 0 0 0 0 0 0 0 0 0 0 0 0 0 0 0 0 0 0 0 0 0 0 0 0 0 0 3 12 38 114 304 778 2019 5877 15655 23225 16343 7601 3734 2127 1329 826 534 403 279 187 135 96 43 51 32 24 14 13 8 7 3 5 1 2 0
4 4 2 0 1 1 0 1 1 0 0 0 0 0 0 0 0 0 0 0 0 0 0 0 0 0 0 0 0 0 0 0 0 0 0 0 0 0 0 0 0 0 0 0 0 0 0 0 0 0 0 0 0 0 0 0 0 0 0 0 0 0 0 1 1 1 0 3 17 67 164 413 1070 2513 6716 16498 23085 16489 7846 4058 2582 1618 1136 746 512 393 296 225 146 124 78 56 40 29 18 19 13 5 5 4 2
7 8 1 2 4 0 0 1 0 0 0 0 0 0 0 0 0 0 0 0 0 0 0 0 0 0 0 0 0 0 0 0 0 0 0 0 0 0 0 0 0 0 0 0 0 0 0 0 0 0 0 0 0 0 0 0 0 0 0 0 0 0 0 0 0 0 1 1 7 34 99 211 544 1368 3108 7599 16462 22462 16143 8390 4667 3216 2128 1510 1082 800 578 421 324 224 160 136 110 85 55 33 26 12 13 10 5
7 16 9 6 5 3 5 1 2 0 0 1 1 0 0 0 0 0 0 0 0 0 0 0 0 0 0 0 0 0 0 0 0 0 0 0 0 0 0 0 0 0 0 0 0 0 0 0 0 0 0 0 0 0 0 0 0 0 0 0 0 0 0 1 0 0 2 1 4 25 49 151 339 762 1644 3623 7890 16161 21385 15594 8948 5577 3863 2808 1974 1475 1150 841 642 525 344 279 199 150 134 85 65 53 33 19 8
17 30 14 14 11 10 8 4 3 1 3 1 0 1 0 0 1 0 0 0 0 0 0 0 0 0 0 0 0 0 0 0 0 0 0 0 0 0 0 0 0 0 0 0 0 0 0 0 0 0 0 0 0 0 0 0 0 0 0 0 0 0 0 0 0 0 0 0 3 13 28 91 186 464 1049 2141 4170 8285 15584 20135 15790 9815 6672 4935 3611 2777 2102 1499 1216 933 743 546 410 325 242 216 152 131 86 65 31
31 54 52 36 22 18 8 9 4 3 4 4 0 0 0 0 0 0 0 0 0 0 0 0 0 0 0 0 0 0 0 0 0 0 0 0 0 0 0 0 0 0 0 0 0 0 0 0 0 0 0 0 0 0 0 0 0 0 0 0 0 0 0 0 0 0 0 1 1 8 19 44 104 280 670 1254 2622 4697 8945 15795 20087 16244 11012 8149 6101 4730 3552 2743 2136 1625 1401 1050 892 656 471 415 314 231 172 133 58
89 156 119 75 47 29 28 18 17 15 6 6 3 1 0 0 0 0 0 0 0 0 0 0 0 0 0 0 0 0 0 0 0 0 0 0 0 0 0 0 0 0 0 0 0 0 0 0 0 0 0 0 0 0 0 0 0 0 0 0 0 0 0 0 0 0 0 1 0 8 4 36 89 177 380 867 1688 3066 5519 9899 16176 20521 17396 12404 9544 7549 5915 4705 3662 3041 2447 1889 1509 1188 976 741 580 468 358 246 114
167 291 228 162 126 77 63 49 32 19 13 7 3 3 0 1 2 0 0 0 0 0 0 0 0 0 0 0 0 0 0 0 0 0 0 0 0 0 0 0 0 0 0 0 0 0 0 0 0 0 0 0 0 0 0 0 0 0 0 0 0 0 0 0 0 0 0 0 0 1 5 30 43 134 269 621 1100 2186 3860 6873 11071 17190 20417 17616 13882 10809 8714 7180 5828 4833 3818 3300 2599 2066 1721 1405 1030 866 699 510 219
327 519 395 267 213 164 108 89 75 38 35 13 13 10 8 5 2 1 0 1 0 0 0 0 0 0 0 0 0 0 0 0 0 0 0 0 0 0 0 0 0 0 0 0 0 0 0 0 0 0 0 0 0 0 0 0 0 0 0 0 0 0 0 0 0 0 0 0 1 2 5 9 33 71 179 370 779 1539 2783 4866 8095 12499 17761 20164 17957 14473 11752 9925 8354 6880 5696 4784 3791 3276 2695 2210 1760 1379 1101 880 347
517 879 649 507 344 242 205 165 99 88 48 32 11 18 9 9 2 1 0 1 0 0 0 0 0 0 0 0 0 0 0 0 0 0 0 0 0 0 0 0 0 0 0 0 0 0 0 0 0 0 0 0 0 0 0 0 0 0 0 0 0 0 0 0 0 0 0 0 0 2 3 10 23 54 144 281 526 1063 2026 3657 6114 9577 13736 17799 19557 17632 14542 12241 10570 8882 7742 6547 5436 4523 3832 3144 2616 2193 1681 1394 586
797 1249 988 767 612 425 351 242 183 111 87 60 41 28 15 8 5 1 1 1 0 0 0 0 0 0 0 0 0 0 0 0 0 0 0 0 0 0 0 0 0 0 0 0 0 0 0 0 0 0 0 0 0 0 0 0 0 0 0 0 0 0 0 0 0 0 0 0 0 0 2 13 19 33 92 200 371 774 1533 2624 4775 7459 10910 14549 17258 17759 16269 14439 12228 10706 9398 8097 7014 6099 5165 4224 3556 3040 2426 1952 830
1084 1855 1403 1126 872 671 531 358 315 186 135 109 67 58 22 19 7 4 2 2 1 0 0 0 0 0 0 0 0 0 0 0 0 0 0 0 0 0 0 0 0 0 0 0 0 0 0 0 0 0 0 0 0 0 0 0 0 0 0 0 0 0 0 0 0 0 0 0 0 2 3 1 13 21 60 130 292 558 1094 2043 3546 5940 8976 11978 14735 16091 16304 14941 13257 11934 10478 9476 8260 7093 6197 5356 4692 3866 3315 2649 1111
1436 2309 1921 1548 1207 959 756 556 412 321 222 178 115 94 44 31 19 10 5 2 2 0 1 0 0 0 0 0 0 0 0 0 0 0 0 0 0 0 0 0 0 0 0 0 0 0 0 0 0 0 0 0 0 0 0 0 0 0 0 0 0 0 0 0 0 0 0 0 0 0 1 7 7 22 48 97 227 383 782 1489 2693 4774 7331 9971 12450 14145 14825 14770 13695 12384 11558 10448 9162 8180 7490 6378 5619 4736 4137 3425 1482
1606 2880 2503 1988 1596 1333 1036 778 609 465 327 219 140 109 61 50 21 14 6 3 4 1 1 0 0 0 0 0 0 0 0 0 0 0 0 0 0 0 0 0 0 0 0 0 0 0 0 0 0 0 0 0 0 0 0 0 0 0 0 0 0 0 0 0 0 0 0 0 0 0 0 1 10 8 25 80 124 305 670 1199 2274 3641 5898 8114 10388 12136 13339 13767 13546 12600 11908 10899 10059 9143 8287 7326 6451 5393 4888 4253 1802
2072 3636 3022 2501 2044 1640 1367 1041 801 644 461 331 246 162 106 70 29 16 8 3 1 0 0 0 0 0 0 0 0 0 0 0 0 0 0 0 0 0 0 0 0 0 0 0 0 0 0 0 0 0 0 0 0 0 0 0 0 0 0 0 0 0 0 0 0 0 0 0 0 0 1 1 3 17 22 57 109 231 464 939 1683 3018 4610 6841 8853 10799 11721 12762 12480 12402 11694 11093 10545 9758 8955 7933 7327 6262 5629 4931 2209
2436 4217 3691 3012 2589 2036 1737 1308 1091 857 625 474 355 234 132 108 62 34 14 8 5 4 1 0 0 0 0 0 0 0 0 0 0 0 0 0 0 0 0 0 0 0 0 0 0 0 0 0 0 0 0 0 0 0 0 0 0 0 0 0 0 0 0 0 0 0 0 0 0 0 0 0 3 5 19 25 90 181 350 733 1324 2377 3893 5613 7649 9271 10690 11461 11973 11938 11586 10973 10645 9982 9310 8609 7922 7206 6394 5568 2510
2771 4816 4204 3687 2981 2527 2122 1750 1401 1076 849 641 446 318 211 160 91 52 28 14 4 0 2 0 0 0 0 0 0 0 0 0 0 0 0 0 0 0 0 0 0 0 0 0 0 0 0 0 0 0 0 0 0 0 0 0 0 0 0 0 0 0 0 0 0 0 0 0 0 0 0 1 1 3 8 27 57 150 288 566 1063 1987 3189 4830 6419 8184 9494 10399 10914 11029 11049 10792 10810 10171 9768 9145 8366 7567 6948 6268 2735
2979 5462 4957 4214 3569 3099 2608 2104 1786 1298 1035 808 583 430 302 200 105 60 25 25 2 2 1 0 0 0 0 0 0 0 0 0 0 0 0 0 0 0 0 0 0 0 0 0 0 0 0 0 0 0 0 0 0 0 0 0 0 0 0 0 0 0 0 0 0 0 0 0 0 0 0 1 1 0 5 19 44 127 191 425 817 1562 2577 3871 5462 7059 8302 9267 9891 10477 10615 10567 10507 10175 9902 9631 8914 8249 7477 6943 3174
3336 6228 5620 4709 4147 3560 2938 2610 2197 1707 1350 1097 789 589 389 247 173 80 56 31 5 4 1 2 0 1 0 0 0 0 0 0 0 0 0 0 0 0 0 0 0 0 0 0 0 0 0 0 0 0 0 0 0 0 0 0 0 0 0 0 0 0 0 0 0 0 0 0 0 0 0 0 2 1 4 18 19 92 160 337 698 1193 2139 3164 4580 6059 7179 8319 9223 9590 10046 10306 10217 10248 9940 9575 9164 8786 8224 7571 3516
3719 6830 6193 5462 4867 4242 3545 3044 2618 2078 1642 1387 993 723 529 365 228 127 63 40 16 8 4 1 1 1 0 0 0 0 0 0 0 0 0 0 0 0 0 0 0 0 0 0 0 0 0 0 0 0 0 0 0 0 0 0 0 0 0 0 0 0 0 0 0 0 0 0 0 0 0 2 1 2 7 7 31 58 117 238 517 956 1693 2787 3902 5062 6288 7235 8151 8856 9464 9766 9917 9996 9748 9647 9562 8927 8534 7931 3853
3818 7212 6706 6076 5505 4675 4171 3537 3089 2536 2033 1701 1258 981 750 503 290 210 105 56 24 12 3 1 0 2 0 0 0 0 0 0 0 0 0 0 0 0 0 0 0 0 0 0 0 0 0 0 0 0 0 0 0 0 0 0 0 0 0 0 0 0 0 0 0 0 0 0 0 0 0 0 0 1 3 9 12 40 99 191 384 747 1322 2200 3160 4322 5345 6517 7276 7982 8660 9123 9325 9649 9808 9872 9611 9125 8684 8383 4069
4068 7926 7207 6672 6007 5497 4780 4066 3661 3045 2533 2020 1670 1217 931 599 431 254 129 68 27 15 5 4 0 0 0 0 0 0 0 0 0 0 0 0 0 0 0 0 0 0 0 0 0 0 0 0 0 0 0 0 0 0 0 0 0 0 0 0 0 0 0 0 0 0 0 0 0 0 0 0 1 1 2 1 13 30 54 138 306 592 1093 1754 2689 3607 4738 5534 6375 7130 8052 8494 8983 9247 9496 9627 9591 9424 9239 8711 4200
4316 8246 7803 7196 6588 6154 5411 4799 4163 3614 2959 2579 2051 1521 1168 885 540 339 194 108 45 28 6 6 2 2 0 0 0 0 0 0 0 0 0 0 0 0 0 0 0 0 0 0 0 0 0 0 0 0 0 0 0 0 0 0 0 0 0 0 0 0 0 0 0 0 0 0 0 0 0 0 0 1 1 2 9 30 48 88 231 455 810 1456 2123 2970 3897 4751 5610 6376 7076 7823 8144 8845 8955 9345 9273 9335 9134 8951 4387
4385 8600 8423 7836 7352 6677 6024 5547 4945 4146 3599 2986 2507 1990 1490 1031 702 440 234 147 78 26 13 3 3 0 0 0 0 0 0 0 0 0 0 0 0 0 0 0 0 0 0 0 0 0 0 0 0 0 0 0 0 0 0 0 0 0 0 0 0 0 0 0 0 0 0 0 0 0 0 0 0 0 2 3 6 15 38 85 162 371 649 1081 1708 2490 3270 4040 4781 5546 6347 7026 7676 8107 8518 8801 9123 9263 9328 9297 4518
4469 9033 8817 8093 7843 7344 6636 6075 5566 4830 4221 3676 3033 2331 1835 1338 969 559 356 174 89 48 23 7 3 1 2 0 0 0 0 0 0 0 0 0 0 0 0 0 0 0 0 0 0 0 0 0 0 0 0 0 0 0 0 0 0 0 0 0 0 0 0 0 0 0 0 0 0 0 0 0 0 0 2 2 1 7 35 59 102 246 526 895 1427 1990 2724 3356 4235 4968 5637 6200 6908 7593 7938 8496 8874 9072 9202 9124 4650
2232 4478 4446 4474 4036 3956 3642 3287 2985 2685 2231 2079 1715 1247 1070 785 590 349 210 135 63 38 14 4 2 1 0 0 0 0 0 0 0 0 0 0 0 0 0 0 0 0 0 0 0 0 0 0 0 0 0 0 0 0 0 0 0 0 0 0 0 0 0 0 0 0 0 0 0 0 0 0 0 0 0 0 1 6 14 28 56 91 225 387 590 833 1222 1430 1872 2081 2525 2787 3179 3482 3770 3933 4270 4337 4374 4495 2245
