 Permeation events over simulation time.
 t(ns) Number of events
   0.00000000               0
   1.00000000               0
   2.00000000               0
   3.00000000               0
   4.00000000               0
   5.00000000               0
   6.00000000               0
   7.00000000               0
   8.00000000               1
   9.00000000               1
   10.0000000               2
   11.0000000               2
   12.0000000               2
   13.0000000               2
   14.0000000               2
   15.0000000               3
   16.0000000               3
   17.0000000               3
   18.0000000               3
   19.0000000               3
   20.0000000               3
   21.0000000               3
   22.0000000               3
   23.0000000               3
   24.0000000               3
   25.0000000               3
   26.0000000               3
   27.0000000               3
   28.0000000               4
   29.0000000               4
   30.0000000               5
   31.0000000               5
   32.0000000               5
   33.0000000               5
   34.0000000               5
   35.0000000               5
   36.0000000               5
   37.0000000               5
   38.0000000               5
   39.0000000               5
   40.0000000               5
   41.0000000               5
   42.0000000               6
   43.0000000               6
   44.0000000               6
   45.0000000               6
   46.0000000               6
   47.0000000               7
   48.0000000               7
   49.0000000               7
   50.0000000               7
   51.0000000               7
   52.0000000               7
   53.0000000               7
   54.0000000               7
   55.0000000               7
   56.0000000               7
   57.0000000               7
   58.0000000               7
   59.0000000               7
   60.0000000               7
   61.0000000               7
   62.0000000               7
   63.0000000               7
   64.0000000               7
   65.0000000               7
   66.0000000               7
   67.0000000               7
   68.0000000               7
   69.0000000               7
   70.0000000               7
   71.0000000               7
   72.0000000               7
   73.0000000               7
   74.0000000               7
   75.0000000               7
   76.0000000               7
   77.0000000               7
   78.0000000               7
   79.0000000               7
   80.0000000               7
   81.0000000               7
   82.0000000               7
   83.0000000               7
   84.0000000               7
   85.0000000               7
   86.0000000               7
   87.0000000               7
   88.0000000               7
   89.0000000               7
   90.0000000               7
   91.0000000               7
   92.0000000               7
   93.0000000               7
   94.0000000               7
   95.0000000               7
   96.0000000               7
   97.0000000               7
   98.0000000               7
   99.0000000               7
   100.000000               7
   101.000000               7
   102.000000               7
   103.000000               7
   104.000000               7
   105.000000               7
   106.000000               7
   107.000000               7
   108.000000               7
   109.000000               7
   110.000000               7
   111.000000               7
   112.000000               7
   113.000000               7
   114.000000               7
   115.000000               8
   116.000000               8
   117.000000               8
   118.000000               8
   119.000000               8
   120.000000               8
   121.000000               8
   122.000000               8
   123.000000               8
   124.000000               9
   125.000000               9
   126.000000               9
   127.000000               9
   128.000000               9
   129.000000               9
   130.000000               9
   131.000000               9
   132.000000               9
   133.000000               9
   134.000000               9
   135.000000               9
   136.000000               9
   137.000000               9
   138.000000               9
   139.000000               9
   140.000000               9
   141.000000               9
   142.000000               9
   143.000000               9
   144.000000               9
   145.000000               9
   146.000000               9
   147.000000               9
   148.000000               9
   149.000000               9
   150.000000               9
   151.000000               9
   152.000000               9
   153.000000               9
   154.000000               9
   155.000000               9
   156.000000               9
   157.000000               9
   158.000000               9
   159.000000               9
   160.000000               9
   161.000000               9
   162.000000               9
   163.000000               9
   164.000000               9
   165.000000               9
   166.000000              10
   167.000000              10
   168.000000              10
   169.000000              10
   170.000000              10
   171.000000              10
   172.000000              10
   173.000000              10
   174.000000              10
   175.000000              10
   176.000000              10
   177.000000              10
   178.000000              10
   179.000000              10
   180.000000              10
   181.000000              10
   182.000000              11
   183.000000              11
   184.000000              11
   185.000000              11
   186.000000              11
   187.000000              11
   188.000000              11
   189.000000              11
   190.000000              11
   191.000000              11
   192.000000              11
   193.000000              11
   194.000000              11
   195.000000              11
   196.000000              11
   197.000000              12
   198.000000              12
   199.000000              12
   200.000000              12
   201.000000              12
   202.000000              12
   203.000000              12
   204.000000              12
   205.000000              12
   206.000000              12
   207.000000              12
   208.000000              12
   209.000000              12
   210.000000              12
   211.000000              12
   212.000000              12
   213.000000              12
   214.000000              12
   215.000000              12
   216.000000              13
   217.000000              13
   218.000000              13
   219.000000              13
   220.000000              13
   221.000000              13
   222.000000              14
   223.000000              14
   224.000000              14
   225.000000              14
   226.000000              14
   227.000000              14
   228.000000              14
   229.000000              14
   230.000000              14
   231.000000              14
   232.000000              14
   233.000000              14
   234.000000              14
   235.000000              14
   236.000000              15
   237.000000              15
   238.000000              15
   239.000000              15
   240.000000              15
   241.000000              15
   242.000000              15
   243.000000              15
   244.000000              15
   245.000000              15
   246.000000              15
   247.000000              15
   248.000000              15
   249.000000              15
   250.000000              16
   251.000000              16
   252.000000              16
   253.000000              16
   254.000000              16
   255.000000              16
   256.000000              16
   257.000000              16
   258.000000              16
   259.000000              16
   260.000000              16
   261.000000              16
   262.000000              16
   263.000000              16
   264.000000              16
   265.000000              16
   266.000000              16
   267.000000              16
   268.000000              16
   269.000000              16
   270.000000              16
   271.000000              16
   272.000000              16
   273.000000              16
   274.000000              16
   275.000000              16
   276.000000              16
   277.000000              16
   278.000000              16
   279.000000              16
   280.000000              16
   281.000000              16
   282.000000              16
   283.000000              16
   284.000000              16
   285.000000              16
   286.000000              16
   287.000000              16
   288.000000              16
   289.000000              16
   290.000000              16
   291.000000              16
   292.000000              16
   293.000000              16
   294.000000              16
   295.000000              16
   296.000000              16
   297.000000              16
   298.000000              16
   299.000000              16
   300.000000              16
   301.000000              16
   302.000000              16
   303.000000              16
   304.000000              16
   305.000000              16
   306.000000              16
   307.000000              16
   308.000000              16
   309.000000              16
   310.000000              16
   311.000000              16
   312.000000              16
   313.000000              16
   314.000000              16
   315.000000              16
   316.000000              16
   317.000000              16
   318.000000              16
   319.000000              16
   320.000000              16
   321.000000              16
   322.000000              16
   323.000000              16
   324.000000              16
   325.000000              17
   326.000000              17
   327.000000              17
   328.000000              17
   329.000000              17
   330.000000              18
   331.000000              18
   332.000000              18
   333.000000              18
   334.000000              19
   335.000000              19
   336.000000              19
   337.000000              19
   338.000000              19
   339.000000              19
   340.000000              19
   341.000000              19
   342.000000              19
   343.000000              20
   344.000000              20
   345.000000              20
   346.000000              20
   347.000000              20
   348.000000              20
   349.000000              20
   350.000000              20
   351.000000              20
   352.000000              20
   353.000000              20
   354.000000              20
   355.000000              20
   356.000000              20
   357.000000              21
   358.000000              21
   359.000000              22
   360.000000              22
   361.000000              23
   362.000000              24
   363.000000              24
   364.000000              24
   365.000000              24
   366.000000              24
   367.000000              24
   368.000000              24
   369.000000              24
   370.000000              24
   371.000000              24
   372.000000              24
   373.000000              24
   374.000000              25
   375.000000              25
   376.000000              25
   377.000000              25
   378.000000              25
   379.000000              25
   380.000000              25
   381.000000              25
   382.000000              25
   383.000000              25
   384.000000              25
   385.000000              25
   386.000000              25
   387.000000              25
   388.000000              25
   389.000000              26
   390.000000              26
   391.000000              26
   392.000000              26
   393.000000              26
   394.000000              26
   395.000000              26
   396.000000              26
   397.000000              26
   398.000000              26
   399.000000              26
   400.000000              26
   401.000000              26
   402.000000              26
   403.000000              26
   404.000000              26
   405.000000              26
   406.000000              26
   407.000000              26
   408.000000              26
   409.000000              26
   410.000000              26
   411.000000              26
   412.000000              26
   413.000000              26
   414.000000              26
   415.000000              27
   416.000000              27
   417.000000              27
   418.000000              27
   419.000000              27
   420.000000              27
   421.000000              27
   422.000000              27
   423.000000              28
   424.000000              28
   425.000000              28
   426.000000              28
   427.000000              28
   428.000000              28
   429.000000              28
   430.000000              28
   431.000000              28
   432.000000              28
   433.000000              28
   434.000000              28
   435.000000              28
   436.000000              28
   437.000000              28
   438.000000              28
   439.000000              28
   440.000000              28
   441.000000              28
   442.000000              28
   443.000000              28
   444.000000              28
   445.000000              28
   446.000000              28
   447.000000              28
   448.000000              28
   449.000000              28
   450.000000              28
   451.000000              28
   452.000000              28
   453.000000              28
   454.000000              28
   455.000000              28
   456.000000              28
   457.000000              28
   458.000000              28
   459.000000              28
   460.000000              28
   461.000000              28
   462.000000              28
   463.000000              28
   464.000000              28
   465.000000              28
   466.000000              28
   467.000000              28
   468.000000              28
   469.000000              28
   470.000000              28
   471.000000              28
   472.000000              28
   473.000000              28
   474.000000              28
   475.000000              28
   476.000000              28
   477.000000              28
   478.000000              28
   479.000000              28
   480.000000              28
   481.000000              28
   482.000000              28
   483.000000              28
   484.000000              29
   485.000000              29
   486.000000              29
   487.000000              29
   488.000000              29
   489.000000              29
   490.000000              29
   491.000000              29
   492.000000              29
   493.000000              29
   494.000000              29
   495.000000              29
   496.000000              29
   497.000000              29
   498.000000              29
   499.000000              29
   500.000000              30
   501.000000              30
   502.000000              30
   503.000000              30
   504.000000              30
   505.000000              30
   506.000000              30
   507.000000              30
   508.000000              30
   509.000000              30
   510.000000              30
   511.000000              30
   512.000000              30
   513.000000              30
   514.000000              30
   515.000000              30
   516.000000              30
   517.000000              30
   518.000000              30
   519.000000              30
   520.000000              30
   521.000000              30
   522.000000              30
   523.000000              30
   524.000000              30
   525.000000              30
   526.000000              30
   527.000000              30
   528.000000              30
   529.000000              30
   530.000000              30
   531.000000              30
   532.000000              30
   533.000000              30
   534.000000              30
   535.000000              30
   536.000000              30
   537.000000              30
   538.000000              30
   539.000000              30
   540.000000              30
   541.000000              31
   542.000000              31
   543.000000              31
   544.000000              31
   545.000000              31
   546.000000              31
   547.000000              31
   548.000000              31
   549.000000              31
   550.000000              31
   551.000000              32
   552.000000              32
   553.000000              32
   554.000000              32
   555.000000              32
   556.000000              32
   557.000000              33
   558.000000              33
   559.000000              33
   560.000000              33
   561.000000              33
   562.000000              33
   563.000000              33
   564.000000              33
   565.000000              33
   566.000000              34
   567.000000              34
   568.000000              34
   569.000000              34
   570.000000              34
   571.000000              34
   572.000000              34
   573.000000              34
   574.000000              34
   575.000000              34
   576.000000              34
   577.000000              34
   578.000000              34
   579.000000              34
   580.000000              34
   581.000000              34
   582.000000              34
   583.000000              34
   584.000000              34
   585.000000              34
   586.000000              34
   587.000000              34
   588.000000              34
   589.000000              34
   590.000000              34
   591.000000              34
   592.000000              34
   593.000000              34
   594.000000              34
   595.000000              34
   596.000000              34
   597.000000              34
   598.000000              34
   599.000000              34
   600.000000              34
   601.000000              34
   602.000000              34
   603.000000              34
   604.000000              34
   605.000000              34
   606.000000              34
   607.000000              34
   608.000000              34
   609.000000              34
   610.000000              34
   611.000000              34
   612.000000              35
   613.000000              35
   614.000000              35
   615.000000              35
   616.000000              35
   617.000000              35
   618.000000              35
   619.000000              35
   620.000000              35
   621.000000              35
   622.000000              35
   623.000000              35
   624.000000              35
   625.000000              35
   626.000000              35
   627.000000              35
   628.000000              35
   629.000000              35
   630.000000              35
   631.000000              35
   632.000000              35
   633.000000              35
   634.000000              35
   635.000000              35
   636.000000              35
   637.000000              35
   638.000000              35
   639.000000              35
   640.000000              35
   641.000000              35
   642.000000              35
   643.000000              36
   644.000000              36
   645.000000              36
   646.000000              36
   647.000000              36
   648.000000              36
   649.000000              37
   650.000000              37
   651.000000              37
   652.000000              37
   653.000000              37
   654.000000              37
   655.000000              37
   656.000000              37
   657.000000              37
   658.000000              37
   659.000000              37
   660.000000              37
   661.000000              37
   662.000000              37
   663.000000              38
   664.000000              38
   665.000000              38
   666.000000              39
   667.000000              39
   668.000000              40
   669.000000              40
   670.000000              40
   671.000000              40
   672.000000              40
   673.000000              40
   674.000000              40
   675.000000              40
   676.000000              40
   677.000000              40
   678.000000              40
   679.000000              41
   680.000000              41
   681.000000              41
   682.000000              41
   683.000000              41
   684.000000              41
   685.000000              41
   686.000000              41
   687.000000              41
   688.000000              41
   689.000000              41
   690.000000              41
   691.000000              41
   692.000000              41
   693.000000              41
   694.000000              41
   695.000000              41
   696.000000              41
   697.000000              41
   698.000000              41
   699.000000              41
   700.000000              41
   701.000000              41
   702.000000              41
   703.000000              41
   704.000000              41
   705.000000              41
   706.000000              41
   707.000000              41
   708.000000              41
   709.000000              41
   710.000000              41
   711.000000              41
   712.000000              41
   713.000000              41
   714.000000              41
   715.000000              41
   716.000000              41
   717.000000              41
   718.000000              41
   719.000000              41
   720.000000              41
   721.000000              41
   722.000000              41
   723.000000              41
   724.000000              41
   725.000000              41
   726.000000              41
   727.000000              41
   728.000000              41
   729.000000              41
   730.000000              41
   731.000000              41
   732.000000              41
   733.000000              41
   734.000000              41
   735.000000              41
   736.000000              41
   737.000000              41
   738.000000              41
   739.000000              41
   740.000000              41
   741.000000              41
   742.000000              41
   743.000000              41
   744.000000              41
   745.000000              41
   746.000000              41
   747.000000              41
   748.000000              41
   749.000000              41
   750.000000              41
   751.000000              42
   752.000000              42
   753.000000              42
   754.000000              42
   755.000000              42
   756.000000              42
   757.000000              42
   758.000000              42
   759.000000              42
   760.000000              42
   761.000000              42
   762.000000              42
   763.000000              42
   764.000000              42
   765.000000              42
   766.000000              42
   767.000000              42
   768.000000              42
   769.000000              42
   770.000000              42
   771.000000              42
   772.000000              43
   773.000000              44
   774.000000              44
   775.000000              44
   776.000000              44
   777.000000              44
   778.000000              44
   779.000000              44
   780.000000              44
   781.000000              44
   782.000000              44
   783.000000              44
   784.000000              44
   785.000000              44
   786.000000              44
   787.000000              44
   788.000000              44
   789.000000              44
   790.000000              44
   791.000000              44
   792.000000              44
   793.000000              44
   794.000000              44
   795.000000              44
   796.000000              44
   797.000000              44
   798.000000              44
   799.000000              44
   800.000000              44
   801.000000              44
   802.000000              44
   803.000000              44
   804.000000              44
   805.000000              44
   806.000000              44
   807.000000              44
   808.000000              44
   809.000000              44
   810.000000              44
   811.000000              44
   812.000000              44
   813.000000              44
   814.000000              44
   815.000000              44
   816.000000              44
   817.000000              44
   818.000000              44
   819.000000              44
   820.000000              44
   821.000000              44
   822.000000              44
   823.000000              44
   824.000000              44
   825.000000              44
   826.000000              44
   827.000000              44
   828.000000              44
   829.000000              44
   830.000000              44
   831.000000              44
   832.000000              44
   833.000000              44
   834.000000              44
   835.000000              44
   836.000000              44
   837.000000              44
   838.000000              44
   839.000000              44
   840.000000              44
   841.000000              44
   842.000000              44
   843.000000              44
   844.000000              44
   845.000000              44
   846.000000              44
   847.000000              45
   848.000000              45
   849.000000              47
   850.000000              47
   851.000000              47
   852.000000              47
   853.000000              47
   854.000000              47
   855.000000              47
   856.000000              47
   857.000000              47
   858.000000              47
   859.000000              47
   860.000000              47
   861.000000              47
   862.000000              47
   863.000000              47
   864.000000              47
   865.000000              47
   866.000000              47
   867.000000              48
   868.000000              48
   869.000000              48
   870.000000              48
   871.000000              48
   872.000000              49
   873.000000              49
   874.000000              49
   875.000000              49
   876.000000              49
   877.000000              49
   878.000000              49
   879.000000              49
   880.000000              49
   881.000000              49
   882.000000              49
   883.000000              49
   884.000000              49
   885.000000              49
   886.000000              49
   887.000000              49
   888.000000              49
   889.000000              49
   890.000000              49
   891.000000              49
   892.000000              49
   893.000000              49
   894.000000              49
   895.000000              49
   896.000000              49
   897.000000              49
   898.000000              49
   899.000000              49
   900.000000              49
