 Permeation events over simulation time.
 t(ns) Number of events
   0.00000000               0
   1.00000000               0
   2.00000000               0
   3.00000000               0
   4.00000000               0
   5.00000000               0
   6.00000000               0
   7.00000000               0
   8.00000000               0
   9.00000000               0
   10.0000000               0
   11.0000000               0
   12.0000000               0
   13.0000000               0
   14.0000000               0
   15.0000000               0
   16.0000000               0
   17.0000000               0
   18.0000000               0
   19.0000000               0
   20.0000000               0
   21.0000000               0
   22.0000000               0
   23.0000000               0
   24.0000000               0
   25.0000000               0
   26.0000000               0
   27.0000000               0
   28.0000000               0
   29.0000000               0
   30.0000000               0
   31.0000000               0
   32.0000000               0
   33.0000000               0
   34.0000000               0
   35.0000000               0
   36.0000000               0
   37.0000000               0
   38.0000000               0
   39.0000000               0
   40.0000000               0
   41.0000000               0
   42.0000000               0
   43.0000000               0
   44.0000000               0
   45.0000000               0
   46.0000000               0
   47.0000000               0
   48.0000000               1
   49.0000000               1
   50.0000000               1
   51.0000000               1
   52.0000000               1
   53.0000000               1
   54.0000000               1
   55.0000000               1
   56.0000000               1
   57.0000000               1
   58.0000000               1
   59.0000000               1
   60.0000000               1
   61.0000000               1
   62.0000000               1
   63.0000000               1
   64.0000000               1
   65.0000000               1
   66.0000000               1
   67.0000000               1
   68.0000000               1
   69.0000000               1
   70.0000000               1
   71.0000000               1
   72.0000000               1
   73.0000000               1
   74.0000000               1
   75.0000000               1
   76.0000000               1
   77.0000000               1
   78.0000000               1
   79.0000000               1
   80.0000000               1
   81.0000000               1
   82.0000000               1
   83.0000000               1
   84.0000000               1
   85.0000000               1
   86.0000000               1
   87.0000000               1
   88.0000000               1
   89.0000000               1
   90.0000000               1
   91.0000000               1
   92.0000000               1
   93.0000000               1
   94.0000000               1
   95.0000000               1
   96.0000000               1
   97.0000000               1
   98.0000000               1
   99.0000000               1
   100.000000               1
   101.000000               1
   102.000000               1
   103.000000               1
   104.000000               1
   105.000000               1
   106.000000               1
   107.000000               1
   108.000000               1
   109.000000               1
   110.000000               1
   111.000000               1
   112.000000               1
   113.000000               1
   114.000000               1
   115.000000               1
   116.000000               1
   117.000000               1
   118.000000               1
   119.000000               1
   120.000000               1
   121.000000               1
   122.000000               1
   123.000000               1
   124.000000               2
   125.000000               2
   126.000000               2
   127.000000               2
   128.000000               2
   129.000000               2
   130.000000               2
   131.000000               2
   132.000000               2
   133.000000               2
   134.000000               2
   135.000000               2
   136.000000               2
   137.000000               2
   138.000000               2
   139.000000               2
   140.000000               2
   141.000000               2
   142.000000               2
   143.000000               2
   144.000000               2
   145.000000               2
   146.000000               3
   147.000000               3
   148.000000               3
   149.000000               3
   150.000000               3
   151.000000               3
   152.000000               3
   153.000000               3
   154.000000               3
   155.000000               3
   156.000000               3
   157.000000               3
   158.000000               3
   159.000000               3
   160.000000               3
   161.000000               3
   162.000000               3
   163.000000               3
   164.000000               3
   165.000000               4
   166.000000               4
   167.000000               4
   168.000000               4
   169.000000               4
   170.000000               4
   171.000000               4
   172.000000               4
   173.000000               4
   174.000000               4
   175.000000               4
   176.000000               4
   177.000000               4
   178.000000               4
   179.000000               4
   180.000000               4
   181.000000               4
   182.000000               4
   183.000000               4
   184.000000               4
   185.000000               4
   186.000000               4
   187.000000               4
   188.000000               4
   189.000000               4
   190.000000               4
   191.000000               4
   192.000000               4
   193.000000               4
   194.000000               4
   195.000000               4
   196.000000               4
   197.000000               4
   198.000000               4
   199.000000               4
   200.000000               4
   201.000000               4
   202.000000               4
   203.000000               4
   204.000000               4
   205.000000               4
   206.000000               4
   207.000000               4
   208.000000               4
   209.000000               4
   210.000000               4
   211.000000               4
   212.000000               4
   213.000000               5
   214.000000               5
   215.000000               5
   216.000000               6
   217.000000               6
   218.000000               6
   219.000000               6
   220.000000               6
   221.000000               6
   222.000000               6
   223.000000               6
   224.000000               6
   225.000000               6
   226.000000               6
   227.000000               6
   228.000000               6
   229.000000               6
   230.000000               6
   231.000000               6
   232.000000               6
   233.000000               6
   234.000000               6
   235.000000               6
   236.000000               6
   237.000000               6
   238.000000               6
   239.000000               6
   240.000000               6
   241.000000               6
   242.000000               6
   243.000000               6
   244.000000               6
   245.000000               6
   246.000000               6
   247.000000               6
   248.000000               6
   249.000000               6
   250.000000               6
   251.000000               6
   252.000000               6
   253.000000               6
   254.000000               6
   255.000000               6
   256.000000               7
   257.000000               7
   258.000000               7
   259.000000               7
   260.000000               7
   261.000000               7
   262.000000               7
   263.000000               7
   264.000000               7
   265.000000               7
   266.000000               7
   267.000000               7
   268.000000               7
   269.000000               7
   270.000000               7
   271.000000               7
   272.000000               7
   273.000000               7
   274.000000               7
   275.000000               7
   276.000000               7
   277.000000               7
   278.000000               7
   279.000000               7
   280.000000               7
   281.000000               7
   282.000000               7
   283.000000               7
   284.000000               7
   285.000000               7
   286.000000               7
   287.000000               7
   288.000000               7
   289.000000               7
   290.000000               7
   291.000000               7
   292.000000               7
   293.000000               7
   294.000000               7
   295.000000               7
   296.000000               7
   297.000000               7
   298.000000               7
   299.000000               7
   300.000000               7
   301.000000               7
   302.000000               7
   303.000000               8
   304.000000               8
   305.000000               8
   306.000000               8
   307.000000               8
   308.000000               8
   309.000000               8
   310.000000               8
   311.000000               8
   312.000000               8
   313.000000               8
   314.000000               8
   315.000000               8
   316.000000               8
   317.000000               8
   318.000000               8
   319.000000               8
   320.000000               8
   321.000000               8
   322.000000               8
   323.000000               8
   324.000000               8
   325.000000               8
   326.000000               8
   327.000000               8
   328.000000               8
   329.000000               8
   330.000000               8
   331.000000               8
   332.000000               8
   333.000000               8
   334.000000               8
   335.000000               8
   336.000000               8
   337.000000               8
   338.000000               8
   339.000000               8
   340.000000               8
   341.000000               8
   342.000000               8
   343.000000               8
   344.000000               8
   345.000000               8
   346.000000               8
   347.000000               8
   348.000000               8
   349.000000               8
   350.000000               8
   351.000000               8
   352.000000               8
   353.000000               8
   354.000000               8
   355.000000               8
   356.000000               8
   357.000000               8
   358.000000               8
   359.000000               8
   360.000000               8
   361.000000               8
   362.000000               8
   363.000000               8
   364.000000               8
   365.000000               8
   366.000000               8
   367.000000               8
   368.000000               8
   369.000000               8
   370.000000               8
   371.000000               9
   372.000000               9
   373.000000               9
   374.000000               9
   375.000000               9
   376.000000               9
   377.000000               9
   378.000000               9
   379.000000               9
   380.000000               9
   381.000000               9
   382.000000               9
   383.000000               9
   384.000000               9
   385.000000               9
   386.000000               9
   387.000000               9
   388.000000               9
   389.000000               9
   390.000000               9
   391.000000               9
   392.000000               9
   393.000000              10
   394.000000              10
   395.000000              10
   396.000000              10
   397.000000              10
   398.000000              11
   399.000000              11
   400.000000              11
   401.000000              11
   402.000000              11
   403.000000              11
   404.000000              11
   405.000000              11
   406.000000              11
   407.000000              11
   408.000000              11
   409.000000              11
   410.000000              11
   411.000000              11
   412.000000              11
   413.000000              11
   414.000000              11
   415.000000              11
   416.000000              11
   417.000000              11
   418.000000              11
   419.000000              11
   420.000000              11
   421.000000              11
   422.000000              11
   423.000000              11
   424.000000              11
   425.000000              11
   426.000000              11
   427.000000              11
   428.000000              11
   429.000000              11
   430.000000              11
   431.000000              11
   432.000000              11
   433.000000              11
   434.000000              12
   435.000000              13
   436.000000              13
   437.000000              13
   438.000000              13
   439.000000              13
   440.000000              13
   441.000000              13
   442.000000              13
   443.000000              13
   444.000000              13
   445.000000              13
   446.000000              13
   447.000000              13
   448.000000              13
   449.000000              13
   450.000000              13
   451.000000              13
   452.000000              13
   453.000000              13
   454.000000              13
   455.000000              13
   456.000000              13
   457.000000              13
   458.000000              13
   459.000000              13
   460.000000              13
   461.000000              13
   462.000000              13
   463.000000              13
   464.000000              13
   465.000000              13
   466.000000              13
   467.000000              13
   468.000000              13
   469.000000              13
   470.000000              13
   471.000000              13
   472.000000              13
   473.000000              13
   474.000000              13
   475.000000              13
   476.000000              13
   477.000000              13
   478.000000              13
   479.000000              13
   480.000000              13
   481.000000              13
   482.000000              13
   483.000000              13
   484.000000              13
   485.000000              13
   486.000000              13
   487.000000              13
   488.000000              13
   489.000000              13
   490.000000              13
   491.000000              13
   492.000000              13
   493.000000              13
   494.000000              13
   495.000000              13
   496.000000              14
   497.000000              14
   498.000000              14
   499.000000              14
   500.000000              14
   501.000000              14
   502.000000              14
   503.000000              14
   504.000000              14
   505.000000              14
   506.000000              14
   507.000000              14
   508.000000              14
   509.000000              14
   510.000000              14
   511.000000              14
   512.000000              14
   513.000000              14
   514.000000              14
   515.000000              14
   516.000000              14
   517.000000              14
   518.000000              14
   519.000000              14
   520.000000              14
   521.000000              14
   522.000000              14
   523.000000              14
   524.000000              14
   525.000000              14
   526.000000              14
   527.000000              14
   528.000000              14
   529.000000              14
   530.000000              14
   531.000000              14
   532.000000              14
   533.000000              14
   534.000000              15
   535.000000              15
   536.000000              15
   537.000000              15
   538.000000              15
   539.000000              15
   540.000000              15
   541.000000              15
   542.000000              15
   543.000000              15
   544.000000              15
   545.000000              15
   546.000000              15
   547.000000              15
   548.000000              15
   549.000000              15
   550.000000              15
   551.000000              15
   552.000000              15
   553.000000              15
   554.000000              15
   555.000000              15
   556.000000              15
   557.000000              15
   558.000000              15
   559.000000              15
   560.000000              15
   561.000000              15
   562.000000              15
   563.000000              15
   564.000000              15
   565.000000              15
   566.000000              15
   567.000000              15
   568.000000              15
   569.000000              15
   570.000000              15
   571.000000              16
   572.000000              16
   573.000000              16
   574.000000              16
   575.000000              16
   576.000000              16
   577.000000              16
   578.000000              16
   579.000000              16
   580.000000              17
   581.000000              17
   582.000000              17
   583.000000              17
   584.000000              17
   585.000000              17
   586.000000              18
   587.000000              18
   588.000000              18
   589.000000              18
   590.000000              19
   591.000000              19
   592.000000              19
   593.000000              19
   594.000000              19
   595.000000              19
   596.000000              19
   597.000000              19
   598.000000              19
   599.000000              19
   600.000000              19
   601.000000              19
   602.000000              19
   603.000000              19
   604.000000              19
   605.000000              19
   606.000000              19
   607.000000              19
   608.000000              19
   609.000000              19
   610.000000              19
   611.000000              20
   612.000000              20
   613.000000              20
   614.000000              20
   615.000000              20
   616.000000              20
   617.000000              20
   618.000000              20
   619.000000              20
   620.000000              20
   621.000000              20
   622.000000              20
   623.000000              20
   624.000000              20
   625.000000              20
   626.000000              20
   627.000000              20
   628.000000              20
   629.000000              20
   630.000000              20
   631.000000              20
   632.000000              20
   633.000000              20
   634.000000              20
   635.000000              20
   636.000000              20
   637.000000              20
   638.000000              20
   639.000000              20
   640.000000              20
   641.000000              20
   642.000000              20
   643.000000              20
   644.000000              20
   645.000000              20
   646.000000              20
   647.000000              20
   648.000000              20
   649.000000              20
   650.000000              20
   651.000000              20
   652.000000              20
   653.000000              20
   654.000000              20
   655.000000              20
   656.000000              20
   657.000000              20
   658.000000              20
   659.000000              20
   660.000000              20
   661.000000              20
   662.000000              20
   663.000000              20
   664.000000              20
   665.000000              20
   666.000000              20
   667.000000              20
   668.000000              21
   669.000000              21
   670.000000              21
   671.000000              21
   672.000000              21
   673.000000              21
   674.000000              21
   675.000000              21
   676.000000              21
   677.000000              21
   678.000000              21
   679.000000              21
   680.000000              21
   681.000000              21
   682.000000              21
   683.000000              21
   684.000000              21
   685.000000              21
   686.000000              21
   687.000000              21
   688.000000              21
   689.000000              21
   690.000000              21
   691.000000              21
   692.000000              21
   693.000000              21
   694.000000              21
   695.000000              21
   696.000000              21
   697.000000              21
   698.000000              21
   699.000000              21
   700.000000              21
   701.000000              21
   702.000000              21
   703.000000              21
   704.000000              21
   705.000000              21
   706.000000              21
   707.000000              21
   708.000000              21
   709.000000              21
   710.000000              21
   711.000000              21
   712.000000              21
   713.000000              21
   714.000000              21
   715.000000              21
   716.000000              21
   717.000000              21
   718.000000              21
   719.000000              21
   720.000000              21
   721.000000              21
   722.000000              21
   723.000000              21
   724.000000              21
   725.000000              22
   726.000000              22
   727.000000              22
   728.000000              22
   729.000000              22
   730.000000              22
   731.000000              22
   732.000000              22
   733.000000              22
   734.000000              22
   735.000000              22
   736.000000              22
   737.000000              22
   738.000000              22
   739.000000              22
   740.000000              22
   741.000000              22
   742.000000              22
   743.000000              22
   744.000000              22
   745.000000              22
   746.000000              22
   747.000000              22
   748.000000              23
   749.000000              23
   750.000000              23
   751.000000              23
   752.000000              23
   753.000000              23
   754.000000              24
   755.000000              24
   756.000000              24
   757.000000              24
   758.000000              24
   759.000000              24
   760.000000              24
   761.000000              24
   762.000000              24
   763.000000              24
   764.000000              24
   765.000000              24
   766.000000              24
   767.000000              24
   768.000000              24
   769.000000              24
   770.000000              24
   771.000000              24
   772.000000              24
   773.000000              24
   774.000000              24
   775.000000              24
   776.000000              24
   777.000000              24
   778.000000              24
   779.000000              24
   780.000000              24
   781.000000              24
   782.000000              24
   783.000000              24
   784.000000              24
   785.000000              24
   786.000000              24
   787.000000              24
   788.000000              24
   789.000000              24
   790.000000              24
   791.000000              24
   792.000000              24
   793.000000              24
   794.000000              24
   795.000000              24
   796.000000              24
   797.000000              24
   798.000000              24
   799.000000              24
   800.000000              24
   801.000000              24
   802.000000              24
   803.000000              24
   804.000000              24
   805.000000              25
   806.000000              25
   807.000000              25
   808.000000              25
   809.000000              25
   810.000000              25
   811.000000              25
   812.000000              25
   813.000000              25
   814.000000              25
   815.000000              25
   816.000000              25
   817.000000              25
   818.000000              25
   819.000000              25
   820.000000              25
   821.000000              25
   822.000000              25
   823.000000              25
   824.000000              25
   825.000000              25
   826.000000              25
   827.000000              25
   828.000000              25
   829.000000              25
   830.000000              25
   831.000000              25
   832.000000              25
   833.000000              25
   834.000000              25
   835.000000              25
   836.000000              25
   837.000000              25
   838.000000              25
   839.000000              25
   840.000000              25
   841.000000              25
   842.000000              25
   843.000000              25
   844.000000              25
   845.000000              25
   846.000000              25
   847.000000              25
   848.000000              25
   849.000000              25
   850.000000              25
   851.000000              25
   852.000000              25
   853.000000              25
   854.000000              25
   855.000000              25
   856.000000              25
   857.000000              25
   858.000000              25
   859.000000              25
   860.000000              25
   861.000000              25
   862.000000              25
   863.000000              25
   864.000000              25
   865.000000              25
   866.000000              25
   867.000000              25
   868.000000              25
   869.000000              25
   870.000000              25
   871.000000              25
   872.000000              25
   873.000000              25
   874.000000              25
   875.000000              25
   876.000000              25
   877.000000              25
   878.000000              25
   879.000000              25
   880.000000              25
   881.000000              25
   882.000000              25
   883.000000              25
   884.000000              25
   885.000000              25
   886.000000              25
   887.000000              25
   888.000000              25
   889.000000              25
   890.000000              25
   891.000000              25
   892.000000              25
   893.000000              25
   894.000000              25
   895.000000              26
   896.000000              26
   897.000000              26
   898.000000              26
   899.000000              26
   900.000000              26
