 Permeation events over simulation time.
 t(ns) Number of events
   0.00000000               0
   1.00000000               0
   2.00000000               0
   3.00000000               0
   4.00000000               0
   5.00000000               0
   6.00000000               0
   7.00000000               0
   8.00000000               0
   9.00000000               0
   10.0000000               0
   11.0000000               0
   12.0000000               0
   13.0000000               0
   14.0000000               0
   15.0000000               0
   16.0000000               0
   17.0000000               0
   18.0000000               0
   19.0000000               0
   20.0000000               0
   21.0000000               0
   22.0000000               0
   23.0000000               0
   24.0000000               0
   25.0000000               0
   26.0000000               0
   27.0000000               0
   28.0000000               0
   29.0000000               0
   30.0000000               0
   31.0000000               0
   32.0000000               0
   33.0000000               0
   34.0000000               0
   35.0000000               0
   36.0000000               0
   37.0000000               0
   38.0000000               0
   39.0000000               0
   40.0000000               0
   41.0000000               0
   42.0000000               0
   43.0000000               0
   44.0000000               0
   45.0000000               0
   46.0000000               0
   47.0000000               0
   48.0000000               0
   49.0000000               0
   50.0000000               0
   51.0000000               0
   52.0000000               0
   53.0000000               0
   54.0000000               0
   55.0000000               0
   56.0000000               0
   57.0000000               0
   58.0000000               0
   59.0000000               0
   60.0000000               0
   61.0000000               0
   62.0000000               0
   63.0000000               0
   64.0000000               0
   65.0000000               0
   66.0000000               0
   67.0000000               0
   68.0000000               0
   69.0000000               0
   70.0000000               0
   71.0000000               0
   72.0000000               0
   73.0000000               0
   74.0000000               0
   75.0000000               0
   76.0000000               0
   77.0000000               0
   78.0000000               0
   79.0000000               0
   80.0000000               0
   81.0000000               0
   82.0000000               0
   83.0000000               0
   84.0000000               0
   85.0000000               0
   86.0000000               0
   87.0000000               0
   88.0000000               0
   89.0000000               0
   90.0000000               0
   91.0000000               0
   92.0000000               0
   93.0000000               0
   94.0000000               0
   95.0000000               0
   96.0000000               0
   97.0000000               0
   98.0000000               0
   99.0000000               0
   100.000000               0
   101.000000               0
   102.000000               0
   103.000000               0
   104.000000               0
   105.000000               0
   106.000000               0
   107.000000               0
   108.000000               0
   109.000000               0
   110.000000               0
   111.000000               0
   112.000000               0
   113.000000               0
   114.000000               0
   115.000000               0
   116.000000               0
   117.000000               0
   118.000000               0
   119.000000               0
   120.000000               0
   121.000000               0
   122.000000               0
   123.000000               0
   124.000000               0
   125.000000               0
   126.000000               0
   127.000000               0
   128.000000               0
   129.000000               0
   130.000000               0
   131.000000               0
   132.000000               0
   133.000000               0
   134.000000               0
   135.000000               0
   136.000000               0
   137.000000               0
   138.000000               0
   139.000000               0
   140.000000               0
   141.000000               0
   142.000000               0
   143.000000               0
   144.000000               0
   145.000000               0
   146.000000               0
   147.000000               0
   148.000000               0
   149.000000               0
   150.000000               0
   151.000000               0
   152.000000               0
   153.000000               0
   154.000000               0
   155.000000               0
   156.000000               0
   157.000000               0
   158.000000               0
   159.000000               0
   160.000000               0
   161.000000               0
   162.000000               0
   163.000000               0
   164.000000               0
   165.000000               0
   166.000000               1
   167.000000               1
   168.000000               1
   169.000000               2
   170.000000               2
   171.000000               2
   172.000000               2
   173.000000               2
   174.000000               2
   175.000000               2
   176.000000               2
   177.000000               2
   178.000000               2
   179.000000               2
   180.000000               2
   181.000000               2
   182.000000               2
   183.000000               2
   184.000000               2
   185.000000               2
   186.000000               2
   187.000000               2
   188.000000               2
   189.000000               2
   190.000000               2
   191.000000               2
   192.000000               2
   193.000000               2
   194.000000               2
   195.000000               2
   196.000000               2
   197.000000               2
   198.000000               2
   199.000000               2
   200.000000               2
   201.000000               2
   202.000000               2
   203.000000               2
   204.000000               2
   205.000000               2
   206.000000               2
   207.000000               2
   208.000000               2
   209.000000               2
   210.000000               2
   211.000000               2
   212.000000               2
   213.000000               2
   214.000000               2
   215.000000               2
   216.000000               2
   217.000000               2
   218.000000               2
   219.000000               2
   220.000000               2
   221.000000               2
   222.000000               2
   223.000000               2
   224.000000               2
   225.000000               2
   226.000000               2
   227.000000               2
   228.000000               3
   229.000000               3
   230.000000               3
   231.000000               3
   232.000000               3
   233.000000               3
   234.000000               3
   235.000000               3
   236.000000               3
   237.000000               3
   238.000000               4
   239.000000               4
   240.000000               4
   241.000000               4
   242.000000               4
   243.000000               4
   244.000000               4
   245.000000               4
   246.000000               4
   247.000000               4
   248.000000               4
   249.000000               4
   250.000000               4
   251.000000               4
   252.000000               4
   253.000000               4
   254.000000               4
   255.000000               4
   256.000000               4
   257.000000               4
   258.000000               4
   259.000000               4
   260.000000               4
   261.000000               4
   262.000000               4
   263.000000               4
   264.000000               4
   265.000000               4
   266.000000               4
   267.000000               4
   268.000000               4
   269.000000               4
   270.000000               4
   271.000000               4
   272.000000               4
   273.000000               4
   274.000000               4
   275.000000               4
   276.000000               4
   277.000000               4
   278.000000               4
   279.000000               4
   280.000000               4
   281.000000               4
   282.000000               4
   283.000000               4
   284.000000               4
   285.000000               4
   286.000000               5
   287.000000               5
   288.000000               5
   289.000000               5
   290.000000               5
   291.000000               5
   292.000000               5
   293.000000               5
   294.000000               5
   295.000000               5
   296.000000               5
   297.000000               5
   298.000000               5
   299.000000               5
   300.000000               5
   301.000000               5
   302.000000               5
   303.000000               5
   304.000000               5
   305.000000               5
   306.000000               5
   307.000000               5
   308.000000               5
   309.000000               5
   310.000000               5
   311.000000               5
   312.000000               5
   313.000000               5
   314.000000               5
   315.000000               5
   316.000000               5
   317.000000               5
   318.000000               5
   319.000000               5
   320.000000               5
   321.000000               5
   322.000000               5
   323.000000               5
   324.000000               5
   325.000000               5
   326.000000               5
   327.000000               6
   328.000000               6
   329.000000               6
   330.000000               6
   331.000000               6
   332.000000               6
   333.000000               6
   334.000000               6
   335.000000               6
   336.000000               6
   337.000000               6
   338.000000               6
   339.000000               7
   340.000000               7
   341.000000               7
   342.000000               7
   343.000000               7
   344.000000               7
   345.000000               7
   346.000000               7
   347.000000               7
   348.000000               7
   349.000000               7
   350.000000               7
   351.000000               7
   352.000000               7
   353.000000               7
   354.000000               7
   355.000000               7
   356.000000               7
   357.000000               7
   358.000000               7
   359.000000               7
   360.000000               7
   361.000000               7
   362.000000               7
   363.000000               7
   364.000000               7
   365.000000               7
   366.000000               7
   367.000000               7
   368.000000               7
   369.000000               7
   370.000000               7
   371.000000               7
   372.000000               7
   373.000000               7
   374.000000               7
   375.000000               7
   376.000000               7
   377.000000               7
   378.000000               7
   379.000000               7
   380.000000               7
   381.000000               7
   382.000000               7
   383.000000               7
   384.000000               7
   385.000000               7
   386.000000               7
   387.000000               7
   388.000000               7
   389.000000               7
   390.000000               7
   391.000000               7
   392.000000               7
   393.000000               7
   394.000000               7
   395.000000               7
   396.000000               7
   397.000000               7
   398.000000               7
   399.000000               7
   400.000000               7
   401.000000               7
   402.000000               7
   403.000000               7
   404.000000               7
   405.000000               7
   406.000000               7
   407.000000               7
   408.000000               7
   409.000000               7
   410.000000               7
   411.000000               7
   412.000000               7
   413.000000               7
   414.000000               7
   415.000000               7
   416.000000               7
   417.000000               7
   418.000000               7
   419.000000               7
   420.000000               7
   421.000000               7
   422.000000               7
   423.000000               7
   424.000000               7
   425.000000               7
   426.000000               7
   427.000000               7
   428.000000               7
   429.000000               7
   430.000000               7
   431.000000               7
   432.000000               7
   433.000000               7
   434.000000               7
   435.000000               7
   436.000000               7
   437.000000               7
   438.000000               7
   439.000000               7
   440.000000               7
   441.000000               7
   442.000000               7
   443.000000               7
   444.000000               7
   445.000000               7
   446.000000               7
   447.000000               7
   448.000000               7
   449.000000               7
   450.000000               7
   451.000000               7
   452.000000               7
   453.000000               7
   454.000000               7
   455.000000               7
   456.000000               7
   457.000000               7
   458.000000               7
   459.000000               7
   460.000000               7
   461.000000               7
   462.000000               7
   463.000000               7
   464.000000               7
   465.000000               7
   466.000000               7
   467.000000               7
   468.000000               7
   469.000000               7
   470.000000               7
   471.000000               7
   472.000000               7
   473.000000               7
   474.000000               7
   475.000000               7
   476.000000               7
   477.000000               7
   478.000000               7
   479.000000               7
   480.000000               7
   481.000000               7
   482.000000               7
   483.000000               7
   484.000000               7
   485.000000               7
   486.000000               7
   487.000000               7
   488.000000               7
   489.000000               7
   490.000000               7
   491.000000               7
   492.000000               7
   493.000000               7
   494.000000               7
   495.000000               7
   496.000000               7
   497.000000               7
   498.000000               7
   499.000000               7
   500.000000               7
   501.000000               7
   502.000000               7
   503.000000               7
   504.000000               7
   505.000000               7
   506.000000               7
   507.000000               7
   508.000000               7
   509.000000               7
   510.000000               7
   511.000000               7
   512.000000               7
   513.000000               7
   514.000000               7
   515.000000               7
   516.000000               7
   517.000000               7
   518.000000               7
   519.000000               7
   520.000000               7
   521.000000               7
   522.000000               7
   523.000000               7
   524.000000               7
   525.000000               7
   526.000000               7
   527.000000               7
   528.000000               7
   529.000000               7
   530.000000               7
   531.000000               7
   532.000000               7
   533.000000               7
   534.000000               7
   535.000000               7
   536.000000               7
   537.000000               8
   538.000000               8
   539.000000               8
   540.000000               8
   541.000000               8
   542.000000               8
   543.000000               8
   544.000000               8
   545.000000               8
   546.000000               8
   547.000000               8
   548.000000               8
   549.000000               8
   550.000000               8
   551.000000               8
   552.000000               8
   553.000000               8
   554.000000               8
   555.000000               8
   556.000000               8
   557.000000               8
   558.000000               8
   559.000000               8
   560.000000               8
   561.000000               8
   562.000000               8
   563.000000               8
   564.000000               8
   565.000000               8
   566.000000               8
   567.000000               8
   568.000000               8
   569.000000               8
   570.000000               8
   571.000000               8
   572.000000               8
   573.000000               8
   574.000000               8
   575.000000               8
   576.000000               8
   577.000000               8
   578.000000               8
   579.000000               8
   580.000000               8
   581.000000               8
   582.000000               8
   583.000000               8
   584.000000               8
   585.000000               8
   586.000000               8
   587.000000               8
   588.000000               8
   589.000000               8
   590.000000               8
   591.000000               8
   592.000000               8
   593.000000               8
   594.000000               8
   595.000000               8
   596.000000               8
   597.000000               8
   598.000000               8
   599.000000               8
   600.000000               8
   601.000000               8
   602.000000               8
   603.000000               8
   604.000000               8
   605.000000               8
   606.000000               8
   607.000000               8
   608.000000               8
   609.000000               8
   610.000000               8
   611.000000               8
   612.000000               8
   613.000000               8
   614.000000               8
   615.000000               8
   616.000000               8
   617.000000               8
   618.000000               8
   619.000000               8
   620.000000               8
   621.000000               8
   622.000000               8
   623.000000               8
   624.000000               8
   625.000000               8
   626.000000               8
   627.000000               8
   628.000000               8
   629.000000               8
   630.000000               8
   631.000000               8
   632.000000               8
   633.000000               8
   634.000000               8
   635.000000               8
   636.000000               8
   637.000000               8
   638.000000               8
   639.000000               8
   640.000000               8
   641.000000               8
   642.000000               8
   643.000000               8
   644.000000               8
   645.000000               8
   646.000000               8
   647.000000               8
   648.000000               8
   649.000000               8
   650.000000               8
   651.000000               8
   652.000000               8
   653.000000               8
   654.000000               8
   655.000000               8
   656.000000               8
   657.000000               8
   658.000000               8
   659.000000               8
   660.000000               8
   661.000000               8
   662.000000               8
   663.000000               8
   664.000000               8
   665.000000               8
   666.000000               8
   667.000000               8
   668.000000               8
   669.000000               8
   670.000000               8
   671.000000               8
   672.000000               8
   673.000000               8
   674.000000               8
   675.000000               8
   676.000000               8
   677.000000               8
   678.000000               8
   679.000000               8
   680.000000               8
   681.000000               8
   682.000000               8
   683.000000               8
   684.000000               8
   685.000000               8
   686.000000               8
   687.000000               8
   688.000000               8
   689.000000               8
   690.000000               8
   691.000000               8
   692.000000               8
   693.000000               8
   694.000000               8
   695.000000               8
   696.000000               8
   697.000000               8
   698.000000               8
   699.000000               8
   700.000000               8
   701.000000               8
   702.000000               8
   703.000000               8
   704.000000               8
   705.000000               8
   706.000000               8
   707.000000               8
   708.000000               8
   709.000000               8
   710.000000               8
   711.000000               8
   712.000000               8
   713.000000               8
   714.000000               8
   715.000000               8
   716.000000               8
   717.000000               8
   718.000000               8
   719.000000               8
   720.000000               8
   721.000000               8
   722.000000               8
   723.000000               8
   724.000000               8
   725.000000               8
   726.000000               8
   727.000000               8
   728.000000               8
   729.000000               8
   730.000000               8
   731.000000               8
   732.000000               8
   733.000000               8
   734.000000               8
   735.000000               8
   736.000000               8
   737.000000               8
   738.000000               8
   739.000000               8
   740.000000               8
   741.000000               8
   742.000000               8
   743.000000               8
   744.000000               8
   745.000000               8
   746.000000               8
   747.000000               8
   748.000000               8
   749.000000               8
   750.000000               8
   751.000000               8
   752.000000               8
   753.000000               8
   754.000000               9
   755.000000               9
   756.000000               9
   757.000000               9
   758.000000               9
   759.000000               9
   760.000000               9
   761.000000               9
   762.000000               9
   763.000000               9
   764.000000               9
   765.000000               9
   766.000000               9
   767.000000               9
   768.000000               9
   769.000000               9
   770.000000               9
   771.000000               9
   772.000000               9
   773.000000               9
   774.000000               9
   775.000000               9
   776.000000               9
   777.000000               9
   778.000000               9
   779.000000               9
   780.000000               9
   781.000000               9
   782.000000               9
   783.000000               9
   784.000000               9
   785.000000               9
   786.000000               9
   787.000000               9
   788.000000               9
   789.000000               9
   790.000000               9
   791.000000               9
   792.000000               9
   793.000000               9
   794.000000               9
   795.000000               9
   796.000000               9
   797.000000               9
   798.000000               9
   799.000000               9
   800.000000               9
   801.000000               9
   802.000000               9
   803.000000               9
   804.000000               9
   805.000000               9
   806.000000               9
   807.000000               9
   808.000000               9
   809.000000               9
   810.000000               9
   811.000000               9
   812.000000               9
   813.000000               9
   814.000000               9
   815.000000               9
   816.000000               9
   817.000000               9
   818.000000               9
   819.000000               9
   820.000000               9
   821.000000               9
   822.000000               9
   823.000000               9
   824.000000               9
   825.000000               9
   826.000000               9
   827.000000               9
   828.000000               9
   829.000000               9
   830.000000               9
   831.000000               9
   832.000000               9
   833.000000               9
   834.000000               9
   835.000000               9
   836.000000               9
   837.000000               9
   838.000000               9
   839.000000               9
   840.000000               9
   841.000000               9
   842.000000               9
   843.000000               9
   844.000000               9
   845.000000               9
   846.000000               9
   847.000000               9
   848.000000               9
   849.000000               9
   850.000000               9
   851.000000               9
   852.000000               9
   853.000000               9
   854.000000               9
   855.000000               9
   856.000000               9
   857.000000               9
   858.000000               9
   859.000000               9
   860.000000               9
   861.000000               9
   862.000000               9
   863.000000               9
   864.000000               9
   865.000000               9
   866.000000               9
   867.000000               9
   868.000000               9
   869.000000               9
   870.000000               9
   871.000000               9
   872.000000               9
   873.000000               9
   874.000000               9
   875.000000               9
   876.000000               9
   877.000000               9
   878.000000               9
   879.000000               9
   880.000000               9
   881.000000               9
   882.000000               9
   883.000000               9
   884.000000               9
   885.000000               9
   886.000000               9
   887.000000               9
   888.000000               9
   889.000000               9
   890.000000               9
   891.000000               9
   892.000000               9
   893.000000               9
   894.000000               9
   895.000000               9
   896.000000               9
   897.000000               9
   898.000000               9
   899.000000               9
   900.000000               9
