 Permeation events over simulation time.
 t(ns) Number of events
   0.00000000               0
   1.00000000               0
   2.00000000               0
   3.00000000               0
   4.00000000               0
   5.00000000               0
   6.00000000               0
   7.00000000               0
   8.00000000               0
   9.00000000               0
   10.0000000               1
   11.0000000               1
   12.0000000               1
   13.0000000               1
   14.0000000               1
   15.0000000               1
   16.0000000               1
   17.0000000               1
   18.0000000               1
   19.0000000               1
   20.0000000               1
   21.0000000               1
   22.0000000               1
   23.0000000               1
   24.0000000               1
   25.0000000               1
   26.0000000               1
   27.0000000               1
   28.0000000               1
   29.0000000               1
   30.0000000               1
   31.0000000               1
   32.0000000               1
   33.0000000               1
   34.0000000               1
   35.0000000               1
   36.0000000               1
   37.0000000               1
   38.0000000               1
   39.0000000               1
   40.0000000               1
   41.0000000               1
   42.0000000               1
   43.0000000               1
   44.0000000               1
   45.0000000               1
   46.0000000               1
   47.0000000               1
   48.0000000               1
   49.0000000               1
   50.0000000               1
   51.0000000               1
   52.0000000               1
   53.0000000               1
   54.0000000               1
   55.0000000               1
   56.0000000               1
   57.0000000               1
   58.0000000               1
   59.0000000               1
   60.0000000               1
   61.0000000               1
   62.0000000               1
   63.0000000               1
   64.0000000               1
   65.0000000               1
   66.0000000               1
   67.0000000               1
   68.0000000               1
   69.0000000               1
   70.0000000               1
   71.0000000               1
   72.0000000               1
   73.0000000               1
   74.0000000               1
   75.0000000               1
   76.0000000               1
   77.0000000               1
   78.0000000               1
   79.0000000               1
   80.0000000               1
   81.0000000               1
   82.0000000               1
   83.0000000               1
   84.0000000               1
   85.0000000               1
   86.0000000               1
   87.0000000               1
   88.0000000               1
   89.0000000               1
   90.0000000               1
   91.0000000               1
   92.0000000               1
   93.0000000               1
   94.0000000               1
   95.0000000               1
   96.0000000               1
   97.0000000               1
   98.0000000               1
   99.0000000               2
   100.000000               2
   101.000000               2
   102.000000               2
   103.000000               2
   104.000000               2
   105.000000               2
   106.000000               2
   107.000000               2
   108.000000               2
   109.000000               2
   110.000000               2
   111.000000               2
   112.000000               2
   113.000000               2
   114.000000               3
   115.000000               3
   116.000000               3
   117.000000               3
   118.000000               3
   119.000000               3
   120.000000               3
   121.000000               3
   122.000000               3
   123.000000               3
   124.000000               3
   125.000000               3
   126.000000               3
   127.000000               3
   128.000000               3
   129.000000               3
   130.000000               3
   131.000000               3
   132.000000               3
   133.000000               3
   134.000000               3
   135.000000               3
   136.000000               3
   137.000000               3
   138.000000               3
   139.000000               3
   140.000000               3
   141.000000               3
   142.000000               3
   143.000000               3
   144.000000               3
   145.000000               3
   146.000000               3
   147.000000               4
   148.000000               4
   149.000000               4
   150.000000               4
   151.000000               4
   152.000000               4
   153.000000               4
   154.000000               4
   155.000000               4
   156.000000               4
   157.000000               4
   158.000000               4
   159.000000               4
   160.000000               4
   161.000000               4
   162.000000               4
   163.000000               4
   164.000000               4
   165.000000               4
   166.000000               4
   167.000000               4
   168.000000               4
   169.000000               5
   170.000000               5
   171.000000               5
   172.000000               5
   173.000000               5
   174.000000               5
   175.000000               5
   176.000000               5
   177.000000               5
   178.000000               5
   179.000000               5
   180.000000               5
   181.000000               5
   182.000000               5
   183.000000               5
   184.000000               5
   185.000000               5
   186.000000               5
   187.000000               5
   188.000000               5
   189.000000               5
   190.000000               5
   191.000000               5
   192.000000               5
   193.000000               5
   194.000000               5
   195.000000               5
   196.000000               5
   197.000000               5
   198.000000               5
   199.000000               5
   200.000000               5
   201.000000               5
   202.000000               5
   203.000000               5
   204.000000               5
   205.000000               5
   206.000000               5
   207.000000               5
   208.000000               5
   209.000000               5
   210.000000               5
   211.000000               5
   212.000000               5
   213.000000               5
   214.000000               5
   215.000000               5
   216.000000               5
   217.000000               5
   218.000000               5
   219.000000               5
   220.000000               5
   221.000000               5
   222.000000               5
   223.000000               5
   224.000000               5
   225.000000               5
   226.000000               5
   227.000000               5
   228.000000               5
   229.000000               5
   230.000000               5
   231.000000               5
   232.000000               5
   233.000000               5
   234.000000               5
   235.000000               5
   236.000000               5
   237.000000               5
   238.000000               5
   239.000000               5
   240.000000               5
   241.000000               5
   242.000000               5
   243.000000               5
   244.000000               5
   245.000000               5
   246.000000               5
   247.000000               5
   248.000000               5
   249.000000               6
   250.000000               6
   251.000000               6
   252.000000               6
   253.000000               6
   254.000000               6
   255.000000               6
   256.000000               6
   257.000000               6
   258.000000               6
   259.000000               6
   260.000000               6
   261.000000               6
   262.000000               6
   263.000000               6
   264.000000               6
   265.000000               6
   266.000000               6
   267.000000               6
   268.000000               6
   269.000000               6
   270.000000               6
   271.000000               6
   272.000000               6
   273.000000               6
   274.000000               6
   275.000000               6
   276.000000               6
   277.000000               6
   278.000000               6
   279.000000               6
   280.000000               6
   281.000000               6
   282.000000               6
   283.000000               7
   284.000000               7
   285.000000               7
   286.000000               7
   287.000000               7
   288.000000               7
   289.000000               7
   290.000000               7
   291.000000               7
   292.000000               7
   293.000000               7
   294.000000               7
   295.000000               7
   296.000000               7
   297.000000               7
   298.000000               7
   299.000000               7
   300.000000               7
   301.000000               7
   302.000000               7
   303.000000               7
   304.000000               7
   305.000000               7
   306.000000               7
   307.000000               7
   308.000000               7
   309.000000               7
   310.000000               7
   311.000000               7
   312.000000               7
   313.000000               7
   314.000000               7
   315.000000               7
   316.000000               7
   317.000000               7
   318.000000               7
   319.000000               7
   320.000000               7
   321.000000               7
   322.000000               7
   323.000000               7
   324.000000               7
   325.000000               7
   326.000000               7
   327.000000               7
   328.000000               7
   329.000000               7
   330.000000               7
   331.000000               7
   332.000000               7
   333.000000               7
   334.000000               7
   335.000000               7
   336.000000               7
   337.000000               7
   338.000000               7
   339.000000               7
   340.000000               7
   341.000000               7
   342.000000               7
   343.000000               7
   344.000000               7
   345.000000               7
   346.000000               7
   347.000000               7
   348.000000               7
   349.000000               7
   350.000000               7
   351.000000               7
   352.000000               7
   353.000000               7
   354.000000               7
   355.000000               7
   356.000000               7
   357.000000               7
   358.000000               8
   359.000000               8
   360.000000               8
   361.000000               8
   362.000000               8
   363.000000               8
   364.000000               8
   365.000000               8
   366.000000               8
   367.000000               8
   368.000000               8
   369.000000               8
   370.000000               8
   371.000000               8
   372.000000               8
   373.000000               8
   374.000000               8
   375.000000               8
   376.000000               8
   377.000000               8
   378.000000               8
   379.000000               8
   380.000000               8
   381.000000               8
   382.000000               8
   383.000000               8
   384.000000               8
   385.000000               8
   386.000000               8
   387.000000               8
   388.000000               8
   389.000000               8
   390.000000               8
   391.000000               8
   392.000000               8
   393.000000               8
   394.000000               8
   395.000000               8
   396.000000               8
   397.000000               8
   398.000000               8
   399.000000               8
   400.000000               8
   401.000000               8
   402.000000               8
   403.000000               8
   404.000000               8
   405.000000               8
   406.000000               8
   407.000000               8
   408.000000               8
   409.000000               8
   410.000000               8
   411.000000               8
   412.000000               8
   413.000000               8
   414.000000               8
   415.000000               8
   416.000000               8
   417.000000               8
   418.000000               8
   419.000000               8
   420.000000               8
   421.000000               8
   422.000000               8
   423.000000               8
   424.000000               8
   425.000000               8
   426.000000               8
   427.000000               8
   428.000000               8
   429.000000               8
   430.000000               8
   431.000000               8
   432.000000               8
   433.000000               8
   434.000000               9
   435.000000               9
   436.000000               9
   437.000000               9
   438.000000               9
   439.000000               9
   440.000000               9
   441.000000               9
   442.000000               9
   443.000000               9
   444.000000               9
   445.000000               9
   446.000000               9
   447.000000               9
   448.000000               9
   449.000000               9
   450.000000               9
   451.000000               9
   452.000000               9
   453.000000               9
   454.000000               9
   455.000000               9
   456.000000               9
   457.000000               9
   458.000000               9
   459.000000               9
   460.000000               9
   461.000000               9
   462.000000               9
   463.000000               9
   464.000000               9
   465.000000               9
   466.000000               9
   467.000000               9
   468.000000               9
   469.000000               9
   470.000000               9
   471.000000               9
   472.000000               9
   473.000000               9
   474.000000               9
   475.000000               9
   476.000000               9
   477.000000               9
   478.000000               9
   479.000000               9
   480.000000               9
   481.000000               9
   482.000000               9
   483.000000               9
   484.000000               9
   485.000000               9
   486.000000               9
   487.000000               9
   488.000000               9
   489.000000               9
   490.000000               9
   491.000000               9
   492.000000               9
   493.000000               9
   494.000000               9
   495.000000               9
   496.000000               9
   497.000000               9
   498.000000               9
   499.000000               9
   500.000000               9
   501.000000               9
   502.000000               9
   503.000000               9
   504.000000               9
   505.000000               9
   506.000000               9
   507.000000               9
   508.000000               9
   509.000000               9
   510.000000               9
   511.000000               9
   512.000000               9
   513.000000               9
   514.000000               9
   515.000000               9
   516.000000               9
   517.000000               9
   518.000000               9
   519.000000               9
   520.000000               9
   521.000000               9
   522.000000               9
   523.000000               9
   524.000000               9
   525.000000               9
   526.000000               9
   527.000000               9
   528.000000               9
   529.000000               9
   530.000000               9
   531.000000               9
   532.000000               9
   533.000000               9
   534.000000               9
   535.000000               9
   536.000000               9
   537.000000               9
   538.000000              10
   539.000000              10
   540.000000              10
   541.000000              10
   542.000000              10
   543.000000              10
   544.000000              10
   545.000000              10
   546.000000              10
   547.000000              10
   548.000000              10
   549.000000              10
   550.000000              10
   551.000000              10
   552.000000              10
   553.000000              10
   554.000000              10
   555.000000              10
   556.000000              10
   557.000000              10
   558.000000              10
   559.000000              10
   560.000000              10
   561.000000              10
   562.000000              11
   563.000000              11
   564.000000              11
   565.000000              11
   566.000000              11
   567.000000              11
   568.000000              11
   569.000000              11
   570.000000              11
   571.000000              11
   572.000000              11
   573.000000              11
   574.000000              11
   575.000000              11
   576.000000              11
   577.000000              11
   578.000000              11
   579.000000              11
   580.000000              12
   581.000000              12
   582.000000              12
   583.000000              12
   584.000000              12
   585.000000              12
   586.000000              12
   587.000000              12
   588.000000              12
   589.000000              12
   590.000000              12
   591.000000              13
   592.000000              13
   593.000000              13
   594.000000              13
   595.000000              13
   596.000000              13
   597.000000              13
   598.000000              13
   599.000000              13
   600.000000              13
   601.000000              13
   602.000000              13
   603.000000              13
   604.000000              13
   605.000000              13
   606.000000              13
   607.000000              13
   608.000000              13
   609.000000              13
   610.000000              13
   611.000000              13
   612.000000              13
   613.000000              13
   614.000000              13
   615.000000              13
   616.000000              13
   617.000000              13
   618.000000              13
   619.000000              13
   620.000000              13
   621.000000              13
   622.000000              13
   623.000000              13
   624.000000              13
   625.000000              13
   626.000000              13
   627.000000              13
   628.000000              13
   629.000000              13
   630.000000              13
   631.000000              13
   632.000000              13
   633.000000              13
   634.000000              13
   635.000000              13
   636.000000              13
   637.000000              13
   638.000000              13
   639.000000              13
   640.000000              13
   641.000000              13
   642.000000              13
   643.000000              13
   644.000000              13
   645.000000              13
   646.000000              13
   647.000000              13
   648.000000              13
   649.000000              13
   650.000000              13
   651.000000              13
   652.000000              13
   653.000000              13
   654.000000              13
   655.000000              13
   656.000000              13
   657.000000              13
   658.000000              13
   659.000000              13
   660.000000              13
   661.000000              13
   662.000000              13
   663.000000              13
   664.000000              13
   665.000000              13
   666.000000              13
   667.000000              13
   668.000000              13
   669.000000              13
   670.000000              13
   671.000000              13
   672.000000              13
   673.000000              13
   674.000000              13
   675.000000              13
   676.000000              13
   677.000000              13
   678.000000              13
   679.000000              13
   680.000000              13
   681.000000              13
   682.000000              13
   683.000000              13
   684.000000              13
   685.000000              13
   686.000000              13
   687.000000              13
   688.000000              13
   689.000000              13
   690.000000              13
   691.000000              14
   692.000000              14
   693.000000              14
   694.000000              14
   695.000000              14
   696.000000              14
   697.000000              14
   698.000000              14
   699.000000              14
   700.000000              14
   701.000000              14
   702.000000              14
   703.000000              14
   704.000000              14
   705.000000              14
   706.000000              14
   707.000000              14
   708.000000              14
   709.000000              14
   710.000000              14
   711.000000              14
   712.000000              14
   713.000000              14
   714.000000              14
   715.000000              14
   716.000000              14
   717.000000              14
   718.000000              14
   719.000000              14
   720.000000              14
   721.000000              14
   722.000000              14
   723.000000              14
   724.000000              14
   725.000000              14
   726.000000              14
   727.000000              14
   728.000000              14
   729.000000              14
   730.000000              14
   731.000000              14
   732.000000              14
   733.000000              14
   734.000000              14
   735.000000              14
   736.000000              14
   737.000000              14
   738.000000              14
   739.000000              14
   740.000000              14
   741.000000              14
   742.000000              14
   743.000000              14
   744.000000              14
   745.000000              14
   746.000000              14
   747.000000              14
   748.000000              14
   749.000000              14
   750.000000              14
   751.000000              14
   752.000000              14
   753.000000              14
   754.000000              14
   755.000000              14
   756.000000              14
   757.000000              14
   758.000000              14
   759.000000              14
   760.000000              14
   761.000000              14
   762.000000              14
   763.000000              14
   764.000000              14
   765.000000              14
   766.000000              14
   767.000000              14
   768.000000              14
   769.000000              14
   770.000000              14
   771.000000              14
   772.000000              14
   773.000000              14
   774.000000              14
   775.000000              14
   776.000000              14
   777.000000              14
   778.000000              14
   779.000000              14
   780.000000              14
   781.000000              14
   782.000000              14
   783.000000              14
   784.000000              14
   785.000000              14
   786.000000              14
   787.000000              14
   788.000000              14
   789.000000              14
   790.000000              14
   791.000000              14
   792.000000              14
   793.000000              14
   794.000000              14
   795.000000              14
   796.000000              14
   797.000000              14
   798.000000              14
   799.000000              14
   800.000000              14
   801.000000              14
   802.000000              14
   803.000000              14
   804.000000              14
   805.000000              14
   806.000000              14
   807.000000              14
   808.000000              14
   809.000000              14
   810.000000              14
   811.000000              14
   812.000000              14
   813.000000              14
   814.000000              14
   815.000000              14
   816.000000              14
   817.000000              14
   818.000000              14
   819.000000              14
   820.000000              14
   821.000000              14
   822.000000              14
   823.000000              14
   824.000000              14
   825.000000              14
   826.000000              14
   827.000000              14
   828.000000              14
   829.000000              14
   830.000000              14
   831.000000              14
   832.000000              14
   833.000000              14
   834.000000              14
   835.000000              14
   836.000000              14
   837.000000              14
   838.000000              14
   839.000000              14
   840.000000              14
   841.000000              14
   842.000000              14
   843.000000              14
   844.000000              14
   845.000000              14
   846.000000              14
   847.000000              14
   848.000000              14
   849.000000              14
   850.000000              14
   851.000000              14
   852.000000              14
   853.000000              14
   854.000000              15
   855.000000              15
   856.000000              15
   857.000000              15
   858.000000              15
   859.000000              15
   860.000000              15
   861.000000              15
   862.000000              15
   863.000000              15
   864.000000              15
   865.000000              15
   866.000000              15
   867.000000              15
   868.000000              15
   869.000000              15
   870.000000              15
   871.000000              15
   872.000000              15
   873.000000              15
   874.000000              15
   875.000000              15
   876.000000              16
   877.000000              16
   878.000000              16
   879.000000              16
   880.000000              16
   881.000000              16
   882.000000              16
   883.000000              16
   884.000000              16
   885.000000              16
   886.000000              16
   887.000000              16
   888.000000              16
   889.000000              16
   890.000000              16
   891.000000              16
   892.000000              16
   893.000000              16
   894.000000              16
   895.000000              16
   896.000000              16
   897.000000              16
   898.000000              16
   899.000000              16
   900.000000              16
   901.000000              16
   902.000000              16
   903.000000              16
   904.000000              16
   905.000000              16
   906.000000              16
   907.000000              16
   908.000000              16
   909.000000              16
   910.000000              16
   911.000000              16
   912.000000              16
   913.000000              16
   914.000000              16
   915.000000              16
   916.000000              16
   917.000000              16
   918.000000              16
   919.000000              16
   920.000000              16
   921.000000              16
   922.000000              16
   923.000000              16
   924.000000              16
   925.000000              16
   926.000000              16
   927.000000              16
   928.000000              16
   929.000000              16
   930.000000              16
   931.000000              16
   932.000000              16
   933.000000              16
   934.000000              16
   935.000000              16
   936.000000              16
   937.000000              16
   938.000000              16
   939.000000              16
   940.000000              16
   941.000000              16
   942.000000              16
   943.000000              16
   944.000000              16
   945.000000              16
   946.000000              16
   947.000000              16
   948.000000              16
   949.000000              16
   950.000000              16
   951.000000              16
   952.000000              16
   953.000000              16
   954.000000              16
   955.000000              16
   956.000000              16
   957.000000              16
   958.000000              16
   959.000000              16
   960.000000              16
   961.000000              16
   962.000000              16
   963.000000              16
   964.000000              16
   965.000000              16
   966.000000              16
   967.000000              16
   968.000000              16
   969.000000              16
   970.000000              16
   971.000000              16
   972.000000              16
   973.000000              16
   974.000000              16
   975.000000              16
   976.000000              16
   977.000000              16
   978.000000              16
   979.000000              16
   980.000000              16
   981.000000              16
   982.000000              16
   983.000000              16
   984.000000              16
   985.000000              17
   986.000000              17
   987.000000              17
   988.000000              17
   989.000000              17
   990.000000              17
   991.000000              17
   992.000000              17
   993.000000              17
   994.000000              17
   995.000000              17
   996.000000              17
   997.000000              17
   998.000000              17
   999.000000              17
   1000.00000              17
