 Permeation events over simulation time.
 t(ns) Number of events
   0.00000000               0
  0.100000001               0
  0.200000003               0
  0.300000012               0
  0.400000006               0
  0.500000000               0
  0.600000024               0
  0.699999988               0
  0.800000012               0
  0.899999976               0
   1.00000000               0
   1.10000002               0
   1.20000005               0
   1.29999995               0
   1.39999998               0
   1.50000000               0
   1.60000002               0
   1.70000005               0
   1.79999995               0
   1.89999998               0
   2.00000000               0
   2.09999990               0
   2.20000005               0
   2.29999995               0
   2.40000010               0
   2.50000000               0
   2.59999990               0
   2.70000005               0
   2.79999995               0
   2.90000010               0
   3.00000000               0
   3.09999990               0
   3.20000005               0
   3.29999995               0
   3.40000010               0
   3.50000000               0
   3.59999990               0
   3.70000005               0
   3.79999995               0
   3.90000010               0
   4.00000000               0
   4.09999990               0
   4.19999981               0
   4.30000019               0
   4.40000010               0
   4.50000000               0
   4.59999990               0
   4.69999981               0
   4.80000019               0
   4.90000010               0
   5.00000000               0
   5.09999990               0
   5.19999981               0
   5.30000019               0
   5.40000010               0
   5.50000000               0
   5.59999990               0
   5.69999981               0
   5.80000019               0
   5.90000010               0
   6.00000000               0
   6.09999990               0
   6.19999981               0
   6.30000019               0
   6.40000010               0
   6.50000000               0
   6.59999990               0
   6.69999981               0
   6.80000019               0
   6.90000010               0
   7.00000000               0
   7.09999990               0
   7.19999981               0
   7.30000019               0
   7.40000010               0
   7.50000000               0
   7.59999990               0
   7.69999981               0
   7.80000019               0
   7.90000010               0
   8.00000000               0
   8.10000038               0
   8.19999981               0
   8.30000019               0
   8.39999962               0
   8.50000000               0
   8.60000038               0
   8.69999981               0
   8.80000019               0
   8.89999962               0
   9.00000000               0
   9.10000038               0
   9.19999981               0
   9.30000019               0
   9.39999962               0
   9.50000000               0
   9.60000038               0
   9.69999981               0
   9.80000019               0
   9.89999962               0
   10.0000000               0
   10.1000004               0
   10.1999998               0
   10.3000002               0
   10.3999996               0
   10.5000000               0
   10.6000004               0
   10.6999998               0
   10.8000002               0
   10.8999996               0
   11.0000000               0
   11.1000004               0
   11.1999998               0
   11.3000002               0
   11.3999996               0
   11.5000000               0
   11.6000004               0
   11.6999998               0
   11.8000002               0
   11.8999996               0
   12.0000000               0
   12.1000004               0
   12.1999998               0
   12.3000002               0
   12.3999996               0
   12.5000000               0
   12.6000004               0
   12.6999998               0
   12.8000002               0
   12.8999996               0
   13.0000000               0
   13.1000004               0
   13.1999998               0
   13.3000002               0
   13.3999996               0
   13.5000000               0
   13.6000004               0
   13.6999998               0
   13.8000002               0
   13.8999996               0
   14.0000000               0
   14.1000004               0
   14.1999998               0
   14.3000002               0
   14.3999996               0
   14.5000000               0
   14.6000004               0
   14.6999998               0
   14.8000002               0
   14.8999996               0
   15.0000000               0
   15.1000004               0
   15.1999998               0
   15.3000002               0
   15.3999996               0
   15.5000000               0
   15.6000004               0
   15.6999998               0
   15.8000002               0
   15.8999996               0
   16.0000000               0
   16.1000004               0
   16.2000008               0
   16.2999992               0
   16.3999996               0
   16.5000000               0
   16.6000004               0
   16.7000008               0
   16.7999992               0
   16.8999996               0
   17.0000000               0
   17.1000004               0
   17.2000008               0
   17.2999992               0
   17.3999996               0
   17.5000000               0
   17.6000004               0
   17.7000008               0
   17.7999992               0
   17.8999996               0
   18.0000000               0
   18.1000004               0
   18.2000008               0
   18.2999992               0
   18.3999996               0
   18.5000000               0
   18.6000004               0
   18.7000008               0
   18.7999992               1
   18.8999996               1
   19.0000000               1
   19.1000004               1
   19.2000008               1
   19.2999992               1
   19.3999996               1
   19.5000000               1
   19.6000004               1
   19.7000008               1
   19.7999992               1
   19.8999996               1
   20.0000000               1
   20.1000004               1
   20.2000008               1
   20.2999992               1
   20.3999996               1
   20.5000000               1
   20.6000004               1
   20.7000008               1
   20.7999992               1
   20.8999996               1
   21.0000000               1
   21.1000004               1
   21.2000008               1
   21.2999992               1
   21.3999996               1
   21.5000000               1
   21.6000004               1
   21.7000008               1
   21.7999992               1
   21.8999996               1
   22.0000000               1
   22.1000004               1
   22.2000008               1
   22.2999992               1
   22.3999996               1
   22.5000000               1
   22.6000004               1
   22.7000008               1
   22.7999992               1
   22.8999996               1
   23.0000000               1
   23.1000004               1
   23.2000008               2
   23.2999992               2
   23.3999996               2
   23.5000000               2
   23.6000004               2
   23.7000008               2
   23.7999992               2
   23.8999996               2
   24.0000000               2
   24.1000004               2
   24.2000008               2
   24.2999992               2
   24.3999996               2
   24.5000000               2
   24.6000004               2
   24.7000008               2
   24.7999992               2
   24.8999996               2
   25.0000000               2
   25.1000004               2
   25.2000008               2
   25.2999992               2
   25.3999996               2
   25.5000000               2
   25.6000004               2
   25.7000008               2
   25.7999992               2
   25.8999996               2
   26.0000000               2
   26.1000004               2
   26.2000008               2
   26.2999992               2
   26.3999996               2
   26.5000000               2
   26.6000004               2
   26.7000008               2
   26.7999992               2
   26.8999996               2
   27.0000000               2
   27.1000004               2
   27.2000008               2
   27.2999992               2
   27.3999996               2
   27.5000000               2
   27.6000004               2
   27.7000008               2
   27.7999992               2
   27.8999996               2
   28.0000000               2
   28.1000004               2
   28.2000008               2
   28.2999992               2
   28.3999996               2
   28.5000000               2
   28.6000004               2
   28.7000008               2
   28.7999992               2
   28.8999996               2
   29.0000000               2
   29.1000004               2
   29.2000008               2
   29.2999992               2
   29.3999996               2
   29.5000000               2
   29.6000004               2
   29.7000008               2
   29.7999992               2
   29.8999996               2
   30.0000000               2
   30.1000004               2
   30.2000008               2
   30.2999992               2
   30.3999996               2
   30.5000000               2
   30.6000004               2
   30.7000008               2
   30.7999992               2
   30.8999996               2
   31.0000000               2
   31.1000004               2
   31.2000008               2
   31.2999992               2
   31.3999996               2
   31.5000000               2
   31.6000004               2
   31.7000008               2
   31.7999992               2
   31.8999996               2
   32.0000000               2
   32.0999985               2
   32.2000008               2
   32.2999992               2
   32.4000015               2
   32.5000000               2
   32.5999985               2
   32.7000008               2
   32.7999992               2
   32.9000015               2
   33.0000000               2
   33.0999985               2
   33.2000008               2
   33.2999992               2
   33.4000015               2
   33.5000000               2
   33.5999985               2
   33.7000008               2
   33.7999992               2
   33.9000015               2
   34.0000000               2
   34.0999985               2
   34.2000008               2
   34.2999992               2
   34.4000015               2
   34.5000000               2
   34.5999985               2
   34.7000008               2
   34.7999992               2
   34.9000015               2
   35.0000000               2
   35.0999985               2
   35.2000008               2
   35.2999992               2
   35.4000015               2
   35.5000000               2
   35.5999985               2
   35.7000008               2
   35.7999992               2
   35.9000015               2
   36.0000000               2
   36.0999985               2
   36.2000008               2
   36.2999992               2
   36.4000015               2
   36.5000000               2
   36.5999985               2
   36.7000008               2
   36.7999992               2
   36.9000015               2
   37.0000000               2
   37.0999985               2
   37.2000008               2
   37.2999992               2
   37.4000015               2
   37.5000000               2
   37.5999985               2
   37.7000008               2
   37.7999992               2
   37.9000015               2
   38.0000000               2
   38.0999985               2
   38.2000008               2
   38.2999992               2
   38.4000015               2
   38.5000000               2
   38.5999985               2
   38.7000008               2
   38.7999992               2
   38.9000015               2
   39.0000000               2
   39.0999985               2
   39.2000008               2
   39.2999992               3
   39.4000015               3
   39.5000000               3
   39.5999985               4
   39.7000008               4
   39.7999992               4
   39.9000015               4
   40.0000000               4
   40.0999985               4
   40.2000008               4
   40.2999992               4
   40.4000015               4
   40.5000000               4
   40.5999985               4
   40.7000008               4
   40.7999992               4
   40.9000015               4
   41.0000000               4
   41.0999985               4
   41.2000008               4
   41.2999992               4
   41.4000015               4
   41.5000000               4
   41.5999985               4
   41.7000008               4
   41.7999992               4
   41.9000015               4
   42.0000000               4
   42.0999985               4
   42.2000008               4
   42.2999992               4
   42.4000015               4
   42.5000000               4
   42.5999985               4
   42.7000008               4
   42.7999992               4
   42.9000015               4
   43.0000000               4
   43.0999985               4
   43.2000008               4
   43.2999992               4
   43.4000015               4
   43.5000000               4
   43.5999985               4
   43.7000008               4
   43.7999992               4
   43.9000015               4
   44.0000000               4
   44.0999985               4
   44.2000008               4
   44.2999992               4
   44.4000015               4
   44.5000000               4
   44.5999985               4
   44.7000008               4
   44.7999992               4
   44.9000015               4
   45.0000000               4
   45.0999985               4
   45.2000008               4
   45.2999992               4
   45.4000015               4
   45.5000000               4
   45.5999985               4
   45.7000008               4
   45.7999992               4
   45.9000015               4
   46.0000000               4
   46.0999985               4
   46.2000008               4
   46.2999992               4
   46.4000015               4
   46.5000000               4
   46.5999985               4
   46.7000008               4
   46.7999992               4
   46.9000015               4
   47.0000000               4
   47.0999985               4
   47.2000008               4
   47.2999992               4
   47.4000015               4
   47.5000000               4
   47.5999985               4
   47.7000008               4
   47.7999992               4
   47.9000015               4
   48.0000000               4
   48.0999985               4
   48.2000008               4
   48.2999992               4
   48.4000015               4
   48.5000000               4
   48.5999985               4
   48.7000008               4
   48.7999992               4
   48.9000015               4
   49.0000000               4
   49.0999985               4
   49.2000008               4
   49.2999992               4
   49.4000015               4
   49.5000000               4
   49.5999985               4
   49.7000008               4
   49.7999992               4
   49.9000015               4
   50.0000000               4
   50.0999985               4
   50.2000008               4
   50.2999992               4
   50.4000015               4
   50.5000000               4
   50.5999985               4
   50.7000008               4
   50.7999992               4
   50.9000015               4
   51.0000000               4
   51.0999985               4
   51.2000008               4
   51.2999992               4
   51.4000015               4
   51.5000000               4
   51.5999985               4
   51.7000008               4
   51.7999992               4
   51.9000015               4
   52.0000000               4
   52.0999985               4
   52.2000008               4
   52.2999992               4
   52.4000015               4
   52.5000000               4
   52.5999985               4
   52.7000008               4
   52.7999992               4
   52.9000015               4
   53.0000000               4
   53.0999985               4
   53.2000008               4
   53.2999992               4
   53.4000015               4
   53.5000000               4
   53.5999985               4
   53.7000008               4
   53.7999992               4
   53.9000015               4
   54.0000000               4
   54.0999985               4
   54.2000008               4
   54.2999992               4
   54.4000015               4
   54.5000000               4
   54.5999985               4
   54.7000008               4
   54.7999992               4
   54.9000015               4
   55.0000000               4
   55.0999985               4
   55.2000008               4
   55.2999992               4
   55.4000015               4
   55.5000000               4
   55.5999985               4
   55.7000008               4
   55.7999992               4
   55.9000015               4
   56.0000000               4
   56.0999985               4
   56.2000008               4
   56.2999992               4
   56.4000015               4
   56.5000000               4
   56.5999985               4
   56.7000008               4
   56.7999992               4
   56.9000015               4
   57.0000000               4
   57.0999985               4
   57.2000008               4
   57.2999992               4
   57.4000015               4
   57.5000000               4
   57.5999985               4
   57.7000008               4
   57.7999992               4
   57.9000015               4
   58.0000000               4
   58.0999985               4
   58.2000008               4
   58.2999992               4
   58.4000015               4
   58.5000000               4
   58.5999985               4
   58.7000008               4
   58.7999992               4
   58.9000015               4
   59.0000000               4
   59.0999985               4
   59.2000008               4
   59.2999992               4
   59.4000015               4
   59.5000000               5
   59.5999985               5
   59.7000008               5
   59.7999992               5
   59.9000015               5
   60.0000000               5
   60.0999985               5
   60.2000008               5
   60.2999992               5
   60.4000015               5
   60.5000000               5
   60.5999985               5
   60.7000008               5
   60.7999992               5
   60.9000015               5
   61.0000000               5
   61.0999985               5
   61.2000008               5
   61.2999992               5
   61.4000015               5
   61.5000000               5
   61.5999985               5
   61.7000008               5
   61.7999992               6
   61.9000015               6
   62.0000000               6
   62.0999985               6
   62.2000008               6
   62.2999992               6
   62.4000015               6
   62.5000000               6
   62.5999985               6
   62.7000008               6
   62.7999992               6
   62.9000015               6
   63.0000000               6
   63.0999985               6
   63.2000008               6
   63.2999992               6
   63.4000015               6
   63.5000000               6
   63.5999985               6
   63.7000008               6
   63.7999992               6
   63.9000015               6
   64.0000000               6
   64.0999985               6
   64.1999969               6
   64.3000031               6
   64.4000015               6
   64.5000000               6
   64.5999985               6
   64.6999969               6
   64.8000031               6
   64.9000015               6
   65.0000000               6
   65.0999985               6
   65.1999969               6
   65.3000031               6
   65.4000015               6
   65.5000000               6
   65.5999985               6
   65.6999969               6
   65.8000031               6
   65.9000015               6
   66.0000000               6
   66.0999985               6
   66.1999969               6
   66.3000031               6
   66.4000015               6
   66.5000000               6
   66.5999985               6
   66.6999969               6
   66.8000031               6
   66.9000015               6
   67.0000000               6
   67.0999985               6
   67.1999969               6
   67.3000031               6
   67.4000015               6
   67.5000000               6
   67.5999985               6
   67.6999969               6
   67.8000031               6
   67.9000015               6
   68.0000000               6
   68.0999985               6
   68.1999969               6
   68.3000031               6
   68.4000015               6
   68.5000000               6
   68.5999985               6
   68.6999969               6
   68.8000031               6
   68.9000015               6
   69.0000000               6
   69.0999985               6
   69.1999969               6
   69.3000031               6
   69.4000015               6
   69.5000000               6
   69.5999985               6
   69.6999969               6
   69.8000031               6
   69.9000015               6
   70.0000000               6
   70.0999985               6
   70.1999969               6
   70.3000031               6
   70.4000015               6
   70.5000000               6
   70.5999985               6
   70.6999969               6
   70.8000031               6
   70.9000015               6
   71.0000000               6
   71.0999985               6
   71.1999969               6
   71.3000031               7
   71.4000015               7
   71.5000000               7
   71.5999985               7
   71.6999969               7
   71.8000031               7
   71.9000015               7
   72.0000000               7
   72.0999985               7
   72.1999969               7
   72.3000031               7
   72.4000015               7
   72.5000000               7
   72.5999985               7
   72.6999969               7
   72.8000031               7
   72.9000015               7
   73.0000000               7
   73.0999985               7
   73.1999969               7
   73.3000031               7
   73.4000015               7
   73.5000000               7
   73.5999985               7
   73.6999969               7
   73.8000031               7
   73.9000015               7
   74.0000000               7
   74.0999985               7
   74.1999969               7
   74.3000031               7
   74.4000015               7
   74.5000000               7
   74.5999985               7
   74.6999969               7
   74.8000031               7
   74.9000015               7
   75.0000000               7
   75.0999985               7
   75.1999969               7
   75.3000031               7
   75.4000015               7
   75.5000000               7
   75.5999985               7
   75.6999969               7
   75.8000031               7
   75.9000015               7
   76.0000000               7
   76.0999985               7
   76.1999969               7
   76.3000031               7
   76.4000015               7
   76.5000000               7
   76.5999985               7
   76.6999969               7
   76.8000031               7
   76.9000015               7
   77.0000000               7
   77.0999985               7
   77.1999969               7
   77.3000031               7
   77.4000015               7
   77.5000000               7
   77.5999985               7
   77.6999969               7
   77.8000031               7
   77.9000015               7
   78.0000000               7
   78.0999985               7
   78.1999969               7
   78.3000031               7
   78.4000015               7
   78.5000000               7
   78.5999985               7
   78.6999969               7
   78.8000031               7
   78.9000015               7
   79.0000000               7
   79.0999985               7
   79.1999969               7
   79.3000031               7
   79.4000015               7
   79.5000000               7
   79.5999985               7
   79.6999969               7
   79.8000031               7
   79.9000015               7
   80.0000000               7
   80.0999985               7
   80.1999969               7
   80.3000031               7
   80.4000015               7
   80.5000000               7
   80.5999985               7
   80.6999969               7
   80.8000031               7
   80.9000015               7
   81.0000000               7
   81.0999985               7
   81.1999969               7
   81.3000031               7
   81.4000015               7
   81.5000000               7
   81.5999985               7
   81.6999969               7
   81.8000031               7
   81.9000015               7
   82.0000000               7
   82.0999985               7
   82.1999969               7
   82.3000031               7
   82.4000015               7
   82.5000000               7
   82.5999985               7
   82.6999969               7
   82.8000031               7
   82.9000015               7
   83.0000000               7
   83.0999985               7
   83.1999969               7
   83.3000031               7
   83.4000015               7
   83.5000000               7
   83.5999985               7
   83.6999969               7
   83.8000031               7
   83.9000015               7
   84.0000000               7
   84.0999985               7
   84.1999969               7
   84.3000031               7
   84.4000015               7
   84.5000000               7
   84.5999985               7
   84.6999969               7
   84.8000031               7
   84.9000015               7
   85.0000000               7
   85.0999985               7
   85.1999969               7
   85.3000031               7
   85.4000015               7
   85.5000000               7
   85.5999985               7
   85.6999969               7
   85.8000031               7
   85.9000015               7
   86.0000000               7
   86.0999985               7
   86.1999969               7
   86.3000031               7
   86.4000015               7
   86.5000000               7
   86.5999985               7
   86.6999969               7
   86.8000031               7
   86.9000015               7
   87.0000000               7
   87.0999985               7
   87.1999969               7
   87.3000031               7
   87.4000015               7
   87.5000000               7
   87.5999985               7
   87.6999969               7
   87.8000031               7
   87.9000015               7
   88.0000000               7
   88.0999985               7
   88.1999969               7
   88.3000031               7
   88.4000015               7
   88.5000000               7
   88.5999985               7
   88.6999969               7
   88.8000031               7
   88.9000015               7
   89.0000000               7
   89.0999985               7
   89.1999969               7
   89.3000031               7
   89.4000015               7
   89.5000000               7
   89.5999985               7
   89.6999969               7
   89.8000031               7
   89.9000015               7
   90.0000000               7
   90.0999985               7
   90.1999969               7
   90.3000031               7
   90.4000015               7
   90.5000000               7
   90.5999985               7
   90.6999969               7
   90.8000031               7
   90.9000015               7
   91.0000000               7
   91.0999985               7
   91.1999969               7
   91.3000031               7
   91.4000015               7
   91.5000000               7
   91.5999985               7
   91.6999969               7
   91.8000031               7
   91.9000015               7
   92.0000000               7
   92.0999985               7
   92.1999969               7
   92.3000031               7
   92.4000015               7
   92.5000000               7
   92.5999985               7
   92.6999969               7
   92.8000031               7
   92.9000015               7
   93.0000000               7
   93.0999985               7
   93.1999969               7
   93.3000031               7
   93.4000015               7
   93.5000000               7
   93.5999985               7
   93.6999969               7
   93.8000031               7
   93.9000015               7
   94.0000000               7
   94.0999985               7
   94.1999969               7
   94.3000031               7
   94.4000015               7
   94.5000000               7
   94.5999985               7
   94.6999969               7
   94.8000031               7
   94.9000015               7
   95.0000000               7
   95.0999985               7
   95.1999969               7
   95.3000031               7
   95.4000015               7
   95.5000000               7
   95.5999985               7
   95.6999969               7
   95.8000031               7
   95.9000015               7
   96.0000000               7
   96.0999985               7
   96.1999969               7
   96.3000031               7
   96.4000015               7
   96.5000000               7
   96.5999985               7
   96.6999969               7
   96.8000031               7
   96.9000015               7
   97.0000000               7
   97.0999985               7
   97.1999969               7
   97.3000031               7
   97.4000015               7
   97.5000000               7
   97.5999985               7
   97.6999969               7
   97.8000031               7
   97.9000015               7
   98.0000000               7
   98.0999985               7
   98.1999969               7
   98.3000031               7
   98.4000015               7
   98.5000000               7
   98.5999985               7
   98.6999969               7
   98.8000031               7
   98.9000015               7
   99.0000000               7
   99.0999985               7
   99.1999969               7
   99.3000031               7
   99.4000015               7
   99.5000000               7
   99.5999985               7
   99.6999969               7
   99.8000031               7
   99.9000015               7
   100.000000               7
   100.099998               7
   100.199997               7
   100.300003               7
   100.400002               7
   100.500000               7
   100.599998               7
   100.699997               7
   100.800003               7
   100.900002               7
   101.000000               7
   101.099998               7
   101.199997               7
   101.300003               7
   101.400002               7
   101.500000               7
   101.599998               7
   101.699997               7
   101.800003               7
   101.900002               7
   102.000000               7
   102.099998               7
   102.199997               7
   102.300003               7
   102.400002               7
   102.500000               7
   102.599998               7
   102.699997               7
   102.800003               7
   102.900002               7
   103.000000               7
   103.099998               7
   103.199997               7
   103.300003               7
   103.400002               7
   103.500000               7
   103.599998               7
   103.699997               7
   103.800003               7
   103.900002               7
   104.000000               7
   104.099998               7
   104.199997               7
   104.300003               7
   104.400002               7
   104.500000               7
   104.599998               7
   104.699997               7
   104.800003               7
   104.900002               7
   105.000000               7
   105.099998               7
   105.199997               7
   105.300003               7
   105.400002               7
   105.500000               7
   105.599998               7
   105.699997               7
   105.800003               7
   105.900002               7
   106.000000               7
   106.099998               7
   106.199997               7
   106.300003               7
   106.400002               7
   106.500000               7
   106.599998               7
   106.699997               7
   106.800003               7
   106.900002               7
   107.000000               7
   107.099998               7
   107.199997               7
   107.300003               7
   107.400002               7
   107.500000               7
   107.599998               7
   107.699997               7
   107.800003               7
   107.900002               7
   108.000000               7
   108.099998               7
   108.199997               7
   108.300003               7
   108.400002               7
   108.500000               7
   108.599998               7
   108.699997               7
   108.800003               7
   108.900002               7
   109.000000               7
   109.099998               7
   109.199997               7
   109.300003               7
   109.400002               7
   109.500000               7
   109.599998               7
   109.699997               7
   109.800003               7
   109.900002               7
   110.000000               7
   110.099998               7
   110.199997               7
   110.300003               7
   110.400002               7
   110.500000               7
   110.599998               7
   110.699997               7
   110.800003               7
   110.900002               7
   111.000000               7
   111.099998               7
   111.199997               7
   111.300003               7
   111.400002               7
   111.500000               7
   111.599998               7
   111.699997               7
   111.800003               7
   111.900002               7
   112.000000               7
   112.099998               7
   112.199997               7
   112.300003               7
   112.400002               7
   112.500000               7
   112.599998               7
   112.699997               7
   112.800003               7
   112.900002               7
   113.000000               7
   113.099998               7
   113.199997               7
   113.300003               7
   113.400002               7
   113.500000               7
   113.599998               7
   113.699997               7
   113.800003               7
   113.900002               7
   114.000000               7
   114.099998               7
   114.199997               7
   114.300003               7
   114.400002               7
   114.500000               7
   114.599998               7
   114.699997               7
   114.800003               7
   114.900002               7
   115.000000               7
   115.099998               7
   115.199997               7
   115.300003               7
   115.400002               7
   115.500000               7
   115.599998               7
   115.699997               7
   115.800003               7
   115.900002               7
   116.000000               7
   116.099998               7
   116.199997               7
   116.300003               7
   116.400002               7
   116.500000               7
   116.599998               7
   116.699997               7
   116.800003               7
   116.900002               7
   117.000000               7
   117.099998               7
   117.199997               7
   117.300003               7
   117.400002               7
   117.500000               7
   117.599998               7
   117.699997               7
   117.800003               7
   117.900002               7
   118.000000               7
   118.099998               7
   118.199997               7
   118.300003               7
   118.400002               7
   118.500000               7
   118.599998               7
   118.699997               7
   118.800003               7
   118.900002               7
   119.000000               7
   119.099998               7
   119.199997               7
   119.300003               7
   119.400002               7
   119.500000               7
   119.599998               7
   119.699997               7
   119.800003               7
   119.900002               7
   120.000000               7
   120.099998               7
   120.199997               7
   120.300003               7
   120.400002               7
   120.500000               7
   120.599998               7
   120.699997               7
   120.800003               7
   120.900002               7
   121.000000               7
   121.099998               7
   121.199997               7
   121.300003               7
   121.400002               7
   121.500000               7
   121.599998               7
   121.699997               7
   121.800003               7
   121.900002               7
   122.000000               7
   122.099998               7
   122.199997               7
   122.300003               7
   122.400002               7
   122.500000               7
   122.599998               7
   122.699997               7
   122.800003               7
   122.900002               7
   123.000000               7
   123.099998               7
   123.199997               7
   123.300003               7
   123.400002               7
   123.500000               7
   123.599998               7
   123.699997               7
   123.800003               7
   123.900002               7
   124.000000               7
   124.099998               7
   124.199997               7
   124.300003               7
   124.400002               7
   124.500000               7
   124.599998               7
   124.699997               7
   124.800003               7
   124.900002               7
   125.000000               7
   125.099998               7
   125.199997               7
   125.300003               7
   125.400002               7
   125.500000               7
   125.599998               7
   125.699997               7
   125.800003               7
   125.900002               7
   126.000000               7
   126.099998               7
   126.199997               7
   126.300003               7
   126.400002               7
   126.500000               7
   126.599998               7
   126.699997               7
   126.800003               7
   126.900002               7
   127.000000               7
   127.099998               7
   127.199997               7
   127.300003               7
   127.400002               7
   127.500000               7
   127.599998               7
   127.699997               7
   127.800003               7
   127.900002               7
   128.000000               7
   128.100006               7
   128.199997               7
   128.300003               7
   128.399994               7
   128.500000               7
   128.600006               7
   128.699997               7
   128.800003               7
   128.899994               7
   129.000000               7
   129.100006               7
   129.199997               7
   129.300003               7
   129.399994               7
   129.500000               7
   129.600006               7
   129.699997               7
   129.800003               7
   129.899994               7
   130.000000               7
   130.100006               7
   130.199997               7
   130.300003               7
   130.399994               7
   130.500000               7
   130.600006               7
   130.699997               7
   130.800003               7
   130.899994               7
   131.000000               7
   131.100006               7
   131.199997               7
   131.300003               7
   131.399994               7
   131.500000               7
   131.600006               7
   131.699997               7
   131.800003               7
   131.899994               7
   132.000000               7
   132.100006               7
   132.199997               7
   132.300003               7
   132.399994               7
   132.500000               7
   132.600006               7
   132.699997               7
   132.800003               7
   132.899994               7
   133.000000               7
   133.100006               7
   133.199997               7
   133.300003               7
   133.399994               7
   133.500000               7
   133.600006               7
   133.699997               7
   133.800003               7
   133.899994               7
   134.000000               7
   134.100006               7
   134.199997               7
   134.300003               7
   134.399994               7
   134.500000               7
   134.600006               7
   134.699997               7
   134.800003               7
   134.899994               7
   135.000000               7
   135.100006               7
   135.199997               7
   135.300003               7
   135.399994               7
   135.500000               7
   135.600006               7
   135.699997               7
   135.800003               7
   135.899994               7
   136.000000               7
   136.100006               7
   136.199997               7
   136.300003               7
   136.399994               7
   136.500000               7
   136.600006               7
   136.699997               7
   136.800003               7
   136.899994               7
   137.000000               7
   137.100006               7
   137.199997               7
   137.300003               7
   137.399994               7
   137.500000               7
   137.600006               7
   137.699997               7
   137.800003               7
   137.899994               7
   138.000000               7
   138.100006               7
   138.199997               7
   138.300003               7
   138.399994               7
   138.500000               7
   138.600006               7
   138.699997               7
   138.800003               7
   138.899994               7
   139.000000               7
   139.100006               7
   139.199997               7
   139.300003               7
   139.399994               7
   139.500000               7
   139.600006               7
   139.699997               7
   139.800003               7
   139.899994               7
   140.000000               7
   140.100006               7
   140.199997               7
   140.300003               7
   140.399994               7
   140.500000               7
   140.600006               7
   140.699997               7
   140.800003               7
   140.899994               7
   141.000000               7
   141.100006               7
   141.199997               7
   141.300003               7
   141.399994               7
   141.500000               7
   141.600006               7
   141.699997               7
   141.800003               7
   141.899994               7
   142.000000               7
   142.100006               7
   142.199997               7
   142.300003               7
   142.399994               7
   142.500000               7
   142.600006               7
   142.699997               7
   142.800003               7
   142.899994               7
   143.000000               7
   143.100006               7
   143.199997               7
   143.300003               7
   143.399994               7
   143.500000               7
   143.600006               7
   143.699997               7
   143.800003               7
   143.899994               7
   144.000000               7
   144.100006               7
   144.199997               7
   144.300003               7
   144.399994               7
   144.500000               7
   144.600006               7
   144.699997               7
   144.800003               7
   144.899994               7
   145.000000               7
   145.100006               7
   145.199997               7
   145.300003               7
   145.399994               7
   145.500000               7
   145.600006               7
   145.699997               7
   145.800003               7
   145.899994               7
   146.000000               7
   146.100006               7
   146.199997               7
   146.300003               7
   146.399994               7
   146.500000               7
   146.600006               7
   146.699997               7
   146.800003               7
   146.899994               7
   147.000000               7
   147.100006               7
   147.199997               7
   147.300003               7
   147.399994               7
   147.500000               7
   147.600006               7
   147.699997               7
   147.800003               7
   147.899994               7
   148.000000               7
   148.100006               7
   148.199997               7
   148.300003               7
   148.399994               7
   148.500000               7
   148.600006               7
   148.699997               7
   148.800003               7
   148.899994               7
   149.000000               7
   149.100006               7
   149.199997               8
   149.300003               8
   149.399994               8
   149.500000               8
   149.600006               8
   149.699997               8
   149.800003               8
   149.899994               8
   150.000000               8
   150.100006               8
   150.199997               8
   150.300003               8
   150.399994               8
   150.500000               8
   150.600006               8
   150.699997               8
   150.800003               8
   150.899994               8
   151.000000               8
   151.100006               8
   151.199997               8
   151.300003               8
   151.399994               8
   151.500000               8
   151.600006               8
   151.699997               8
   151.800003               8
   151.899994               8
   152.000000               8
   152.100006               8
   152.199997               8
   152.300003               8
   152.399994               8
   152.500000               8
   152.600006               8
   152.699997               8
   152.800003               8
   152.899994               8
   153.000000               8
   153.100006               8
   153.199997               8
   153.300003               8
   153.399994               8
   153.500000               8
   153.600006               8
   153.699997               8
   153.800003               8
   153.899994               8
   154.000000               8
   154.100006               8
   154.199997               8
   154.300003               8
   154.399994               8
   154.500000               8
   154.600006               8
   154.699997               8
   154.800003               8
   154.899994               8
   155.000000               8
   155.100006               8
   155.199997               8
   155.300003               8
   155.399994               8
   155.500000               8
   155.600006               8
   155.699997               8
   155.800003               8
   155.899994               8
   156.000000               8
   156.100006               8
   156.199997               8
   156.300003               8
   156.399994               8
   156.500000               8
   156.600006               8
   156.699997               8
   156.800003               8
   156.899994               8
   157.000000               8
   157.100006               8
   157.199997               9
   157.300003               9
   157.399994              10
   157.500000              10
   157.600006              10
   157.699997              10
   157.800003              10
   157.899994              10
   158.000000              10
   158.100006              10
   158.199997              10
   158.300003              10
   158.399994              10
   158.500000              10
   158.600006              10
   158.699997              10
   158.800003              10
   158.899994              10
   159.000000              10
   159.100006              10
   159.199997              10
   159.300003              10
   159.399994              10
   159.500000              11
   159.600006              11
   159.699997              11
   159.800003              11
   159.899994              11
   160.000000              11
   160.100006              11
   160.199997              11
   160.300003              11
   160.399994              11
   160.500000              11
   160.600006              11
   160.699997              11
   160.800003              11
   160.899994              11
   161.000000              11
   161.100006              11
   161.199997              11
   161.300003              11
   161.399994              11
   161.500000              11
   161.600006              11
   161.699997              11
   161.800003              11
   161.899994              11
   162.000000              11
   162.100006              11
   162.199997              11
   162.300003              11
   162.399994              11
   162.500000              11
   162.600006              11
   162.699997              11
   162.800003              11
   162.899994              11
   163.000000              11
   163.100006              11
   163.199997              11
   163.300003              11
   163.399994              11
   163.500000              11
   163.600006              11
   163.699997              11
   163.800003              11
   163.899994              11
   164.000000              11
   164.100006              11
   164.199997              11
   164.300003              11
   164.399994              11
   164.500000              11
   164.600006              11
   164.699997              11
   164.800003              11
   164.899994              11
   165.000000              11
   165.100006              11
   165.199997              11
   165.300003              11
   165.399994              11
   165.500000              11
   165.600006              11
   165.699997              11
   165.800003              11
   165.899994              11
   166.000000              11
   166.100006              11
   166.199997              11
   166.300003              11
   166.399994              11
   166.500000              11
   166.600006              11
   166.699997              11
   166.800003              11
   166.899994              11
   167.000000              11
   167.100006              11
   167.199997              11
   167.300003              11
   167.399994              11
   167.500000              11
   167.600006              11
   167.699997              11
   167.800003              11
   167.899994              11
   168.000000              11
   168.100006              11
   168.199997              11
   168.300003              11
   168.399994              11
   168.500000              11
   168.600006              11
   168.699997              11
   168.800003              11
   168.899994              11
   169.000000              11
   169.100006              11
   169.199997              11
   169.300003              11
   169.399994              11
   169.500000              11
   169.600006              11
   169.699997              11
   169.800003              11
   169.899994              11
   170.000000              11
   170.100006              11
   170.199997              11
   170.300003              11
   170.399994              11
   170.500000              11
   170.600006              11
   170.699997              11
   170.800003              11
   170.899994              11
   171.000000              11
   171.100006              11
   171.199997              11
   171.300003              11
   171.399994              11
   171.500000              11
   171.600006              11
   171.699997              11
   171.800003              11
   171.899994              11
   172.000000              11
   172.100006              11
   172.199997              11
   172.300003              11
   172.399994              11
   172.500000              11
   172.600006              11
   172.699997              11
   172.800003              11
   172.899994              11
   173.000000              11
   173.100006              11
   173.199997              11
   173.300003              11
   173.399994              11
   173.500000              11
   173.600006              11
   173.699997              11
   173.800003              11
   173.899994              11
   174.000000              11
   174.100006              11
   174.199997              11
   174.300003              11
   174.399994              11
   174.500000              11
   174.600006              11
   174.699997              11
   174.800003              11
   174.899994              11
   175.000000              11
   175.100006              11
   175.199997              11
   175.300003              11
   175.399994              11
   175.500000              11
   175.600006              11
   175.699997              11
   175.800003              11
   175.899994              11
   176.000000              11
   176.100006              11
   176.199997              11
   176.300003              11
   176.399994              11
   176.500000              11
   176.600006              11
   176.699997              11
   176.800003              11
   176.899994              11
   177.000000              11
   177.100006              11
   177.199997              11
   177.300003              11
   177.399994              11
   177.500000              11
   177.600006              11
   177.699997              11
   177.800003              11
   177.899994              11
   178.000000              11
   178.100006              11
   178.199997              11
   178.300003              11
   178.399994              11
   178.500000              11
   178.600006              11
   178.699997              11
   178.800003              11
   178.899994              11
   179.000000              11
   179.100006              11
   179.199997              11
   179.300003              11
   179.399994              11
   179.500000              11
   179.600006              11
   179.699997              11
   179.800003              11
   179.899994              11
   180.000000              11
   180.100006              11
   180.199997              11
   180.300003              11
   180.399994              11
   180.500000              11
   180.600006              11
   180.699997              11
   180.800003              11
   180.899994              11
   181.000000              11
   181.100006              11
   181.199997              11
   181.300003              11
   181.399994              11
   181.500000              11
   181.600006              11
   181.699997              11
   181.800003              11
   181.899994              11
   182.000000              11
   182.100006              11
   182.199997              11
   182.300003              11
   182.399994              11
   182.500000              11
   182.600006              11
   182.699997              11
   182.800003              11
   182.899994              11
   183.000000              11
   183.100006              11
   183.199997              11
   183.300003              11
   183.399994              11
   183.500000              11
   183.600006              11
   183.699997              11
   183.800003              11
   183.899994              11
   184.000000              11
   184.100006              11
   184.199997              11
   184.300003              11
   184.399994              11
   184.500000              11
   184.600006              11
   184.699997              11
   184.800003              11
   184.899994              11
   185.000000              11
   185.100006              11
   185.199997              11
   185.300003              11
   185.399994              11
   185.500000              11
   185.600006              11
   185.699997              11
   185.800003              11
   185.899994              11
   186.000000              11
   186.100006              11
   186.199997              11
   186.300003              11
   186.399994              11
   186.500000              11
   186.600006              11
   186.699997              11
   186.800003              11
   186.899994              11
   187.000000              11
   187.100006              11
   187.199997              11
   187.300003              11
   187.399994              11
   187.500000              11
   187.600006              11
   187.699997              11
   187.800003              11
   187.899994              11
   188.000000              11
   188.100006              11
   188.199997              11
   188.300003              11
   188.399994              11
   188.500000              11
   188.600006              11
   188.699997              11
   188.800003              11
   188.899994              11
   189.000000              11
   189.100006              11
   189.199997              11
   189.300003              11
   189.399994              11
   189.500000              11
   189.600006              11
   189.699997              11
   189.800003              11
   189.899994              11
   190.000000              11
   190.100006              11
   190.199997              11
   190.300003              11
   190.399994              11
   190.500000              11
   190.600006              11
   190.699997              11
   190.800003              11
   190.899994              11
   191.000000              11
   191.100006              11
   191.199997              11
   191.300003              11
   191.399994              11
   191.500000              11
   191.600006              11
   191.699997              11
   191.800003              11
   191.899994              11
   192.000000              11
   192.100006              11
   192.199997              11
   192.300003              11
   192.399994              11
   192.500000              11
   192.600006              11
   192.699997              11
   192.800003              11
   192.899994              11
   193.000000              11
   193.100006              11
   193.199997              11
   193.300003              11
   193.399994              11
   193.500000              11
   193.600006              11
   193.699997              11
   193.800003              11
   193.899994              11
   194.000000              11
   194.100006              11
   194.199997              11
   194.300003              11
   194.399994              11
   194.500000              11
   194.600006              11
   194.699997              11
   194.800003              11
   194.899994              11
   195.000000              11
   195.100006              11
   195.199997              11
   195.300003              11
   195.399994              11
   195.500000              11
   195.600006              11
   195.699997              11
   195.800003              11
   195.899994              11
   196.000000              11
   196.100006              11
   196.199997              11
   196.300003              11
   196.399994              11
   196.500000              11
   196.600006              11
   196.699997              11
   196.800003              11
   196.899994              11
   197.000000              11
   197.100006              11
   197.199997              11
   197.300003              11
   197.399994              11
   197.500000              11
   197.600006              11
   197.699997              11
   197.800003              11
   197.899994              11
   198.000000              11
   198.100006              11
   198.199997              11
   198.300003              11
   198.399994              11
   198.500000              11
   198.600006              11
   198.699997              11
   198.800003              11
   198.899994              11
   199.000000              11
   199.100006              11
   199.199997              11
   199.300003              11
   199.399994              11
   199.500000              11
   199.600006              11
   199.699997              11
   199.800003              11
   199.899994              11
