 Permeation events over simulation time.
 t(ns) Number of events
   0.00000000               0
   1.00000000               0
   2.00000000               0
   3.00000000               0
   4.00000000               0
   5.00000000               0
   6.00000000               0
   7.00000000               0
   8.00000000               0
   9.00000000               0
   10.0000000               0
   11.0000000               0
   12.0000000               0
   13.0000000               0
   14.0000000               0
   15.0000000               0
   16.0000000               0
   17.0000000               0
   18.0000000               0
   19.0000000               0
   20.0000000               0
   21.0000000               0
   22.0000000               0
   23.0000000               0
   24.0000000               0
   25.0000000               0
   26.0000000               1
   27.0000000               2
   28.0000000               2
   29.0000000               3
   30.0000000               4
   31.0000000               4
   32.0000000               4
   33.0000000               4
   34.0000000               4
   35.0000000               4
   36.0000000               4
   37.0000000               4
   38.0000000               4
   39.0000000               4
   40.0000000               4
   41.0000000               4
   42.0000000               4
   43.0000000               4
   44.0000000               4
   45.0000000               4
   46.0000000               4
   47.0000000               4
   48.0000000               4
   49.0000000               4
   50.0000000               4
   51.0000000               4
   52.0000000               4
   53.0000000               4
   54.0000000               5
   55.0000000               6
   56.0000000               6
   57.0000000               6
   58.0000000               6
   59.0000000               6
   60.0000000               7
   61.0000000               8
   62.0000000               8
   63.0000000               8
   64.0000000               8
   65.0000000               8
   66.0000000               8
   67.0000000               8
   68.0000000               8
   69.0000000               8
   70.0000000               9
   71.0000000              10
   72.0000000              10
   73.0000000              10
   74.0000000              10
   75.0000000              10
   76.0000000              10
   77.0000000              10
   78.0000000              10
   79.0000000              10
   80.0000000              10
   81.0000000              10
   82.0000000              10
   83.0000000              10
   84.0000000              10
   85.0000000              10
   86.0000000              10
   87.0000000              10
   88.0000000              10
   89.0000000              10
   90.0000000              10
   91.0000000              10
   92.0000000              10
   93.0000000              10
   94.0000000              10
   95.0000000              10
   96.0000000              10
   97.0000000              11
   98.0000000              11
   99.0000000              11
   100.000000              11
   101.000000              11
   102.000000              11
   103.000000              11
   104.000000              11
   105.000000              11
   106.000000              11
   107.000000              11
   108.000000              11
   109.000000              12
   110.000000              13
   111.000000              13
   112.000000              13
   113.000000              13
   114.000000              13
   115.000000              13
   116.000000              13
   117.000000              13
   118.000000              13
   119.000000              13
   120.000000              13
   121.000000              13
   122.000000              13
   123.000000              13
   124.000000              13
   125.000000              13
   126.000000              13
   127.000000              13
   128.000000              13
   129.000000              13
   130.000000              13
   131.000000              13
   132.000000              13
   133.000000              13
   134.000000              13
   135.000000              13
   136.000000              13
   137.000000              13
   138.000000              13
   139.000000              13
   140.000000              13
   141.000000              13
   142.000000              13
   143.000000              13
   144.000000              13
   145.000000              13
   146.000000              13
   147.000000              13
   148.000000              13
   149.000000              13
   150.000000              13
   151.000000              13
   152.000000              13
   153.000000              13
   154.000000              13
   155.000000              13
   156.000000              14
   157.000000              15
   158.000000              15
   159.000000              15
   160.000000              15
   161.000000              15
   162.000000              15
   163.000000              15
   164.000000              15
   165.000000              15
   166.000000              15
   167.000000              15
   168.000000              15
   169.000000              15
   170.000000              15
   171.000000              16
   172.000000              16
   173.000000              17
   174.000000              18
   175.000000              18
   176.000000              18
   177.000000              18
   178.000000              18
   179.000000              18
   180.000000              18
   181.000000              18
   182.000000              18
   183.000000              18
   184.000000              18
   185.000000              19
   186.000000              20
   187.000000              20
   188.000000              20
   189.000000              20
   190.000000              21
   191.000000              22
   192.000000              22
   193.000000              22
   194.000000              22
   195.000000              22
   196.000000              22
   197.000000              22
   198.000000              22
   199.000000              22
   200.000000              22
   201.000000              22
   202.000000              22
   203.000000              22
   204.000000              22
   205.000000              23
   206.000000              24
   207.000000              24
   208.000000              25
   209.000000              26
   210.000000              26
   211.000000              26
   212.000000              26
   213.000000              26
   214.000000              26
   215.000000              26
   216.000000              26
   217.000000              26
   218.000000              26
   219.000000              26
   220.000000              26
   221.000000              26
   222.000000              26
   223.000000              26
   224.000000              26
   225.000000              26
   226.000000              26
   227.000000              28
   228.000000              28
   229.000000              28
   230.000000              28
   231.000000              28
   232.000000              28
   233.000000              28
   234.000000              28
   235.000000              28
   236.000000              28
   237.000000              28
   238.000000              28
   239.000000              28
   240.000000              28
   241.000000              28
   242.000000              28
   243.000000              28
   244.000000              28
   245.000000              28
   246.000000              28
   247.000000              28
   248.000000              28
   249.000000              29
   250.000000              30
   251.000000              30
   252.000000              30
   253.000000              30
   254.000000              31
   255.000000              32
   256.000000              32
   257.000000              33
   258.000000              34
   259.000000              35
   260.000000              35
   261.000000              35
   262.000000              35
   263.000000              35
   264.000000              35
   265.000000              35
   266.000000              35
   267.000000              35
   268.000000              35
   269.000000              35
   270.000000              35
   271.000000              35
   272.000000              35
   273.000000              35
   274.000000              35
   275.000000              35
   276.000000              35
   277.000000              35
   278.000000              35
   279.000000              36
   280.000000              36
   281.000000              36
   282.000000              36
   283.000000              36
   284.000000              36
   285.000000              36
   286.000000              36
   287.000000              36
   288.000000              36
   289.000000              36
   290.000000              36
   291.000000              36
   292.000000              36
   293.000000              36
   294.000000              36
   295.000000              36
   296.000000              36
   297.000000              36
   298.000000              36
   299.000000              36
   300.000000              37
   301.000000              39
   302.000000              40
   303.000000              40
   304.000000              40
   305.000000              40
   306.000000              40
   307.000000              41
   308.000000              42
   309.000000              42
   310.000000              42
   311.000000              42
   312.000000              42
   313.000000              42
   314.000000              42
   315.000000              42
   316.000000              42
   317.000000              42
   318.000000              42
   319.000000              42
   320.000000              42
   321.000000              42
   322.000000              43
   323.000000              44
   324.000000              44
   325.000000              44
   326.000000              44
   327.000000              44
   328.000000              45
   329.000000              45
   330.000000              45
   331.000000              45
   332.000000              45
   333.000000              45
   334.000000              45
   335.000000              45
   336.000000              46
   337.000000              47
   338.000000              47
   339.000000              47
   340.000000              47
   341.000000              47
   342.000000              47
   343.000000              47
   344.000000              47
   345.000000              47
   346.000000              47
   347.000000              47
   348.000000              47
   349.000000              47
   350.000000              47
   351.000000              47
   352.000000              47
   353.000000              47
   354.000000              47
   355.000000              47
   356.000000              47
   357.000000              47
   358.000000              47
   359.000000              47
   360.000000              47
   361.000000              47
   362.000000              47
   363.000000              47
   364.000000              47
   365.000000              47
   366.000000              47
   367.000000              47
   368.000000              47
   369.000000              47
   370.000000              47
   371.000000              47
   372.000000              47
   373.000000              47
   374.000000              47
   375.000000              47
   376.000000              47
   377.000000              47
   378.000000              48
   379.000000              49
   380.000000              49
   381.000000              49
   382.000000              49
   383.000000              50
   384.000000              51
   385.000000              52
   386.000000              53
   387.000000              53
   388.000000              53
   389.000000              53
   390.000000              54
   391.000000              55
   392.000000              55
   393.000000              55
   394.000000              55
   395.000000              55
   396.000000              55
   397.000000              55
   398.000000              56
   399.000000              57
   400.000000              57
   401.000000              57
   402.000000              57
   403.000000              57
   404.000000              57
   405.000000              57
   406.000000              57
   407.000000              57
   408.000000              57
   409.000000              58
   410.000000              59
   411.000000              59
   412.000000              59
   413.000000              59
   414.000000              59
   415.000000              59
   416.000000              59
   417.000000              59
   418.000000              59
   419.000000              59
   420.000000              59
   421.000000              59
   422.000000              59
   423.000000              59
   424.000000              59
   425.000000              59
   426.000000              59
   427.000000              59
   428.000000              59
   429.000000              59
   430.000000              59
   431.000000              59
   432.000000              59
   433.000000              59
   434.000000              59
   435.000000              59
   436.000000              59
   437.000000              59
   438.000000              60
   439.000000              60
   440.000000              60
   441.000000              60
   442.000000              60
   443.000000              60
   444.000000              60
   445.000000              60
   446.000000              60
   447.000000              60
   448.000000              60
   449.000000              60
   450.000000              60
   451.000000              60
   452.000000              60
   453.000000              60
   454.000000              60
   455.000000              60
   456.000000              60
   457.000000              60
   458.000000              60
   459.000000              61
   460.000000              62
   461.000000              62
   462.000000              62
   463.000000              62
   464.000000              63
   465.000000              63
   466.000000              63
   467.000000              63
   468.000000              63
   469.000000              63
   470.000000              63
   471.000000              63
   472.000000              63
   473.000000              63
   474.000000              63
   475.000000              63
   476.000000              63
   477.000000              63
   478.000000              63
   479.000000              63
   480.000000              63
   481.000000              63
   482.000000              63
   483.000000              63
   484.000000              63
   485.000000              63
   486.000000              64
   487.000000              65
   488.000000              65
   489.000000              65
   490.000000              65
   491.000000              65
   492.000000              65
   493.000000              65
   494.000000              66
   495.000000              67
   496.000000              67
   497.000000              67
   498.000000              67
   499.000000              67
   500.000000              67
   501.000000              67
   502.000000              67
   503.000000              67
   504.000000              67
   505.000000              67
   506.000000              67
   507.000000              67
   508.000000              67
   509.000000              67
   510.000000              67
   511.000000              67
   512.000000              67
   513.000000              67
   514.000000              67
   515.000000              67
   516.000000              67
   517.000000              67
   518.000000              67
   519.000000              67
   520.000000              68
   521.000000              70
   522.000000              70
   523.000000              70
   524.000000              70
   525.000000              70
   526.000000              70
   527.000000              70
   528.000000              70
   529.000000              70
   530.000000              70
   531.000000              70
   532.000000              70
   533.000000              70
   534.000000              71
   535.000000              73
   536.000000              74
   537.000000              74
   538.000000              74
   539.000000              74
   540.000000              74
   541.000000              74
   542.000000              74
   543.000000              74
   544.000000              74
   545.000000              74
   546.000000              75
   547.000000              75
   548.000000              75
   549.000000              75
   550.000000              75
   551.000000              75
   552.000000              75
   553.000000              75
   554.000000              75
   555.000000              75
   556.000000              75
   557.000000              75
   558.000000              75
   559.000000              75
   560.000000              75
   561.000000              75
   562.000000              75
   563.000000              75
   564.000000              75
   565.000000              75
   566.000000              75
   567.000000              75
   568.000000              75
   569.000000              75
   570.000000              75
   571.000000              75
   572.000000              75
   573.000000              76
   574.000000              77
   575.000000              77
   576.000000              77
   577.000000              77
   578.000000              77
   579.000000              77
   580.000000              77
   581.000000              77
   582.000000              77
   583.000000              77
   584.000000              77
   585.000000              77
   586.000000              78
   587.000000              79
   588.000000              79
   589.000000              79
   590.000000              79
   591.000000              79
   592.000000              79
   593.000000              80
   594.000000              81
   595.000000              81
   596.000000              81
   597.000000              81
   598.000000              81
   599.000000              81
   600.000000              81
   601.000000              81
   602.000000              81
   603.000000              81
   604.000000              81
   605.000000              81
   606.000000              81
   607.000000              81
   608.000000              81
   609.000000              81
   610.000000              81
   611.000000              81
   612.000000              81
   613.000000              81
   614.000000              81
   615.000000              81
   616.000000              81
   617.000000              81
   618.000000              82
   619.000000              83
   620.000000              83
   621.000000              83
   622.000000              83
   623.000000              83
   624.000000              83
   625.000000              83
   626.000000              83
   627.000000              83
   628.000000              83
   629.000000              83
   630.000000              83
   631.000000              83
   632.000000              83
   633.000000              83
   634.000000              83
   635.000000              83
   636.000000              83
   637.000000              83
   638.000000              83
   639.000000              83
   640.000000              83
   641.000000              83
   642.000000              83
   643.000000              83
   644.000000              83
   645.000000              83
   646.000000              83
   647.000000              83
   648.000000              83
   649.000000              84
   650.000000              84
   651.000000              85
   652.000000              86
   653.000000              86
   654.000000              86
   655.000000              86
   656.000000              86
   657.000000              86
   658.000000              86
   659.000000              86
   660.000000              86
   661.000000              86
   662.000000              86
   663.000000              86
   664.000000              86
   665.000000              86
   666.000000              86
   667.000000              87
   668.000000              88
   669.000000              88
   670.000000              88
   671.000000              88
   672.000000              88
   673.000000              88
   674.000000              88
   675.000000              88
   676.000000              88
   677.000000              88
   678.000000              89
   679.000000              90
   680.000000              90
   681.000000              90
   682.000000              90
   683.000000              90
   684.000000              90
   685.000000              90
   686.000000              90
   687.000000              90
   688.000000              90
   689.000000              90
   690.000000              90
   691.000000              90
   692.000000              90
   693.000000              90
   694.000000              90
   695.000000              90
   696.000000              90
   697.000000              90
   698.000000              90
   699.000000              90
   700.000000              90
   701.000000              90
   702.000000              90
   703.000000              90
   704.000000              91
   705.000000              92
   706.000000              92
   707.000000              92
   708.000000              92
   709.000000              92
   710.000000              92
   711.000000              92
   712.000000              92
   713.000000              92
   714.000000              92
   715.000000              92
   716.000000              93
   717.000000              94
   718.000000              95
   719.000000              97
   720.000000              98
   721.000000              98
   722.000000              98
   723.000000              98
   724.000000              98
   725.000000              98
   726.000000              98
   727.000000              98
   728.000000              98
   729.000000              98
   730.000000              98
   731.000000              98
   732.000000              98
   733.000000              98
   734.000000              98
   735.000000              98
   736.000000              98
   737.000000              98
   738.000000              98
   739.000000              98
   740.000000              98
   741.000000              98
   742.000000              98
   743.000000              98
   744.000000              98
   745.000000              98
   746.000000              98
   747.000000              98
   748.000000              99
   749.000000             100
   750.000000             100
   751.000000             100
   752.000000             100
   753.000000             100
   754.000000             100
   755.000000             100
   756.000000             100
   757.000000             100
   758.000000             100
   759.000000             100
   760.000000             100
   761.000000             100
   762.000000             101
   763.000000             101
   764.000000             101
   765.000000             101
   766.000000             101
   767.000000             101
   768.000000             101
   769.000000             101
   770.000000             101
   771.000000             101
   772.000000             101
   773.000000             101
   774.000000             101
   775.000000             101
   776.000000             101
   777.000000             101
   778.000000             101
   779.000000             101
   780.000000             101
   781.000000             101
   782.000000             101
   783.000000             101
   784.000000             101
   785.000000             101
   786.000000             101
   787.000000             101
   788.000000             101
   789.000000             101
   790.000000             101
   791.000000             102
   792.000000             103
   793.000000             103
   794.000000             103
   795.000000             103
   796.000000             103
   797.000000             103
   798.000000             103
   799.000000             103
   800.000000             103
   801.000000             103
   802.000000             103
   803.000000             103
   804.000000             103
   805.000000             103
   806.000000             103
   807.000000             104
   808.000000             104
   809.000000             104
   810.000000             104
   811.000000             104
   812.000000             104
   813.000000             104
   814.000000             104
   815.000000             104
   816.000000             104
   817.000000             104
   818.000000             105
   819.000000             105
   820.000000             105
   821.000000             105
   822.000000             105
   823.000000             105
   824.000000             105
   825.000000             105
   826.000000             105
   827.000000             105
   828.000000             105
   829.000000             105
   830.000000             105
   831.000000             105
   832.000000             105
   833.000000             106
   834.000000             106
   835.000000             106
   836.000000             106
   837.000000             106
   838.000000             106
   839.000000             106
   840.000000             106
   841.000000             106
   842.000000             106
   843.000000             106
   844.000000             106
   845.000000             106
   846.000000             106
   847.000000             106
   848.000000             106
   849.000000             106
   850.000000             106
   851.000000             106
   852.000000             106
   853.000000             106
   854.000000             106
   855.000000             106
   856.000000             106
   857.000000             106
   858.000000             106
   859.000000             106
   860.000000             106
   861.000000             106
   862.000000             106
   863.000000             106
   864.000000             106
   865.000000             106
   866.000000             106
   867.000000             106
   868.000000             106
   869.000000             106
   870.000000             106
   871.000000             107
   872.000000             108
   873.000000             110
   874.000000             110
   875.000000             110
   876.000000             110
   877.000000             110
   878.000000             110
   879.000000             110
   880.000000             110
   881.000000             110
   882.000000             110
   883.000000             110
   884.000000             110
   885.000000             110
   886.000000             110
   887.000000             110
   888.000000             111
   889.000000             112
   890.000000             112
   891.000000             112
   892.000000             112
   893.000000             112
   894.000000             112
   895.000000             112
   896.000000             112
   897.000000             112
   898.000000             112
   899.000000             112
   900.000000             112
