 Permeation events over simulation time.
 t(ns) Number of events
   0.00000000               0
  0.100000001               0
  0.200000003               0
  0.300000012               0
  0.400000006               0
  0.500000000               0
  0.600000024               0
  0.699999988               0
  0.800000012               0
  0.899999976               0
   1.00000000               0
   1.10000002               0
   1.20000005               0
   1.29999995               0
   1.39999998               0
   1.50000000               0
   1.60000002               0
   1.70000005               0
   1.79999995               0
   1.89999998               0
   2.00000000               0
   2.09999990               0
   2.20000005               0
   2.29999995               0
   2.40000010               0
   2.50000000               0
   2.59999990               0
   2.70000005               0
   2.79999995               0
   2.90000010               0
   3.00000000               0
   3.09999990               0
   3.20000005               0
   3.29999995               0
   3.40000010               0
   3.50000000               0
   3.59999990               0
   3.70000005               0
   3.79999995               0
   3.90000010               0
   4.00000000               0
   4.09999990               0
   4.19999981               0
   4.30000019               0
   4.40000010               0
   4.50000000               0
   4.59999990               0
   4.69999981               0
   4.80000019               0
   4.90000010               0
   5.00000000               0
   5.09999990               0
   5.19999981               0
   5.30000019               0
   5.40000010               0
   5.50000000               0
   5.59999990               0
   5.69999981               0
   5.80000019               0
   5.90000010               0
   6.00000000               0
   6.09999990               0
   6.19999981               0
   6.30000019               0
   6.40000010               0
   6.50000000               0
   6.59999990               0
   6.69999981               0
   6.80000019               0
   6.90000010               0
   7.00000000               0
   7.09999990               0
   7.19999981               0
   7.30000019               0
   7.40000010               0
   7.50000000               0
   7.59999990               0
   7.69999981               0
   7.80000019               0
   7.90000010               0
   8.00000000               0
   8.10000038               0
   8.19999981               0
   8.30000019               0
   8.39999962               0
   8.50000000               0
   8.60000038               0
   8.69999981               0
   8.80000019               0
   8.89999962               0
   9.00000000               0
   9.10000038               0
   9.19999981               0
   9.30000019               0
   9.39999962               0
   9.50000000               0
   9.60000038               0
   9.69999981               0
   9.80000019               0
   9.89999962               0
   10.0000000               0
   10.1000004               0
   10.1999998               0
   10.3000002               0
   10.3999996               0
   10.5000000               0
   10.6000004               0
   10.6999998               0
   10.8000002               0
   10.8999996               0
   11.0000000               0
   11.1000004               0
   11.1999998               0
   11.3000002               0
   11.3999996               0
   11.5000000               0
   11.6000004               0
   11.6999998               0
   11.8000002               0
   11.8999996               0
   12.0000000               0
   12.1000004               0
   12.1999998               0
   12.3000002               0
   12.3999996               0
   12.5000000               0
   12.6000004               0
   12.6999998               0
   12.8000002               0
   12.8999996               0
   13.0000000               0
   13.1000004               0
   13.1999998               0
   13.3000002               0
   13.3999996               0
   13.5000000               0
   13.6000004               0
   13.6999998               0
   13.8000002               0
   13.8999996               0
   14.0000000               0
   14.1000004               0
   14.1999998               0
   14.3000002               0
   14.3999996               0
   14.5000000               0
   14.6000004               0
   14.6999998               0
   14.8000002               0
   14.8999996               1
   15.0000000               1
   15.1000004               1
   15.1999998               1
   15.3000002               1
   15.3999996               1
   15.5000000               1
   15.6000004               1
   15.6999998               1
   15.8000002               1
   15.8999996               1
   16.0000000               1
   16.1000004               1
   16.2000008               1
   16.2999992               1
   16.3999996               1
   16.5000000               1
   16.6000004               1
   16.7000008               1
   16.7999992               1
   16.8999996               1
   17.0000000               1
   17.1000004               1
   17.2000008               1
   17.2999992               1
   17.3999996               1
   17.5000000               1
   17.6000004               1
   17.7000008               1
   17.7999992               1
   17.8999996               1
   18.0000000               1
   18.1000004               1
   18.2000008               1
   18.2999992               1
   18.3999996               1
   18.5000000               1
   18.6000004               1
   18.7000008               1
   18.7999992               1
   18.8999996               1
   19.0000000               1
   19.1000004               1
   19.2000008               1
   19.2999992               1
   19.3999996               1
   19.5000000               1
   19.6000004               1
   19.7000008               1
   19.7999992               1
   19.8999996               1
   20.0000000               1
   20.1000004               1
   20.2000008               1
   20.2999992               1
   20.3999996               1
   20.5000000               1
   20.6000004               1
   20.7000008               1
   20.7999992               1
   20.8999996               1
   21.0000000               1
   21.1000004               1
   21.2000008               1
   21.2999992               1
   21.3999996               1
   21.5000000               1
   21.6000004               1
   21.7000008               1
   21.7999992               1
   21.8999996               1
   22.0000000               1
   22.1000004               1
   22.2000008               1
   22.2999992               1
   22.3999996               1
   22.5000000               1
   22.6000004               1
   22.7000008               1
   22.7999992               1
   22.8999996               1
   23.0000000               1
   23.1000004               1
   23.2000008               1
   23.2999992               1
   23.3999996               1
   23.5000000               1
   23.6000004               1
   23.7000008               1
   23.7999992               1
   23.8999996               1
   24.0000000               1
   24.1000004               1
   24.2000008               1
   24.2999992               1
   24.3999996               1
   24.5000000               1
   24.6000004               1
   24.7000008               1
   24.7999992               1
   24.8999996               1
   25.0000000               1
   25.1000004               1
   25.2000008               1
   25.2999992               1
   25.3999996               1
   25.5000000               1
   25.6000004               1
   25.7000008               1
   25.7999992               1
   25.8999996               2
   26.0000000               2
   26.1000004               2
   26.2000008               2
   26.2999992               2
   26.3999996               2
   26.5000000               2
   26.6000004               2
   26.7000008               2
   26.7999992               2
   26.8999996               2
   27.0000000               2
   27.1000004               2
   27.2000008               2
   27.2999992               2
   27.3999996               2
   27.5000000               3
   27.6000004               3
   27.7000008               3
   27.7999992               3
   27.8999996               3
   28.0000000               3
   28.1000004               3
   28.2000008               3
   28.2999992               3
   28.3999996               3
   28.5000000               3
   28.6000004               3
   28.7000008               3
   28.7999992               3
   28.8999996               3
   29.0000000               3
   29.1000004               3
   29.2000008               3
   29.2999992               3
   29.3999996               3
   29.5000000               3
   29.6000004               3
   29.7000008               3
   29.7999992               3
   29.8999996               3
   30.0000000               3
   30.1000004               3
   30.2000008               3
   30.2999992               3
   30.3999996               3
   30.5000000               3
   30.6000004               3
   30.7000008               3
   30.7999992               3
   30.8999996               3
   31.0000000               3
   31.1000004               3
   31.2000008               3
   31.2999992               3
   31.3999996               3
   31.5000000               3
   31.6000004               3
   31.7000008               3
   31.7999992               3
   31.8999996               3
   32.0000000               3
   32.0999985               3
   32.2000008               3
   32.2999992               3
   32.4000015               3
   32.5000000               3
   32.5999985               3
   32.7000008               3
   32.7999992               3
   32.9000015               3
   33.0000000               3
   33.0999985               3
   33.2000008               3
   33.2999992               3
   33.4000015               3
   33.5000000               3
   33.5999985               3
   33.7000008               3
   33.7999992               3
   33.9000015               3
   34.0000000               3
   34.0999985               3
   34.2000008               3
   34.2999992               3
   34.4000015               3
   34.5000000               3
   34.5999985               3
   34.7000008               3
   34.7999992               3
   34.9000015               3
   35.0000000               3
   35.0999985               3
   35.2000008               3
   35.2999992               3
   35.4000015               3
   35.5000000               3
   35.5999985               3
   35.7000008               3
   35.7999992               3
   35.9000015               3
   36.0000000               3
   36.0999985               3
   36.2000008               3
   36.2999992               3
   36.4000015               3
   36.5000000               3
   36.5999985               3
   36.7000008               3
   36.7999992               3
   36.9000015               3
   37.0000000               3
   37.0999985               3
   37.2000008               3
   37.2999992               3
   37.4000015               3
   37.5000000               3
   37.5999985               3
   37.7000008               3
   37.7999992               3
   37.9000015               3
   38.0000000               3
   38.0999985               3
   38.2000008               3
   38.2999992               3
   38.4000015               3
   38.5000000               3
   38.5999985               3
   38.7000008               3
   38.7999992               3
   38.9000015               3
   39.0000000               3
   39.0999985               3
   39.2000008               3
   39.2999992               3
   39.4000015               3
   39.5000000               3
   39.5999985               3
   39.7000008               3
   39.7999992               3
   39.9000015               3
   40.0000000               3
   40.0999985               3
   40.2000008               3
   40.2999992               3
   40.4000015               3
   40.5000000               3
   40.5999985               3
   40.7000008               3
   40.7999992               3
   40.9000015               3
   41.0000000               3
   41.0999985               3
   41.2000008               3
   41.2999992               3
   41.4000015               3
   41.5000000               3
   41.5999985               3
   41.7000008               3
   41.7999992               3
   41.9000015               3
   42.0000000               3
   42.0999985               3
   42.2000008               3
   42.2999992               3
   42.4000015               3
   42.5000000               3
   42.5999985               3
   42.7000008               3
   42.7999992               3
   42.9000015               3
   43.0000000               3
   43.0999985               3
   43.2000008               3
   43.2999992               3
   43.4000015               3
   43.5000000               3
   43.5999985               3
   43.7000008               3
   43.7999992               3
   43.9000015               3
   44.0000000               3
   44.0999985               3
   44.2000008               3
   44.2999992               3
   44.4000015               3
   44.5000000               3
   44.5999985               3
   44.7000008               3
   44.7999992               3
   44.9000015               3
   45.0000000               3
   45.0999985               3
   45.2000008               3
   45.2999992               3
   45.4000015               3
   45.5000000               3
   45.5999985               3
   45.7000008               3
   45.7999992               3
   45.9000015               3
   46.0000000               3
   46.0999985               3
   46.2000008               3
   46.2999992               3
   46.4000015               3
   46.5000000               3
   46.5999985               3
   46.7000008               3
   46.7999992               3
   46.9000015               3
   47.0000000               3
   47.0999985               3
   47.2000008               3
   47.2999992               3
   47.4000015               3
   47.5000000               3
   47.5999985               3
   47.7000008               3
   47.7999992               3
   47.9000015               3
   48.0000000               3
   48.0999985               3
   48.2000008               3
   48.2999992               3
   48.4000015               3
   48.5000000               3
   48.5999985               3
   48.7000008               3
   48.7999992               3
   48.9000015               3
   49.0000000               3
   49.0999985               3
   49.2000008               3
   49.2999992               3
   49.4000015               3
   49.5000000               3
   49.5999985               3
   49.7000008               3
   49.7999992               3
   49.9000015               3
   50.0000000               3
   50.0999985               3
   50.2000008               3
   50.2999992               3
   50.4000015               3
   50.5000000               3
   50.5999985               3
   50.7000008               3
   50.7999992               3
   50.9000015               3
   51.0000000               3
   51.0999985               3
   51.2000008               3
   51.2999992               3
   51.4000015               3
   51.5000000               3
   51.5999985               3
   51.7000008               3
   51.7999992               3
   51.9000015               3
   52.0000000               3
   52.0999985               3
   52.2000008               3
   52.2999992               3
   52.4000015               3
   52.5000000               3
   52.5999985               3
   52.7000008               3
   52.7999992               3
   52.9000015               3
   53.0000000               3
   53.0999985               3
   53.2000008               3
   53.2999992               3
   53.4000015               3
   53.5000000               3
   53.5999985               3
   53.7000008               3
   53.7999992               3
   53.9000015               3
   54.0000000               3
   54.0999985               3
   54.2000008               3
   54.2999992               3
   54.4000015               3
   54.5000000               3
   54.5999985               3
   54.7000008               3
   54.7999992               3
   54.9000015               3
   55.0000000               3
   55.0999985               3
   55.2000008               3
   55.2999992               3
   55.4000015               3
   55.5000000               3
   55.5999985               4
   55.7000008               4
   55.7999992               4
   55.9000015               4
   56.0000000               4
   56.0999985               4
   56.2000008               4
   56.2999992               4
   56.4000015               4
   56.5000000               4
   56.5999985               4
   56.7000008               4
   56.7999992               4
   56.9000015               4
   57.0000000               4
   57.0999985               4
   57.2000008               4
   57.2999992               4
   57.4000015               4
   57.5000000               4
   57.5999985               4
   57.7000008               4
   57.7999992               4
   57.9000015               4
   58.0000000               4
   58.0999985               4
   58.2000008               4
   58.2999992               4
   58.4000015               4
   58.5000000               4
   58.5999985               4
   58.7000008               4
   58.7999992               4
   58.9000015               4
   59.0000000               4
   59.0999985               4
   59.2000008               4
   59.2999992               4
   59.4000015               4
   59.5000000               4
   59.5999985               4
   59.7000008               4
   59.7999992               4
   59.9000015               4
   60.0000000               4
   60.0999985               4
   60.2000008               4
   60.2999992               4
   60.4000015               4
   60.5000000               4
   60.5999985               4
   60.7000008               4
   60.7999992               4
   60.9000015               4
   61.0000000               4
   61.0999985               4
   61.2000008               4
   61.2999992               4
   61.4000015               4
   61.5000000               4
   61.5999985               4
   61.7000008               4
   61.7999992               4
   61.9000015               4
   62.0000000               4
   62.0999985               4
   62.2000008               4
   62.2999992               4
   62.4000015               4
   62.5000000               4
   62.5999985               4
   62.7000008               4
   62.7999992               4
   62.9000015               4
   63.0000000               4
   63.0999985               4
   63.2000008               4
   63.2999992               4
   63.4000015               4
   63.5000000               4
   63.5999985               4
   63.7000008               4
   63.7999992               4
   63.9000015               4
   64.0000000               4
   64.0999985               4
   64.1999969               4
   64.3000031               4
   64.4000015               4
   64.5000000               4
   64.5999985               4
   64.6999969               4
   64.8000031               4
   64.9000015               4
   65.0000000               4
   65.0999985               4
   65.1999969               4
   65.3000031               4
   65.4000015               4
   65.5000000               4
   65.5999985               4
   65.6999969               4
   65.8000031               4
   65.9000015               4
   66.0000000               4
   66.0999985               4
   66.1999969               4
   66.3000031               4
   66.4000015               4
   66.5000000               4
   66.5999985               4
   66.6999969               4
   66.8000031               4
   66.9000015               4
   67.0000000               4
   67.0999985               4
   67.1999969               4
   67.3000031               4
   67.4000015               4
   67.5000000               4
   67.5999985               4
   67.6999969               4
   67.8000031               4
   67.9000015               4
   68.0000000               4
   68.0999985               4
   68.1999969               4
   68.3000031               4
   68.4000015               4
   68.5000000               4
   68.5999985               4
   68.6999969               4
   68.8000031               4
   68.9000015               4
   69.0000000               4
   69.0999985               4
   69.1999969               4
   69.3000031               4
   69.4000015               4
   69.5000000               4
   69.5999985               4
   69.6999969               4
   69.8000031               4
   69.9000015               4
   70.0000000               4
   70.0999985               4
   70.1999969               4
   70.3000031               4
   70.4000015               4
   70.5000000               4
   70.5999985               4
   70.6999969               4
   70.8000031               4
   70.9000015               4
   71.0000000               4
   71.0999985               4
   71.1999969               4
   71.3000031               4
   71.4000015               4
   71.5000000               4
   71.5999985               4
   71.6999969               4
   71.8000031               4
   71.9000015               4
   72.0000000               4
   72.0999985               4
   72.1999969               4
   72.3000031               4
   72.4000015               4
   72.5000000               4
   72.5999985               4
   72.6999969               4
   72.8000031               4
   72.9000015               4
   73.0000000               4
   73.0999985               4
   73.1999969               4
   73.3000031               4
   73.4000015               4
   73.5000000               4
   73.5999985               4
   73.6999969               4
   73.8000031               4
   73.9000015               4
   74.0000000               4
   74.0999985               4
   74.1999969               4
   74.3000031               4
   74.4000015               4
   74.5000000               4
   74.5999985               4
   74.6999969               4
   74.8000031               4
   74.9000015               4
   75.0000000               4
   75.0999985               4
   75.1999969               4
   75.3000031               4
   75.4000015               4
   75.5000000               4
   75.5999985               4
   75.6999969               4
   75.8000031               4
   75.9000015               4
   76.0000000               4
   76.0999985               4
   76.1999969               4
   76.3000031               4
   76.4000015               4
   76.5000000               4
   76.5999985               4
   76.6999969               4
   76.8000031               4
   76.9000015               4
   77.0000000               4
   77.0999985               4
   77.1999969               4
   77.3000031               4
   77.4000015               4
   77.5000000               4
   77.5999985               4
   77.6999969               4
   77.8000031               4
   77.9000015               4
   78.0000000               4
   78.0999985               4
   78.1999969               4
   78.3000031               4
   78.4000015               4
   78.5000000               4
   78.5999985               4
   78.6999969               4
   78.8000031               4
   78.9000015               4
   79.0000000               4
   79.0999985               4
   79.1999969               4
   79.3000031               4
   79.4000015               4
   79.5000000               4
   79.5999985               4
   79.6999969               4
   79.8000031               4
   79.9000015               4
   80.0000000               4
   80.0999985               4
   80.1999969               4
   80.3000031               4
   80.4000015               4
   80.5000000               4
   80.5999985               4
   80.6999969               4
   80.8000031               4
   80.9000015               4
   81.0000000               4
   81.0999985               4
   81.1999969               4
   81.3000031               4
   81.4000015               4
   81.5000000               4
   81.5999985               4
   81.6999969               4
   81.8000031               4
   81.9000015               4
   82.0000000               4
   82.0999985               4
   82.1999969               4
   82.3000031               4
   82.4000015               4
   82.5000000               4
   82.5999985               4
   82.6999969               4
   82.8000031               4
   82.9000015               4
   83.0000000               4
   83.0999985               4
   83.1999969               4
   83.3000031               4
   83.4000015               4
   83.5000000               4
   83.5999985               4
   83.6999969               4
   83.8000031               4
   83.9000015               4
   84.0000000               4
   84.0999985               4
   84.1999969               4
   84.3000031               4
   84.4000015               4
   84.5000000               4
   84.5999985               5
   84.6999969               5
   84.8000031               5
   84.9000015               5
   85.0000000               5
   85.0999985               5
   85.1999969               5
   85.3000031               5
   85.4000015               5
   85.5000000               5
   85.5999985               5
   85.6999969               5
   85.8000031               5
   85.9000015               5
   86.0000000               5
   86.0999985               5
   86.1999969               5
   86.3000031               5
   86.4000015               5
   86.5000000               5
   86.5999985               5
   86.6999969               5
   86.8000031               5
   86.9000015               5
   87.0000000               5
   87.0999985               5
   87.1999969               5
   87.3000031               5
   87.4000015               5
   87.5000000               5
   87.5999985               5
   87.6999969               5
   87.8000031               5
   87.9000015               5
   88.0000000               5
   88.0999985               5
   88.1999969               5
   88.3000031               5
   88.4000015               5
   88.5000000               5
   88.5999985               5
   88.6999969               5
   88.8000031               5
   88.9000015               5
   89.0000000               5
   89.0999985               5
   89.1999969               5
   89.3000031               5
   89.4000015               5
   89.5000000               5
   89.5999985               5
   89.6999969               5
   89.8000031               5
   89.9000015               5
   90.0000000               5
   90.0999985               5
   90.1999969               5
   90.3000031               5
   90.4000015               5
   90.5000000               5
   90.5999985               5
   90.6999969               5
   90.8000031               5
   90.9000015               5
   91.0000000               5
   91.0999985               5
   91.1999969               5
   91.3000031               5
   91.4000015               5
   91.5000000               5
   91.5999985               5
   91.6999969               5
   91.8000031               5
   91.9000015               5
   92.0000000               5
   92.0999985               5
   92.1999969               5
   92.3000031               5
   92.4000015               5
   92.5000000               5
   92.5999985               5
   92.6999969               5
   92.8000031               5
   92.9000015               5
   93.0000000               5
   93.0999985               5
   93.1999969               5
   93.3000031               5
   93.4000015               5
   93.5000000               5
   93.5999985               5
   93.6999969               5
   93.8000031               5
   93.9000015               5
   94.0000000               5
   94.0999985               5
   94.1999969               5
   94.3000031               5
   94.4000015               5
   94.5000000               5
   94.5999985               5
   94.6999969               5
   94.8000031               5
   94.9000015               5
   95.0000000               5
   95.0999985               5
   95.1999969               5
   95.3000031               5
   95.4000015               5
   95.5000000               5
   95.5999985               5
   95.6999969               5
   95.8000031               5
   95.9000015               5
   96.0000000               5
   96.0999985               5
   96.1999969               5
   96.3000031               5
   96.4000015               5
   96.5000000               5
   96.5999985               5
   96.6999969               5
   96.8000031               5
   96.9000015               5
   97.0000000               5
   97.0999985               5
   97.1999969               5
   97.3000031               5
   97.4000015               5
   97.5000000               5
   97.5999985               5
   97.6999969               5
   97.8000031               5
   97.9000015               5
   98.0000000               5
   98.0999985               5
   98.1999969               5
   98.3000031               5
   98.4000015               5
   98.5000000               5
   98.5999985               5
   98.6999969               5
   98.8000031               5
   98.9000015               5
   99.0000000               5
   99.0999985               5
   99.1999969               5
   99.3000031               5
   99.4000015               5
   99.5000000               5
   99.5999985               5
   99.6999969               5
   99.8000031               5
   99.9000015               5
   100.000000               5
   100.099998               5
   100.199997               5
   100.300003               5
   100.400002               5
   100.500000               5
   100.599998               5
   100.699997               5
   100.800003               5
   100.900002               5
   101.000000               5
   101.099998               5
   101.199997               5
   101.300003               5
   101.400002               5
   101.500000               5
   101.599998               5
   101.699997               5
   101.800003               5
   101.900002               5
   102.000000               5
   102.099998               5
   102.199997               5
   102.300003               5
   102.400002               5
   102.500000               5
   102.599998               5
   102.699997               5
   102.800003               5
   102.900002               5
   103.000000               5
   103.099998               5
   103.199997               5
   103.300003               5
   103.400002               5
   103.500000               5
   103.599998               5
   103.699997               5
   103.800003               5
   103.900002               5
   104.000000               5
   104.099998               5
   104.199997               5
   104.300003               5
   104.400002               5
   104.500000               5
   104.599998               5
   104.699997               5
   104.800003               5
   104.900002               5
   105.000000               5
   105.099998               5
   105.199997               5
   105.300003               5
   105.400002               5
   105.500000               5
   105.599998               5
   105.699997               5
   105.800003               5
   105.900002               5
   106.000000               5
   106.099998               5
   106.199997               5
   106.300003               5
   106.400002               5
   106.500000               5
   106.599998               5
   106.699997               5
   106.800003               5
   106.900002               5
   107.000000               5
   107.099998               5
   107.199997               5
   107.300003               5
   107.400002               5
   107.500000               5
   107.599998               5
   107.699997               5
   107.800003               5
   107.900002               5
   108.000000               5
   108.099998               5
   108.199997               5
   108.300003               5
   108.400002               5
   108.500000               5
   108.599998               5
   108.699997               5
   108.800003               5
   108.900002               5
   109.000000               5
   109.099998               5
   109.199997               5
   109.300003               5
   109.400002               5
   109.500000               5
   109.599998               5
   109.699997               5
   109.800003               5
   109.900002               5
   110.000000               5
   110.099998               5
   110.199997               5
   110.300003               5
   110.400002               5
   110.500000               5
   110.599998               5
   110.699997               5
   110.800003               5
   110.900002               5
   111.000000               5
   111.099998               5
   111.199997               6
   111.300003               6
   111.400002               6
   111.500000               6
   111.599998               6
   111.699997               6
   111.800003               6
   111.900002               6
   112.000000               6
   112.099998               6
   112.199997               6
   112.300003               6
   112.400002               6
   112.500000               6
   112.599998               6
   112.699997               6
   112.800003               6
   112.900002               6
   113.000000               6
   113.099998               6
   113.199997               6
   113.300003               6
   113.400002               6
   113.500000               6
   113.599998               6
   113.699997               6
   113.800003               6
   113.900002               6
   114.000000               6
   114.099998               6
   114.199997               6
   114.300003               6
   114.400002               6
   114.500000               6
   114.599998               6
   114.699997               6
   114.800003               6
   114.900002               6
   115.000000               6
   115.099998               6
   115.199997               6
   115.300003               6
   115.400002               6
   115.500000               6
   115.599998               6
   115.699997               6
   115.800003               6
   115.900002               6
   116.000000               6
   116.099998               6
   116.199997               6
   116.300003               6
   116.400002               6
   116.500000               6
   116.599998               6
   116.699997               6
   116.800003               6
   116.900002               6
   117.000000               6
   117.099998               6
   117.199997               6
   117.300003               6
   117.400002               6
   117.500000               6
   117.599998               6
   117.699997               6
   117.800003               6
   117.900002               6
   118.000000               6
   118.099998               6
   118.199997               6
   118.300003               6
   118.400002               6
   118.500000               6
   118.599998               6
   118.699997               6
   118.800003               6
   118.900002               6
   119.000000               6
   119.099998               6
   119.199997               6
   119.300003               6
   119.400002               6
   119.500000               6
   119.599998               6
   119.699997               6
   119.800003               6
   119.900002               6
   120.000000               6
   120.099998               6
   120.199997               6
   120.300003               6
   120.400002               6
   120.500000               6
   120.599998               6
   120.699997               6
   120.800003               6
   120.900002               6
   121.000000               6
   121.099998               6
   121.199997               6
   121.300003               6
   121.400002               6
   121.500000               6
   121.599998               6
   121.699997               6
   121.800003               6
   121.900002               6
   122.000000               6
   122.099998               6
   122.199997               6
   122.300003               6
   122.400002               6
   122.500000               6
   122.599998               6
   122.699997               6
   122.800003               6
   122.900002               6
   123.000000               6
   123.099998               6
   123.199997               6
   123.300003               6
   123.400002               6
   123.500000               6
   123.599998               6
   123.699997               6
   123.800003               6
   123.900002               6
   124.000000               6
   124.099998               6
   124.199997               6
   124.300003               6
   124.400002               6
   124.500000               6
   124.599998               6
   124.699997               6
   124.800003               6
   124.900002               6
   125.000000               6
   125.099998               6
   125.199997               6
   125.300003               6
   125.400002               6
   125.500000               6
   125.599998               6
   125.699997               6
   125.800003               6
   125.900002               6
   126.000000               6
   126.099998               6
   126.199997               6
   126.300003               6
   126.400002               6
   126.500000               6
   126.599998               6
   126.699997               6
   126.800003               6
   126.900002               6
   127.000000               6
   127.099998               6
   127.199997               6
   127.300003               6
   127.400002               6
   127.500000               6
   127.599998               6
   127.699997               6
   127.800003               6
   127.900002               6
   128.000000               6
   128.100006               6
   128.199997               6
   128.300003               6
   128.399994               6
   128.500000               6
   128.600006               6
   128.699997               6
   128.800003               6
   128.899994               6
   129.000000               6
   129.100006               6
   129.199997               6
   129.300003               6
   129.399994               6
   129.500000               6
   129.600006               6
   129.699997               6
   129.800003               6
   129.899994               6
   130.000000               6
   130.100006               6
   130.199997               6
   130.300003               6
   130.399994               6
   130.500000               6
   130.600006               6
   130.699997               6
   130.800003               6
   130.899994               6
   131.000000               6
   131.100006               6
   131.199997               6
   131.300003               6
   131.399994               6
   131.500000               6
   131.600006               6
   131.699997               6
   131.800003               6
   131.899994               6
   132.000000               6
   132.100006               6
   132.199997               6
   132.300003               6
   132.399994               6
   132.500000               6
   132.600006               6
   132.699997               6
   132.800003               6
   132.899994               6
   133.000000               6
   133.100006               6
   133.199997               6
   133.300003               6
   133.399994               6
   133.500000               6
   133.600006               6
   133.699997               6
   133.800003               6
   133.899994               6
   134.000000               6
   134.100006               6
   134.199997               6
   134.300003               6
   134.399994               6
   134.500000               6
   134.600006               6
   134.699997               6
   134.800003               6
   134.899994               6
   135.000000               6
   135.100006               6
   135.199997               6
   135.300003               6
   135.399994               6
   135.500000               6
   135.600006               6
   135.699997               6
   135.800003               6
   135.899994               6
   136.000000               6
   136.100006               6
   136.199997               6
   136.300003               6
   136.399994               6
   136.500000               6
   136.600006               6
   136.699997               6
   136.800003               6
   136.899994               6
   137.000000               6
   137.100006               6
   137.199997               6
   137.300003               6
   137.399994               6
   137.500000               6
   137.600006               6
   137.699997               6
   137.800003               6
   137.899994               6
   138.000000               6
   138.100006               6
   138.199997               6
   138.300003               6
   138.399994               6
   138.500000               6
   138.600006               6
   138.699997               6
   138.800003               6
   138.899994               6
   139.000000               6
   139.100006               6
   139.199997               6
   139.300003               6
   139.399994               6
   139.500000               6
   139.600006               6
   139.699997               6
   139.800003               6
   139.899994               6
   140.000000               6
   140.100006               6
   140.199997               6
   140.300003               6
   140.399994               6
   140.500000               6
   140.600006               6
   140.699997               6
   140.800003               6
   140.899994               6
   141.000000               6
   141.100006               6
   141.199997               6
   141.300003               6
   141.399994               6
   141.500000               6
   141.600006               6
   141.699997               6
   141.800003               6
   141.899994               6
   142.000000               6
   142.100006               6
   142.199997               6
   142.300003               6
   142.399994               6
   142.500000               6
   142.600006               6
   142.699997               6
   142.800003               6
   142.899994               6
   143.000000               6
   143.100006               6
   143.199997               6
   143.300003               6
   143.399994               6
   143.500000               6
   143.600006               6
   143.699997               6
   143.800003               6
   143.899994               6
   144.000000               6
   144.100006               6
   144.199997               6
   144.300003               6
   144.399994               6
   144.500000               6
   144.600006               6
   144.699997               6
   144.800003               6
   144.899994               6
   145.000000               6
   145.100006               6
   145.199997               6
   145.300003               6
   145.399994               6
   145.500000               6
   145.600006               6
   145.699997               6
   145.800003               6
   145.899994               6
   146.000000               6
   146.100006               6
   146.199997               6
   146.300003               6
   146.399994               6
   146.500000               6
   146.600006               6
   146.699997               6
   146.800003               6
   146.899994               6
   147.000000               6
   147.100006               6
   147.199997               6
   147.300003               6
   147.399994               6
   147.500000               6
   147.600006               6
   147.699997               6
   147.800003               6
   147.899994               6
   148.000000               6
   148.100006               6
   148.199997               6
   148.300003               6
   148.399994               6
   148.500000               6
   148.600006               6
   148.699997               6
   148.800003               6
   148.899994               6
   149.000000               6
   149.100006               6
   149.199997               6
   149.300003               6
   149.399994               6
   149.500000               6
   149.600006               6
   149.699997               6
   149.800003               6
   149.899994               6
   150.000000               6
   150.100006               6
   150.199997               6
   150.300003               6
   150.399994               6
   150.500000               6
   150.600006               6
   150.699997               6
   150.800003               6
   150.899994               6
   151.000000               6
   151.100006               6
   151.199997               6
   151.300003               6
   151.399994               6
   151.500000               6
   151.600006               6
   151.699997               6
   151.800003               6
   151.899994               6
   152.000000               6
   152.100006               6
   152.199997               6
   152.300003               6
   152.399994               6
   152.500000               6
   152.600006               6
   152.699997               6
   152.800003               6
   152.899994               6
   153.000000               6
   153.100006               6
   153.199997               6
   153.300003               6
   153.399994               6
   153.500000               6
   153.600006               6
   153.699997               6
   153.800003               6
   153.899994               6
   154.000000               6
   154.100006               6
   154.199997               6
   154.300003               6
   154.399994               6
   154.500000               6
   154.600006               6
   154.699997               6
   154.800003               6
   154.899994               6
   155.000000               6
   155.100006               6
   155.199997               6
   155.300003               6
   155.399994               6
   155.500000               6
   155.600006               6
   155.699997               6
   155.800003               6
   155.899994               6
   156.000000               6
   156.100006               6
   156.199997               6
   156.300003               6
   156.399994               6
   156.500000               6
   156.600006               6
   156.699997               6
   156.800003               6
   156.899994               6
   157.000000               6
   157.100006               6
   157.199997               6
   157.300003               6
   157.399994               6
   157.500000               6
   157.600006               6
   157.699997               6
   157.800003               6
   157.899994               6
   158.000000               6
   158.100006               6
   158.199997               6
   158.300003               6
   158.399994               6
   158.500000               6
   158.600006               6
   158.699997               6
   158.800003               6
   158.899994               6
   159.000000               6
   159.100006               6
   159.199997               6
   159.300003               6
   159.399994               6
   159.500000               6
   159.600006               6
   159.699997               6
   159.800003               6
   159.899994               6
   160.000000               6
   160.100006               6
   160.199997               6
   160.300003               6
   160.399994               6
   160.500000               6
   160.600006               6
   160.699997               6
   160.800003               6
   160.899994               6
   161.000000               6
   161.100006               6
   161.199997               6
   161.300003               6
   161.399994               6
   161.500000               6
   161.600006               6
   161.699997               6
   161.800003               6
   161.899994               6
   162.000000               6
   162.100006               6
   162.199997               6
   162.300003               6
   162.399994               6
   162.500000               6
   162.600006               6
   162.699997               6
   162.800003               6
   162.899994               6
   163.000000               6
   163.100006               6
   163.199997               6
   163.300003               6
   163.399994               6
   163.500000               6
   163.600006               6
   163.699997               6
   163.800003               6
   163.899994               6
   164.000000               6
   164.100006               6
   164.199997               6
   164.300003               6
   164.399994               6
   164.500000               6
   164.600006               6
   164.699997               6
   164.800003               6
   164.899994               6
   165.000000               6
   165.100006               6
   165.199997               6
   165.300003               6
   165.399994               6
   165.500000               6
   165.600006               6
   165.699997               6
   165.800003               6
   165.899994               6
   166.000000               6
   166.100006               6
   166.199997               6
   166.300003               6
   166.399994               6
   166.500000               6
   166.600006               6
   166.699997               6
   166.800003               6
   166.899994               6
   167.000000               6
   167.100006               6
   167.199997               6
   167.300003               6
   167.399994               6
   167.500000               6
   167.600006               6
   167.699997               6
   167.800003               6
   167.899994               6
   168.000000               6
   168.100006               6
   168.199997               6
   168.300003               6
   168.399994               6
   168.500000               6
   168.600006               6
   168.699997               6
   168.800003               6
   168.899994               6
   169.000000               6
   169.100006               6
   169.199997               6
   169.300003               6
   169.399994               6
   169.500000               6
   169.600006               6
   169.699997               6
   169.800003               6
   169.899994               6
   170.000000               6
   170.100006               6
   170.199997               6
   170.300003               6
   170.399994               6
   170.500000               6
   170.600006               6
   170.699997               6
   170.800003               6
   170.899994               6
   171.000000               6
   171.100006               6
   171.199997               6
   171.300003               6
   171.399994               6
   171.500000               6
   171.600006               6
   171.699997               6
   171.800003               6
   171.899994               6
   172.000000               6
   172.100006               6
   172.199997               6
   172.300003               6
   172.399994               6
   172.500000               6
   172.600006               6
   172.699997               6
   172.800003               6
   172.899994               6
   173.000000               6
   173.100006               6
   173.199997               6
   173.300003               6
   173.399994               6
   173.500000               6
   173.600006               6
   173.699997               6
   173.800003               6
   173.899994               6
   174.000000               6
   174.100006               6
   174.199997               6
   174.300003               6
   174.399994               6
   174.500000               6
   174.600006               6
   174.699997               6
   174.800003               6
   174.899994               6
   175.000000               6
   175.100006               6
   175.199997               6
   175.300003               6
   175.399994               6
   175.500000               6
   175.600006               6
   175.699997               6
   175.800003               6
   175.899994               6
   176.000000               6
   176.100006               6
   176.199997               6
   176.300003               6
   176.399994               6
   176.500000               6
   176.600006               6
   176.699997               6
   176.800003               6
   176.899994               6
   177.000000               6
   177.100006               6
   177.199997               6
   177.300003               6
   177.399994               6
   177.500000               6
   177.600006               6
   177.699997               6
   177.800003               6
   177.899994               6
   178.000000               6
   178.100006               6
   178.199997               6
   178.300003               6
   178.399994               6
   178.500000               6
   178.600006               6
   178.699997               6
   178.800003               6
   178.899994               6
   179.000000               6
   179.100006               6
   179.199997               6
   179.300003               6
   179.399994               6
   179.500000               6
   179.600006               6
   179.699997               6
   179.800003               6
   179.899994               6
   180.000000               6
   180.100006               6
   180.199997               6
   180.300003               6
   180.399994               6
   180.500000               6
   180.600006               6
   180.699997               6
   180.800003               6
   180.899994               6
   181.000000               6
   181.100006               6
   181.199997               6
   181.300003               6
   181.399994               6
   181.500000               6
   181.600006               6
   181.699997               6
   181.800003               6
   181.899994               6
   182.000000               6
   182.100006               6
   182.199997               6
   182.300003               6
   182.399994               6
   182.500000               6
   182.600006               6
   182.699997               6
   182.800003               6
   182.899994               6
   183.000000               6
   183.100006               6
   183.199997               6
   183.300003               6
   183.399994               6
   183.500000               6
   183.600006               6
   183.699997               6
   183.800003               6
   183.899994               6
   184.000000               6
   184.100006               6
   184.199997               6
   184.300003               6
   184.399994               6
   184.500000               6
   184.600006               6
   184.699997               6
   184.800003               6
   184.899994               6
   185.000000               6
   185.100006               6
   185.199997               6
   185.300003               6
   185.399994               6
   185.500000               6
   185.600006               6
   185.699997               6
   185.800003               6
   185.899994               6
   186.000000               6
   186.100006               6
   186.199997               6
   186.300003               6
   186.399994               6
   186.500000               6
   186.600006               6
   186.699997               6
   186.800003               6
   186.899994               6
   187.000000               6
   187.100006               6
   187.199997               6
   187.300003               6
   187.399994               6
   187.500000               6
   187.600006               6
   187.699997               6
   187.800003               6
   187.899994               6
   188.000000               6
   188.100006               6
   188.199997               6
   188.300003               6
   188.399994               6
   188.500000               6
   188.600006               6
   188.699997               6
   188.800003               6
   188.899994               6
   189.000000               6
   189.100006               6
   189.199997               6
   189.300003               6
   189.399994               6
   189.500000               6
   189.600006               6
   189.699997               6
   189.800003               6
   189.899994               6
   190.000000               6
   190.100006               6
   190.199997               6
   190.300003               6
   190.399994               6
   190.500000               6
   190.600006               6
   190.699997               6
   190.800003               6
   190.899994               6
   191.000000               6
   191.100006               6
   191.199997               6
   191.300003               6
   191.399994               6
   191.500000               6
   191.600006               6
   191.699997               6
   191.800003               6
   191.899994               6
   192.000000               6
   192.100006               6
   192.199997               6
   192.300003               6
   192.399994               6
   192.500000               6
   192.600006               6
   192.699997               6
   192.800003               6
   192.899994               6
   193.000000               6
   193.100006               6
   193.199997               6
   193.300003               6
   193.399994               6
   193.500000               6
   193.600006               6
   193.699997               6
   193.800003               6
   193.899994               6
   194.000000               6
   194.100006               6
   194.199997               6
   194.300003               6
   194.399994               6
   194.500000               6
   194.600006               6
   194.699997               6
   194.800003               6
   194.899994               6
   195.000000               6
   195.100006               6
   195.199997               6
   195.300003               6
   195.399994               6
   195.500000               6
   195.600006               6
   195.699997               6
   195.800003               6
   195.899994               6
   196.000000               6
   196.100006               6
   196.199997               6
   196.300003               6
   196.399994               6
   196.500000               6
   196.600006               6
   196.699997               6
   196.800003               6
   196.899994               6
   197.000000               6
   197.100006               6
   197.199997               6
   197.300003               6
   197.399994               6
   197.500000               6
   197.600006               6
   197.699997               6
   197.800003               6
   197.899994               6
   198.000000               6
   198.100006               6
   198.199997               6
   198.300003               6
   198.399994               6
   198.500000               6
   198.600006               6
   198.699997               6
   198.800003               6
   198.899994               6
   199.000000               6
   199.100006               6
   199.199997               6
   199.300003               6
   199.399994               6
   199.500000               6
   199.600006               6
   199.699997               6
   199.800003               6
   199.899994               6
   200.000000               6
   200.100006               6
   200.199997               6
   200.300003               6
   200.399994               6
   200.500000               6
   200.600006               6
   200.699997               6
   200.800003               6
   200.899994               6
   201.000000               6
   201.100006               6
   201.199997               6
   201.300003               6
   201.399994               6
   201.500000               6
   201.600006               6
   201.699997               6
   201.800003               6
   201.899994               6
   202.000000               6
   202.100006               6
   202.199997               6
   202.300003               6
   202.399994               6
   202.500000               6
   202.600006               6
   202.699997               6
   202.800003               6
   202.899994               6
   203.000000               6
   203.100006               6
   203.199997               6
   203.300003               6
   203.399994               6
   203.500000               6
   203.600006               6
   203.699997               6
   203.800003               6
   203.899994               6
   204.000000               6
   204.100006               6
   204.199997               6
   204.300003               6
   204.399994               6
   204.500000               6
   204.600006               6
   204.699997               6
   204.800003               6
   204.899994               6
   205.000000               6
   205.100006               6
   205.199997               6
   205.300003               6
   205.399994               6
   205.500000               6
   205.600006               6
   205.699997               6
   205.800003               6
   205.899994               6
   206.000000               6
   206.100006               6
   206.199997               6
   206.300003               6
   206.399994               6
   206.500000               6
   206.600006               6
   206.699997               6
   206.800003               6
   206.899994               6
   207.000000               6
   207.100006               6
   207.199997               6
   207.300003               6
   207.399994               6
   207.500000               6
   207.600006               6
   207.699997               6
   207.800003               6
   207.899994               6
   208.000000               6
   208.100006               6
   208.199997               6
   208.300003               6
   208.399994               6
   208.500000               6
   208.600006               6
   208.699997               6
   208.800003               6
   208.899994               6
   209.000000               6
   209.100006               6
   209.199997               6
   209.300003               6
   209.399994               6
   209.500000               6
   209.600006               6
   209.699997               6
   209.800003               6
   209.899994               6
   210.000000               6
   210.100006               6
   210.199997               6
   210.300003               6
   210.399994               6
   210.500000               6
   210.600006               6
   210.699997               6
   210.800003               6
   210.899994               6
   211.000000               6
   211.100006               6
   211.199997               6
   211.300003               6
   211.399994               6
   211.500000               6
   211.600006               6
   211.699997               6
   211.800003               6
   211.899994               6
   212.000000               6
   212.100006               6
   212.199997               6
   212.300003               6
   212.399994               6
   212.500000               6
   212.600006               6
   212.699997               6
   212.800003               6
   212.899994               6
   213.000000               6
   213.100006               6
   213.199997               6
   213.300003               6
   213.399994               6
   213.500000               6
   213.600006               6
   213.699997               6
   213.800003               6
   213.899994               6
   214.000000               6
   214.100006               6
   214.199997               6
   214.300003               6
   214.399994               6
   214.500000               6
   214.600006               6
   214.699997               6
   214.800003               6
   214.899994               6
   215.000000               6
   215.100006               6
   215.199997               6
   215.300003               6
   215.399994               6
   215.500000               6
   215.600006               6
   215.699997               6
   215.800003               6
   215.899994               6
   216.000000               6
   216.100006               6
   216.199997               6
   216.300003               6
   216.399994               6
   216.500000               6
   216.600006               6
   216.699997               6
   216.800003               6
   216.899994               6
   217.000000               6
   217.100006               6
   217.199997               6
   217.300003               6
   217.399994               6
   217.500000               6
   217.600006               6
   217.699997               6
   217.800003               6
   217.899994               6
   218.000000               6
   218.100006               6
   218.199997               6
   218.300003               6
   218.399994               6
   218.500000               6
   218.600006               6
   218.699997               6
   218.800003               6
   218.899994               6
   219.000000               6
   219.100006               6
   219.199997               6
   219.300003               6
   219.399994               6
   219.500000               6
   219.600006               7
   219.699997               7
   219.800003               7
   219.899994               7
   220.000000               7
   220.100006               7
   220.199997               7
   220.300003               7
   220.399994               7
   220.500000               7
   220.600006               7
   220.699997               7
   220.800003               7
   220.899994               7
   221.000000               7
   221.100006               7
   221.199997               7
   221.300003               7
   221.399994               7
   221.500000               7
   221.600006               7
   221.699997               7
   221.800003               7
   221.899994               7
   222.000000               7
   222.100006               7
   222.199997               7
   222.300003               7
   222.399994               7
   222.500000               7
   222.600006               7
   222.699997               7
   222.800003               7
   222.899994               7
   223.000000               7
   223.100006               7
   223.199997               7
   223.300003               7
   223.399994               7
   223.500000               7
   223.600006               7
   223.699997               7
   223.800003               7
   223.899994               7
   224.000000               7
   224.100006               7
   224.199997               7
   224.300003               7
   224.399994               7
   224.500000               7
   224.600006               7
   224.699997               7
   224.800003               7
   224.899994               7
   225.000000               7
   225.100006               7
   225.199997               7
   225.300003               7
   225.399994               7
   225.500000               7
   225.600006               7
   225.699997               7
   225.800003               7
   225.899994               7
   226.000000               7
   226.100006               7
   226.199997               7
   226.300003               7
   226.399994               7
   226.500000               7
   226.600006               7
   226.699997               7
   226.800003               7
   226.899994               7
   227.000000               7
   227.100006               7
   227.199997               7
   227.300003               7
   227.399994               7
   227.500000               7
   227.600006               7
   227.699997               7
   227.800003               7
   227.899994               7
   228.000000               7
   228.100006               7
   228.199997               7
   228.300003               7
   228.399994               7
   228.500000               7
   228.600006               7
   228.699997               7
   228.800003               7
   228.899994               7
   229.000000               7
   229.100006               7
   229.199997               7
   229.300003               7
   229.399994               7
   229.500000               7
   229.600006               7
   229.699997               7
   229.800003               7
   229.899994               7
   230.000000               7
   230.100006               7
   230.199997               7
   230.300003               7
   230.399994               7
   230.500000               7
   230.600006               7
   230.699997               7
   230.800003               7
   230.899994               7
   231.000000               7
   231.100006               7
   231.199997               7
   231.300003               7
   231.399994               7
   231.500000               7
   231.600006               7
   231.699997               8
   231.800003               8
   231.899994               8
   232.000000               8
   232.100006               8
   232.199997               8
   232.300003               8
   232.399994               8
   232.500000               8
   232.600006               8
   232.699997               8
   232.800003               8
   232.899994               8
   233.000000               8
   233.100006               8
   233.199997               8
   233.300003               8
   233.399994               8
   233.500000               8
   233.600006               8
   233.699997               8
   233.800003               8
   233.899994               8
   234.000000               8
   234.100006               8
   234.199997               8
   234.300003               8
   234.399994               8
   234.500000               8
   234.600006               8
   234.699997               8
   234.800003               8
   234.899994               8
   235.000000               8
   235.100006               8
   235.199997               8
   235.300003               8
   235.399994               8
   235.500000               8
   235.600006               8
   235.699997               8
   235.800003               8
   235.899994               8
   236.000000               8
   236.100006               8
   236.199997               8
   236.300003               8
   236.399994               8
   236.500000               8
   236.600006               8
   236.699997               8
   236.800003               8
   236.899994               8
   237.000000               8
   237.100006               8
   237.199997               8
   237.300003               8
   237.399994               8
   237.500000               8
   237.600006               8
   237.699997               8
   237.800003               8
   237.899994               8
   238.000000               8
   238.100006               8
   238.199997               8
   238.300003               8
   238.399994               8
   238.500000               8
   238.600006               8
   238.699997               8
   238.800003               8
   238.899994               8
   239.000000               8
   239.100006               8
   239.199997               8
   239.300003               8
   239.399994               8
   239.500000               8
   239.600006               8
   239.699997               8
   239.800003               8
   239.899994               8
   240.000000               8
   240.100006               8
   240.199997               8
   240.300003               8
   240.399994               8
   240.500000               8
   240.600006               8
   240.699997               8
   240.800003               8
   240.899994               8
   241.000000               8
   241.100006               8
   241.199997               8
   241.300003               8
   241.399994               8
   241.500000               8
   241.600006               8
   241.699997               8
   241.800003               8
   241.899994               8
   242.000000               8
   242.100006               8
   242.199997               8
   242.300003               8
   242.399994               8
   242.500000               8
   242.600006               8
   242.699997               8
   242.800003               8
   242.899994               8
   243.000000               8
   243.100006               8
   243.199997               8
   243.300003               8
   243.399994               8
   243.500000               8
   243.600006               8
   243.699997               8
   243.800003               8
   243.899994               8
   244.000000               8
   244.100006               8
   244.199997               8
   244.300003               8
   244.399994               8
   244.500000               8
   244.600006               8
   244.699997               8
   244.800003               8
   244.899994               8
   245.000000               8
   245.100006               8
   245.199997               8
   245.300003               8
   245.399994               8
   245.500000               8
   245.600006               8
   245.699997               8
   245.800003               8
   245.899994               8
   246.000000               8
   246.100006               8
   246.199997               8
   246.300003               8
   246.399994               8
   246.500000               8
   246.600006               8
   246.699997               8
   246.800003               8
   246.899994               8
   247.000000               8
   247.100006               8
   247.199997               8
   247.300003               8
   247.399994               8
   247.500000               8
   247.600006               8
   247.699997               8
   247.800003               8
   247.899994               8
   248.000000               8
   248.100006               8
   248.199997               8
   248.300003               8
   248.399994               8
   248.500000               8
   248.600006               8
   248.699997               8
   248.800003               8
   248.899994               8
   249.000000               8
   249.100006               8
   249.199997               8
   249.300003               8
   249.399994               8
   249.500000               8
   249.600006               8
   249.699997               8
   249.800003               8
   249.899994               8
   250.000000               8
   250.100006               8
   250.199997               8
   250.300003               8
   250.399994               8
   250.500000               8
   250.600006               8
   250.699997               8
   250.800003               8
   250.899994               8
   251.000000               8
   251.100006               8
   251.199997               8
   251.300003               8
   251.399994               8
   251.500000               8
   251.600006               8
   251.699997               8
   251.800003               8
   251.899994               8
   252.000000               8
   252.100006               8
   252.199997               8
   252.300003               8
   252.399994               8
   252.500000               8
   252.600006               8
   252.699997               8
   252.800003               8
   252.899994               8
   253.000000               8
   253.100006               8
   253.199997               8
   253.300003               8
   253.399994               8
   253.500000               8
   253.600006               8
   253.699997               8
   253.800003               8
   253.899994               8
   254.000000               8
   254.100006               8
   254.199997               8
   254.300003               8
   254.399994               8
   254.500000               8
   254.600006               8
   254.699997               8
   254.800003               8
   254.899994               8
   255.000000               8
   255.100006               8
   255.199997               8
   255.300003               8
   255.399994               8
   255.500000               8
   255.600006               8
   255.699997               8
   255.800003               8
   255.899994               8
   256.000000               8
   256.100006               8
   256.200012               8
   256.299988               8
   256.399994               8
   256.500000               8
   256.600006               8
   256.700012               8
   256.799988               8
   256.899994               8
   257.000000               8
   257.100006               8
   257.200012               8
   257.299988               8
   257.399994               8
   257.500000               8
   257.600006               8
   257.700012               8
   257.799988               8
   257.899994               8
   258.000000               8
   258.100006               8
   258.200012               8
   258.299988               8
   258.399994               8
   258.500000               8
   258.600006               8
   258.700012               8
   258.799988               8
   258.899994               8
   259.000000               8
   259.100006               8
   259.200012               8
   259.299988               8
   259.399994               8
   259.500000               8
   259.600006               8
   259.700012               8
   259.799988               8
   259.899994               8
   260.000000               8
   260.100006               8
   260.200012               8
   260.299988               8
   260.399994               8
   260.500000               8
   260.600006               8
   260.700012               8
   260.799988               8
   260.899994               8
   261.000000               8
   261.100006               8
   261.200012               8
   261.299988               8
   261.399994               8
   261.500000               8
   261.600006               8
   261.700012               8
   261.799988               8
   261.899994               8
   262.000000               8
   262.100006               8
   262.200012               8
   262.299988               8
   262.399994               8
   262.500000               8
   262.600006               8
   262.700012               8
   262.799988               8
   262.899994               8
   263.000000               8
   263.100006               8
   263.200012               8
   263.299988               8
   263.399994               8
   263.500000               8
   263.600006               8
   263.700012               8
   263.799988               8
   263.899994               8
   264.000000               8
   264.100006               8
   264.200012               8
   264.299988               8
   264.399994               8
   264.500000               8
   264.600006               8
   264.700012               8
   264.799988               8
   264.899994               8
   265.000000               8
   265.100006               8
   265.200012               8
   265.299988               8
   265.399994               8
   265.500000               8
   265.600006               8
   265.700012               8
   265.799988               8
   265.899994               8
   266.000000               8
   266.100006               8
   266.200012               8
   266.299988               8
   266.399994               8
   266.500000               8
   266.600006               8
   266.700012               8
   266.799988               8
   266.899994               8
   267.000000               8
   267.100006               8
   267.200012               8
   267.299988               8
   267.399994               8
   267.500000               8
   267.600006               8
   267.700012               8
   267.799988               8
   267.899994               8
   268.000000               8
   268.100006               8
   268.200012               8
   268.299988               8
   268.399994               8
   268.500000               8
   268.600006               8
   268.700012               8
   268.799988               8
   268.899994               8
   269.000000               8
   269.100006               8
   269.200012               8
   269.299988               8
   269.399994               8
   269.500000               8
   269.600006               8
   269.700012               8
   269.799988               8
   269.899994               8
   270.000000               8
   270.100006               8
   270.200012               8
   270.299988               8
   270.399994               8
   270.500000               8
   270.600006               8
   270.700012               8
   270.799988               8
   270.899994               8
   271.000000               8
   271.100006               8
   271.200012               8
   271.299988               8
   271.399994               8
   271.500000               8
   271.600006               8
   271.700012               8
   271.799988               8
   271.899994               8
   272.000000               8
   272.100006               8
   272.200012               8
   272.299988               8
   272.399994               8
   272.500000               8
   272.600006               8
   272.700012               8
   272.799988               8
   272.899994               8
   273.000000               8
   273.100006               8
   273.200012               8
   273.299988               8
   273.399994               8
   273.500000               8
   273.600006               8
   273.700012               8
   273.799988               8
   273.899994               8
   274.000000               8
   274.100006               8
   274.200012               8
   274.299988               8
   274.399994               8
   274.500000               8
   274.600006               8
   274.700012               8
   274.799988               8
   274.899994               8
   275.000000               8
   275.100006               8
   275.200012               8
   275.299988               8
   275.399994               8
   275.500000               8
   275.600006               8
   275.700012               8
   275.799988               8
   275.899994               8
   276.000000               8
   276.100006               8
   276.200012               8
   276.299988               8
   276.399994               8
   276.500000               8
   276.600006               8
   276.700012               8
   276.799988               8
   276.899994               8
   277.000000               8
   277.100006               8
   277.200012               8
   277.299988               8
   277.399994               8
   277.500000               8
   277.600006               8
   277.700012               8
   277.799988               8
   277.899994               8
   278.000000               8
   278.100006               8
   278.200012               8
   278.299988               8
   278.399994               8
   278.500000               8
   278.600006               8
   278.700012               8
   278.799988               8
   278.899994               8
   279.000000               8
   279.100006               8
   279.200012               8
   279.299988               8
   279.399994               8
   279.500000               8
   279.600006               8
   279.700012               8
   279.799988               8
   279.899994               8
   280.000000               8
   280.100006               8
   280.200012               8
   280.299988               8
   280.399994               8
   280.500000               8
   280.600006               8
   280.700012               8
   280.799988               8
   280.899994               8
   281.000000               8
   281.100006               8
   281.200012               8
   281.299988               8
   281.399994               8
   281.500000               8
   281.600006               8
   281.700012               8
   281.799988               8
   281.899994               8
   282.000000               8
   282.100006               8
   282.200012               8
   282.299988               8
   282.399994               8
   282.500000               8
   282.600006               8
   282.700012               8
   282.799988               8
   282.899994               8
   283.000000               8
   283.100006               8
   283.200012               8
   283.299988               8
   283.399994               8
   283.500000               8
   283.600006               8
   283.700012               8
   283.799988               8
   283.899994               8
   284.000000               8
   284.100006               8
   284.200012               8
   284.299988               8
   284.399994               8
   284.500000               8
   284.600006               8
   284.700012               8
   284.799988               8
   284.899994               8
   285.000000               8
   285.100006               8
   285.200012               8
   285.299988               8
   285.399994               8
   285.500000               8
   285.600006               8
   285.700012               8
   285.799988               8
   285.899994               8
   286.000000               8
   286.100006               8
   286.200012               8
   286.299988               8
   286.399994               8
   286.500000               8
   286.600006               8
   286.700012               8
   286.799988               8
   286.899994               8
   287.000000               8
   287.100006               8
   287.200012               8
   287.299988               8
   287.399994               8
   287.500000               8
   287.600006               8
   287.700012               8
   287.799988               8
   287.899994               8
   288.000000               8
   288.100006               8
   288.200012               8
   288.299988               8
   288.399994               8
   288.500000               8
   288.600006               8
   288.700012               8
   288.799988               8
   288.899994               8
   289.000000               8
   289.100006               8
   289.200012               8
   289.299988               8
   289.399994               8
   289.500000               8
   289.600006               8
   289.700012               8
   289.799988               8
   289.899994               8
   290.000000               8
   290.100006               8
   290.200012               8
   290.299988               8
   290.399994               8
   290.500000               8
   290.600006               8
   290.700012               8
   290.799988               8
   290.899994               8
   291.000000               8
   291.100006               8
   291.200012               8
   291.299988               8
   291.399994               8
   291.500000               8
   291.600006               8
   291.700012               8
   291.799988               8
   291.899994               8
   292.000000               8
   292.100006               8
   292.200012               8
   292.299988               8
   292.399994               8
   292.500000               8
   292.600006               8
   292.700012               8
   292.799988               8
   292.899994               8
   293.000000               8
   293.100006               8
   293.200012               8
   293.299988               8
   293.399994               8
   293.500000               8
   293.600006               8
   293.700012               8
   293.799988               8
   293.899994               8
   294.000000               8
   294.100006               8
   294.200012               8
   294.299988               8
   294.399994               8
   294.500000               8
   294.600006               8
   294.700012               8
   294.799988               8
   294.899994               8
   295.000000               8
   295.100006               8
   295.200012               8
   295.299988               8
   295.399994               8
   295.500000               8
   295.600006               8
   295.700012               8
   295.799988               8
   295.899994               8
   296.000000               8
   296.100006               8
   296.200012               8
   296.299988               8
   296.399994               8
   296.500000               8
   296.600006               8
   296.700012               8
   296.799988               8
   296.899994               8
   297.000000               8
   297.100006               8
   297.200012               8
   297.299988               8
   297.399994               8
   297.500000               8
   297.600006               8
   297.700012               8
   297.799988               8
   297.899994               8
   298.000000               8
   298.100006               8
   298.200012               8
   298.299988               8
   298.399994               8
   298.500000               8
   298.600006               8
   298.700012               8
   298.799988               8
   298.899994               8
   299.000000               8
   299.100006               8
   299.200012               8
   299.299988               8
   299.399994               8
   299.500000               8
   299.600006               8
   299.700012               8
   299.799988               8
   299.899994               8
